-8.750000e-01 nan -1.000000e+00
-6.250000e-01 nan -1.000000e+00
-3.750000e-01 nan -1.000000e+00
-1.250000e-01 nan -1.000000e+00
1.250000e-01 nan -1.000000e+00
3.750000e-01 1.606810e-02 1.684154e+03
6.250000e-01 3.886297e-01 2.645238e+01
8.750000e-01 6.260398e-01 1.662997e+01
1.125000e+00 8.827364e-01 6.567185e+00
1.375000e+00 1.137418e+00 7.554929e+00
1.625000e+00 1.374788e+00 4.769439e+00
1.875000e+00 1.642338e+00 4.872666e+00
2.125000e+00 1.866022e+00 4.047811e+00
2.375000e+00 2.124765e+00 2.673484e+00
2.625000e+00 2.383984e+00 2.136109e+00
2.875000e+00 2.627671e+00 1.988966e+00
3.125000e+00 2.868444e+00 2.178697e+00
3.375000e+00 3.124661e+00 1.689765e+00
3.625000e+00 3.371742e+00 1.711404e+00
3.875000e+00 3.621670e+00 1.461669e+00
4.125000e+00 3.880487e+00 1.326261e+00
4.375000e+00 4.109710e+00 1.027472e+00
4.625000e+00 4.381289e+00 1.075341e+00
4.875000e+00 4.627766e+00 1.217478e+00
5.125000e+00 4.878406e+00 1.001319e+00
5.375000e+00 5.120139e+00 9.532529e-01
5.625000e+00 5.371327e+00 9.650028e-01
5.875000e+00 5.622151e+00 6.889118e-01
6.125000e+00 5.873491e+00 7.290276e-01
6.375000e+00 6.121983e+00 5.781186e-01
6.625000e+00 6.373430e+00 7.385720e-01
6.875000e+00 6.631370e+00 6.341526e-01
7.125000e+00 6.872215e+00 6.747442e-01
7.375000e+00 7.125672e+00 4.355858e-01
7.625000e+00 7.369830e+00 5.905658e-01
7.875000e+00 7.628939e+00 8.428540e-01
8.125000e+00 7.873515e+00 7.482493e-01
8.375000e+00 8.124434e+00 5.027496e-01
8.625000e+00 8.375910e+00 7.065476e-01
8.875000e+00 8.629302e+00 5.398432e-01
9.125000e+00 8.877753e+00 4.554900e-01
9.375000e+00 9.125772e+00 3.965976e-01
9.625000e+00 9.372849e+00 4.482641e-01
9.875000e+00 9.626920e+00 3.665280e-01
1.012500e+01 9.878108e+00 4.992224e-01
1.037500e+01 1.012398e+01 3.793554e-01
1.062500e+01 1.037306e+01 4.869339e-01
1.087500e+01 1.062640e+01 3.666187e-01
1.112500e+01 1.087800e+01 4.160434e-01
1.137500e+01 1.112270e+01 2.937109e-01
1.162500e+01 1.137424e+01 3.031585e-01
1.187500e+01 1.162541e+01 3.048400e-01
1.212500e+01 1.187496e+01 3.372227e-01
1.237500e+01 1.212647e+01 2.445182e-01
