nan nan
8.899641323548096450e-02 4.004957449672654093e+03
1.448080953624513445e-01 2.318005103696870265e+03
1.950822866625256113e-01 1.052330740270944261e+03
2.418344986082902603e-01 8.780869254906790502e+02
2.844150324662526597e-01 5.347516604098333346e+02
3.311492092627331685e-01 4.561328536272518477e+02
3.854527006682739732e-01 3.844960703698789075e+02
4.379760757023590800e-01 3.429259451168929331e+02
4.845354905265206735e-01 2.585292785773959849e+02
5.331869425000370644e-01 2.236912789346080785e+02
5.864416905016403003e-01 1.966340698445466728e+02
6.393143479449987510e-01 1.636264630051388735e+02
6.875509482501400704e-01 1.544354929950082465e+02
7.360532472319636366e-01 1.300095116952942931e+02
7.867697342078286971e-01 1.259335565808640212e+02
8.376194660778666368e-01 9.879617412335740312e+01
8.876896880604894235e-01 9.565018383411414504e+01
9.363402658038668669e-01 7.735678047869414797e+01
9.849243849049101884e-01 7.457465500828062943e+01
1.033922473950819487e+00 6.390510501210597738e+01
1.083968788523273830e+00 6.260806858757062798e+01
1.133915541218776246e+00 5.905810065730321412e+01
1.183819436428001248e+00 5.580100175905043614e+01
1.235159589274556602e+00 4.808374979206050170e+01
1.285686788879907949e+00 4.243636343467301231e+01
1.335577748586906033e+00 4.655798843080529537e+01
1.385007992768898966e+00 3.834268572246462270e+01
1.434761006508366910e+00 3.556845337214465985e+01
1.483809371322070803e+00 3.505063011634688053e+01
1.534060792161507925e+00 3.159178218355079082e+01
1.585002278264664888e+00 3.001646713376689490e+01
1.635527410472897403e+00 2.835913980132006884e+01
1.685676391865528423e+00 2.679437603218269714e+01
1.734789433360194755e+00 2.491128295445633967e+01
1.784875565396764951e+00 2.617015917084648891e+01
1.835586570008190588e+00 2.376294885373052068e+01
1.885448157908552691e+00 2.011567259203664548e+01
1.935207439362316428e+00 2.075119632629059652e+01
1.985052992803765015e+00 1.920644904251935259e+01
2.035079590713408937e+00 1.605570342648105964e+01
2.085261259228671005e+00 1.599081450007173544e+01
2.135521812674741060e+00 1.542541427279148536e+01
2.185539865877868859e+00 1.561796247568604201e+01
2.234928417494250752e+00 1.530887173783389699e+01
2.285020483940173541e+00 1.302506537239763418e+01
2.335227126917563290e+00 1.322843801694504862e+01
2.385597458206195398e+00 1.219502649000217787e+01
2.435604585857625182e+00 8.767546879539409588e+00
2.485423401501763330e+00 9.230262233742621447e+00
2.535218303430096576e+00 8.952778246186142042e+00
2.585301717955153844e+00 7.964046255828137078e+00
2.635310621692829258e+00 8.587458982796917439e+00
2.684883533713459336e+00 8.877904128340219359e+00
2.734760511342632316e+00 8.403197733100299160e+00
2.784962555331770062e+00 8.143914491401588407e+00
2.835387565949985422e+00 6.305431236060400124e+00
2.885384254562536110e+00 5.961868188929230428e+00
2.935452697317705084e+00 4.662229606597321663e+00
2.985584946861008060e+00 3.769044687700343843e+00
3.035281973877222761e+00 4.345736194609983727e+00
3.084822103129104764e+00 5.254728803231401457e+00
3.135015350087773989e+00 3.371130211590894987e+00
3.185847982026314362e+00 4.024120525122199865e+00
3.235464408484991061e+00 3.678344631589936853e+00
3.285149658618915502e+00 3.128620520521167236e+00
3.335370615645364634e+00 2.911106584806461228e+00
3.385209898508314996e+00 3.244120162805955943e+00
3.434934112077638879e+00 3.483715983014306516e+00
3.484151880424383396e+00 1.777797602772238861e+00
3.534737654629889203e+00 1.531260849295350113e+00
3.585624261789238432e+00 2.154760771304538025e+00
3.635262333854326844e+00 2.504115284886495374e+00
3.685039256951247122e+00 1.179545427403112967e+00
3.735233298459508244e+00 1.626673948314405038e+00
3.785147580586893934e+00 2.171307490439815524e+00
3.835695018070195861e+00 1.987499666369203055e+00
3.885539873192506377e+00 1.200992509236385786e+00
3.934696648644303352e+00 1.278968881091316234e+00
3.985162965584265304e+00 8.234894092249902542e-01
4.035471487646510091e+00 1.160966891235247545e+00
4.085372705036187213e+00 1.984755013158689962e-02
4.135141121895999028e+00 8.051507350179463174e-01
4.184482326706712385e+00 8.916079560535621340e-01
4.234523823648805418e+00 -2.048334596787526607e-02
4.284609124085813292e+00 -4.626083984084061740e-02
4.334887301479964705e+00 6.907946900425798731e-01
4.385302499000811594e+00 -3.087060571881039550e-01
4.435186196473425824e+00 2.622662928681762651e-01
4.485197364325797409e+00 4.936078033646253971e-01
4.535537527983671602e+00 -8.694431883675690642e-02
4.585513271404134450e+00 -3.988659760731394499e-01
4.634965284950676612e+00 -1.271603561314691433e-01
4.684823536717123815e+00 1.874058733379087016e-01
4.735220518702936587e+00 -4.440048346477567520e-01
4.785263605082985983e+00 -7.206410433940391158e-01
4.835259232697663556e+00 -8.236136233911395266e-01
4.885376870001424621e+00 3.035967415293328031e-02
4.935301902824286380e+00 -6.292849117616157173e-01
4.985473083840958886e+00 -5.901150081551094218e-01
5.035412558343983491e+00 -7.551466487994389354e-01
5.085460294222076350e+00 -7.314876028500378879e-01
5.135289803448600310e+00 -1.000261482375762512e+00
5.185032520573041204e+00 -8.306394805176182672e-01
5.234850251783559116e+00 -9.991971994625288289e-01
5.284974752151396338e+00 -1.056310720821230120e+00
5.335255304675732724e+00 -4.173476858938869327e-01
5.385226941869014183e+00 -1.403478109489526560e+00
5.435093414465236528e+00 -1.061302218969274236e+00
5.485028900036975408e+00 -1.462555863717611260e+00
5.535369898797608990e+00 -1.418428460639987065e+00
5.585317464617740590e+00 -1.186597094698868204e+00
5.634959412056486094e+00 -1.330884152347806548e+00
5.685029758810561162e+00 -1.879785998055055529e+00
5.734808126101578196e+00 -1.014118132273338801e+00
5.785204671217075933e+00 -8.237672320370563739e-01
5.835595383591638097e+00 -1.932686283610564715e+00
5.885099705458816111e+00 -1.342550752073648823e+00
5.934848410668140950e+00 -7.347954479901943614e-01
5.985196547442282800e+00 -1.519106156269998564e+00
6.035486174940983162e+00 -1.143837966851577903e+00
6.085325279241985186e+00 -1.843070480824749779e+00
6.135085486579567871e+00 -1.504552706978500964e+00
6.184888436502457232e+00 -1.373742786038405939e+00
6.235029371165762058e+00 -1.491805334644439540e+00
6.285013590301256947e+00 -8.873750406492462162e-01
6.334991409707096288e+00 -1.816201634235852680e+00
6.385041519748988925e+00 -1.557600917553600084e+00
6.434975721315313812e+00 -1.524885676769287102e+00
6.485280363044087615e+00 -1.216923825529548253e+00
6.535416874783217978e+00 -1.663255733241783219e+00
6.585380878873609234e+00 -1.178208935890211251e+00
6.635104421514804507e+00 -1.615785307944676674e+00
6.684781936645507905e+00 -1.635888638179977761e+00
6.735145019191668858e+00 -1.209452662572417125e+00
6.785484310639345651e+00 -1.233488048952025906e+00
6.835069983673240479e+00 -1.474446834660014360e+00
6.884859417295578154e+00 -1.317978999786049599e+00
6.935355612194037178e+00 -1.216507012491419459e+00
6.985394515797676895e+00 -1.717255814202687247e+00
7.034922173494991604e+00 -1.262796987913660018e+00
7.084541644025414087e+00 -1.813203378219327533e+00
7.134492388478031799e+00 -1.605864189912807660e+00
7.184836085760269775e+00 -1.812294971462534932e+00
7.235281431471350722e+00 -1.366841661878623881e+00
7.285158542839955231e+00 -1.515138087365201613e+00
7.334994866462388963e+00 -9.890923148068111459e-01
7.385036014789000625e+00 -1.099837989113922276e+00
7.435042277965444590e+00 -1.474026084459566732e+00
7.485223592156194705e+00 -1.190138592903096537e+00
7.535266472986156039e+00 -1.604519568108429439e+00
7.585148990618067799e+00 -1.154998736711135621e+00
7.635267236183615580e+00 -1.208858381704303042e+00
7.685330414506132080e+00 -1.476962010430185046e+00
7.735344685230187700e+00 -1.042997788714359331e+00
7.785330483772995969e+00 -1.341226922260190690e+00
7.834761832474934629e+00 -1.169630242319541935e+00
7.884484420735616617e+00 -1.135441023829642404e+00
7.934886275689092550e+00 -8.388550025064489546e-01
7.985027633925892765e+00 -1.141801201347220740e+00
8.034964647769141877e+00 -1.003449067952317364e+00
8.085037081011565263e+00 -8.877983886811762204e-01
8.135210740574738253e+00 -9.038683935475262388e-01
8.185171412298620552e+00 -9.898741779263247054e-01
8.234851685324960258e+00 -4.802046260966079672e-01
8.284952683584384303e+00 -9.537242110852588439e-01
8.335101055446942908e+00 -9.593393183349121500e-01
8.385121635699965381e+00 -4.682997946904663422e-01
8.435202770999854494e+00 -7.466453077292669605e-01
8.485152015979231521e+00 -6.142527426738411123e-01
8.534970558995501833e+00 -1.187456397929693708e+00
8.584943353041420977e+00 -8.231098722236964704e-01
8.635099409501286516e+00 -8.489159032141202488e-01
8.685126877716973226e+00 -8.666981291384132646e-01
8.735139517930596398e+00 -8.395621027688235927e-01
8.785167076524256657e+00 -8.929097064090711910e-01
8.834939158351296840e+00 -8.066521757495621614e-01
8.884964740422104157e+00 -6.294635370053924817e-01
8.935124000705533476e+00 -7.155371540685280252e-01
8.985127489085840580e+00 -1.181586658138201074e+00
9.035265046452737536e+00 -1.021345595214654622e+00
9.085196565938222335e+00 -6.519903592358815558e-01
9.134926709958008928e+00 -4.695362235043347710e-01
9.185157474150241086e+00 -7.495737116490488461e-01
9.235291320298310680e+00 -2.691155797137128047e-01
9.285092122152331484e+00 -7.681891869131902695e-01
9.334907817633720128e+00 -3.849207436384176617e-01
9.384925913340945058e+00 -4.996371381028268388e-01
9.435005700254814442e+00 -2.839155445985852566e-01
9.484846973764282652e+00 -6.844317957476420133e-01
9.535053339925784854e+00 -4.876655226992738790e-01
9.585148484630341414e+00 -5.653569867301513341e-01
9.635175604414920159e+00 -5.109909635836373809e-01
9.685272388073006056e+00 -4.144457863236539197e-01
9.735267651789188292e+00 -4.064594654048505618e-01
9.785106718646577662e+00 -6.965443804826492169e-01
9.835036654763204211e+00 -6.218792043883496490e-01
9.885080117034645397e+00 -7.725308609742285171e-01
9.935053116209049406e+00 -4.166258201967565356e-01
9.985047954935728498e+00 -3.055514154071232724e-01
1.003493641968782235e+01 -3.813594335123156043e-01
1.008496760761574507e+01 -2.884644171516868028e-01
1.013505517142033696e+01 -4.867522065536320497e-01
1.018499348439089580e+01 -2.749515036591247963e-01
1.023485181331652605e+01 -2.892512862833029885e-02
1.028490076264209918e+01 -1.438308495321223290e-01
1.033508016021523979e+01 -4.162112843668808182e-01
1.038503814993866037e+01 -4.667026862258012443e-01
1.043506092056377987e+01 -3.633841162324813467e-01
1.048500648683518222e+01 -3.300600445190298160e-01
1.053492467464587357e+01 -1.035054109773057007e-01
1.058493633210190055e+01 -3.517560348265647008e-01
1.063496141493038571e+01 -4.142136656775079473e-01
1.068510956159988190e+01 -3.916942557463301000e-01
1.073519324482465542e+01 -6.001597619291487717e-02
1.078499374610442985e+01 -1.859838382728469242e-01
1.083498852684137681e+01 -1.856318953185507326e-01
1.088532717033764108e+01 -3.131294657514729352e-01
1.093533967140946928e+01 -3.183677806393916399e-01
1.098516814213459369e+01 -2.651695525793940078e-01
1.103487009664334018e+01 -2.925094362233551237e-01
1.108482779519205685e+01 -4.383203998193607731e-01
1.113497951311520850e+01 -5.427147326844306008e-02
1.118504655472112930e+01 -1.249474731195192589e-01
1.123510664327012165e+01 -3.683554872955880910e-01
1.128492672628014759e+01 -4.711172264004517274e-01
1.133483676091637449e+01 -4.652089745995624526e-01
1.138496869555097213e+01 -4.647279899254073143e-01
1.143488632814817052e+01 -4.448481521627627444e-01
1.148507158105109838e+01 -4.015289460362367890e-01
1.153512077344084652e+01 -2.179308345377961587e-01
1.158496874923152120e+01 -8.719540553428828389e-02
1.163503447483404862e+01 -2.912412792480836288e-01
1.168514574175370413e+01 -3.278723600189294984e-01
1.173520144267176768e+01 -4.524026476660338858e-01
1.178499978579660024e+01 -2.452801956856234256e-01
1.183489361131316109e+01 -3.605721073361962681e-01
1.188508688648073353e+01 -2.699311741878744897e-01
1.193507368630230303e+01 -5.291122138351056492e-02
1.198501534283204073e+01 -2.161720913989739756e-01
1.203499287021151787e+01 -5.400051347211842767e-02
1.208500207354710376e+01 -5.234154785583342573e-01
1.213511755040241447e+01 -1.289337320057910574e-01
1.218508185768859775e+01 -6.797725511087548966e-02
1.223499578229461093e+01 2.100734618821746835e-01
1.228482496548857839e+01 -1.720115938807253997e-01
1.233472258167685354e+01 -1.659189140789294470e-01
1.238495919658963373e+01 -1.163716305101729631e-01
1.243501623080759977e+01 -4.363504577553101171e-02
1.248498520461935968e+01 1.350481567584438380e-02
1.253491772764473389e+01 -8.516166536126945630e-02
1.258505667599542477e+01 -4.218109687938209618e-01
1.263533194845266294e+01 7.772735770645056164e-02
1.268509781067005449e+01 -5.548253844452233352e-02
1.273496424556897288e+01 -5.759028130346166563e-02
1.278509996901004975e+01 -1.578886855242274123e-01
1.283513809744099454e+01 -1.084710683525429431e-01
1.288513662977390872e+01 -3.416952830876454072e-01
1.293516775797505858e+01 3.837895081828435195e-02
1.298508564746807004e+01 -1.859636487807847516e-02
1.303485050444322191e+01 6.217210822106267187e-02
1.308477248822843464e+01 1.756274786555565015e-01
1.313495048384857000e+01 5.584876749870204549e-02
1.318508214353928665e+01 1.963550474961550663e-02
1.323498058186023130e+01 4.905458324438427553e-02
1.328501693617584500e+01 -2.816315741505519554e-01
1.333523870267546485e+01 -9.131209769287806921e-02
1.338517858123485915e+01 -4.644335242559805010e-02
1.343509981213488302e+01 -3.599743036184577250e-02
1.348497851692220806e+01 1.572257778286996199e-01
1.353502032703213587e+01 -2.861388430051192699e-02
1.358510348967521608e+01 9.988254874266999650e-02
1.363504968078970769e+01 -1.708617458329939609e-01
1.368512606201380066e+01 5.126542246685517057e-02
1.373499467664954388e+01 -5.691234800082156653e-03
1.378492307579496234e+01 5.854960619913640585e-03
1.383507424762243687e+01 1.261038774250664574e-01
1.388511084066553458e+01 2.897171939333418322e-01
1.393507568847607203e+01 5.243820660730591499e-02
1.398506445617934446e+01 -3.067445988902761655e-02
1.403502933207308878e+01 -6.939686675812595240e-02
1.408509116651932658e+01 3.692209424086456693e-02
1.413501876932126322e+01 -1.557934133370508789e-02
1.418492186532934873e+01 -6.696190497231668814e-02
1.423490351986086466e+01 -5.748340570789878257e-03
1.428504941701871722e+01 -1.438199407444074041e-01
1.433512393770669036e+01 -1.311617933548205883e-01
1.438498778231173958e+01 -8.972787834004236629e-02
1.443505469180176348e+01 1.143853702525490235e-01
1.448509396921661008e+01 4.715931823888297458e-02
1.453500725043747011e+01 -3.309368944414359248e-03
1.458506203599850082e+01 2.315305354920411673e-01
1.463510945522735618e+01 5.149928979045625965e-02
1.468518338522024536e+01 2.157056467172679959e-01
1.473511674948366057e+01 -5.267232734965432428e-03
1.478499469255191379e+01 -9.697616776371376091e-02
1.483519165114115879e+01 2.706854392036177615e-01
1.488517752652281168e+01 2.446643306498117454e-01
1.493491330480827983e+01 -3.432907021191056174e-02
1.498495676551141820e+01 8.645851867322562612e-02
1.503511884068045923e+01 1.042461528140137261e-01
1.508508315088700869e+01 -5.899956050566856902e-02
1.513503556379768966e+01 -5.781079814369149972e-02
1.518499676732287540e+01 -8.425410017208889712e-02
1.523508436290063095e+01 -4.496569714109455163e-02
1.528522781999686053e+01 -1.529335121803399034e-02
1.533502167931889559e+01 1.182929272563626455e-02
1.538498481261066075e+01 1.410224804436381874e-01
1.543513611943905417e+01 1.567060297425797444e-01
1.548505834224075706e+01 1.632706464511528566e-01
1.553504763409418921e+01 2.081377455795063725e-03
1.558510724608531106e+01 4.798261939416192945e-02
1.563520755254619132e+01 -1.096024655644356471e-01
1.568514954075441636e+01 -4.948690076182060693e-02
1.573497001906558346e+01 6.844037612080455801e-02
1.578501951482137855e+01 1.093370271601514787e-01
1.583505996699327234e+01 1.639273911520575666e-01
1.588504732433563937e+01 -1.147709540844630283e-01
1.593492601146461141e+01 2.273452453279105612e-01
1.598497954552474276e+01 2.159463395034606492e-01
1.603519544557364185e+01 1.135899119904593135e-02
1.608505934770346002e+01 6.046697182463844911e-02
1.613492369455208220e+01 1.368308731274225920e-02
1.618487545351322154e+01 3.072718259926432438e-02
1.623491462415037034e+01 7.085147822658655059e-02
1.628502566686339392e+01 1.532409910124954422e-01
1.633514483849683430e+01 -1.539225561489843130e-02
1.638505554887958837e+01 1.845083955507220708e-01
1.643503370695393073e+01 9.444390002890656888e-02
1.648511919866944808e+01 1.658918670687086205e-01
1.653520949175244326e+01 1.755249210563079032e-01
1.658506906510178069e+01 3.378863669560416838e-02
1.663488141241765206e+01 1.694087358242200025e-01
1.668486705482716204e+01 1.219784670327754839e-01
1.673492103191636104e+01 7.071154931024636880e-02
1.678500937030894846e+01 -1.411439926504414188e-01
1.683496483388560350e+01 1.949707160009523932e-01
1.688490029853898733e+01 -6.828353108130613691e-02
1.693486900501934400e+01 -1.014106128940142071e-01
1.698500806291582776e+01 -4.186086214819795259e-02
1.703516048416506479e+01 1.074755674454337395e-01
1.708509007434781068e+01 -2.268105489860090529e-01
1.713498442939637201e+01 6.713984091193481163e-02
1.718492428173238196e+01 -4.120029539893721449e-02
1.723486141856428233e+01 3.587408269063985244e-02
1.728495617542862206e+01 -4.972618724295330139e-03
1.733506984443393506e+01 1.863663203137093660e-01
1.738497568670722160e+01 -1.692345722817236719e-01
1.743490614939463157e+01 -1.391536047257915243e-01
1.748496913497200467e+01 1.115735389573160319e-01
1.753507445822357624e+01 9.573014736538709712e-02
1.758513482966695562e+01 -1.666467270267446565e-02
1.763511755933055269e+01 -1.299218880208456994e-01
1.768508466776422239e+01 -2.723935256730669607e-02
1.773505073952180311e+01 -4.323373650103690125e-02
1.778508782630178686e+01 -1.428324672381222626e-01
1.783504284633070824e+01 1.703823871703491477e-01
1.788499742965798589e+01 1.190310983860314309e-01
1.793498972719416429e+01 1.177207972063598618e-01
1.798499848428144787e+01 -2.717468249068133446e-02
1.803510953377203663e+01 -6.990288741269523598e-02
1.808516677532512062e+01 -1.394224707766369420e-01
1.813507550829074688e+01 1.218816853578630344e-02
1.818496845642778936e+01 6.739918797509858450e-02
1.823497139660265276e+01 6.535338880588881239e-02
1.828507879191377228e+01 1.200378897233207454e-01
1.833510418824468857e+01 6.605013761033262654e-02
1.838506948334563873e+01 8.109669308963418644e-02
1.843507536407004466e+01 -1.934075015576297574e-02
1.848504942076525737e+01 1.777659059163454458e-01
1.853507441616272544e+01 -8.756602558079862320e-03
1.858511879045116899e+01 8.020102587008182127e-02
1.863495525648787421e+01 -1.320761062292064025e-01
1.868488130392274016e+01 -9.089394331070366206e-03
1.873504875184114482e+01 -8.598961600289101170e-02
1.878514388429111648e+01 1.401949603930177091e-01
1.883511007463363995e+01 -6.483417700563620656e-02
1.888497244834255895e+01 -3.066166052782648421e-02
1.893485641817745346e+01 -1.139977481844880458e-01
1.898490619453832551e+01 3.928485826109806567e-02
1.903488786107232045e+01 2.669077920227778122e-01
1.908487881142723097e+01 2.359374425593045999e-01
1.913492348207432414e+01 4.620525297382016561e-02
1.918501168728120021e+01 5.914473492718741454e-02
1.923514124826581906e+01 7.828498751882762008e-02
1.928506748334755017e+01 1.239016049527066343e-01
1.933495430610808086e+01 1.480048790715784435e-01
1.938494634755015866e+01 1.315091815838229650e-01
1.943493914899500297e+01 -2.103396157814074741e-02
1.948497893127760250e+01 1.385405563454327194e-01
1.953503482368078537e+01 5.912329396140592053e-02
1.958498207675637559e+01 -6.096005295546547131e-03
1.963504343592175871e+01 3.064893762958149637e-01
1.968503863116305297e+01 2.089179835521974837e-01
1.973506536610938156e+01 3.077634394518753425e-01
1.978512121103143784e+01 3.150247881843881714e-02
1.983496687045177964e+01 1.727431625538144999e-02
1.988498280723141320e+01 1.527827245307378234e-02
1.993508900434436626e+01 1.207183937744957802e-01
1.998508408833317418e+01 1.268884811105834842e-01
2.003507324128244704e+01 -7.868680914431536166e-02
2.008505399653831702e+01 2.698360659717025101e-02
2.013499669309325313e+01 1.402627125742981207e-01
2.018502569446345518e+01 1.940318403379421852e-01
2.023503536485620202e+01 1.317131071573953705e-01
2.028511407188591065e+01 1.902242747058124905e-01
2.033506684544470744e+01 1.799788339487662370e-01
2.038493053717687786e+01 1.213093565179121924e-01
2.043503656635626342e+01 1.026827257017544071e-01
2.048515681613748640e+01 1.450036027985390774e-01
2.053512184950790243e+01 7.801287632157993812e-02
2.058506579015766036e+01 -1.295184360292012116e-02
2.063503949539584070e+01 3.069100086064224797e-02
2.068496726901411620e+01 -1.138797851481854195e-02
2.073499283942112825e+01 2.287980965311646742e-01
2.078510852351926275e+01 -3.063955767548520726e-02
2.083507144762231178e+01 1.729473996245189937e-01
2.088503448202894930e+01 -1.749421402695503502e-01
2.093502569401122670e+01 6.454058828495590205e-03
2.098501092220254804e+01 9.169486561556539073e-02
2.103489933635630749e+01 1.150325944012138280e-01
2.108484379460264790e+01 1.027705664348843584e-02
2.113497050350854778e+01 1.711340416903794903e-02
2.118501489664703996e+01 1.756327407839108901e-01
2.123500322597652001e+01 4.204726543731851507e-02
2.128496140673073000e+01 -3.015983058779170278e-02
2.133497759989855780e+01 -7.065393978436418365e-02
2.138501427804164834e+01 1.043496558234835447e-02
2.143512307678850348e+01 6.628620270291207817e-03
2.148520101455627085e+01 6.872958840864384911e-02
2.153506198237843705e+01 1.473921745443789177e-01
2.158501725909731306e+01 5.110213881600600416e-02
2.163513192522731643e+01 8.483209390294632612e-02
2.168511393406111054e+01 8.796318239232903125e-02
2.173504372356545389e+01 1.108628511246365633e-01
2.178497281075374303e+01 2.091081088137229926e-01
2.183494731131466438e+01 2.000945688060085104e-01
2.188500823254057082e+01 1.394409226932680212e-02
2.193509886117685070e+01 -2.122544485274602266e-02
2.198516119020909798e+01 1.794175272494982210e-01
2.203505025422927233e+01 -1.002057515399883414e-01
2.208496894321325854e+01 -1.115589916290247174e-01
2.213503419908408887e+01 -5.921268222553521809e-02
2.218516000856649484e+01 6.080210006781783250e-02
2.223516154100823528e+01 -9.573590635004336491e-02
2.228504923601680332e+01 -1.609123562114689321e-02
2.233504290137151926e+01 -1.095426557561012260e-01
2.238504178238817488e+01 -9.892035390510045545e-02
2.243506292974217686e+01 1.199609444030897976e-01
2.248498010803980307e+01 1.084159074192569960e-01
2.253497408768199151e+01 -5.132085551906584442e-04
2.258504576314178891e+01 -6.464965381979936865e-02
2.263501755529657089e+01 -5.641025199042815075e-02
2.268497133650677711e+01 -1.581800227111642698e-01
2.273496946975517119e+01 -3.495233762001248579e-02
2.278495606365159531e+01 -4.457970767347774199e-02
2.283504517344439222e+01 7.366246493774042392e-03
2.288515384815983467e+01 9.166917631159776647e-02
2.293513970257658485e+01 -1.542762998196423041e-01
2.298499895949208849e+01 5.513744701804057513e-02
2.303494368627049482e+01 6.255441759869029283e-02
2.308506613449876355e+01 7.373492983640517195e-02
2.313508392148495574e+01 -8.143281214145758895e-03
2.318502453278797404e+01 -9.585289179138101190e-02
2.323497485065410117e+01 2.449186774859413163e-02
2.328497090944668102e+01 -9.573777716273923488e-02
2.333499385253491454e+01 -2.294416238090946081e-01
2.338498727106783193e+01 -1.089664235871339315e-01
2.343501191119998239e+01 -2.269139494329692752e-01
2.348496544655622387e+01 1.116233326771975953e-02
2.353495792677599496e+01 -1.350683451807981328e-01
2.358500365650586872e+01 -1.078740928613370897e-01
2.363496159683297293e+01 -7.331951208631437567e-02
2.368501138596607802e+01 -1.034070985401598364e-01
2.373498470094738977e+01 -7.480399673318061105e-02
2.378496214819288213e+01 -9.651834484651544699e-02
2.383497596387970674e+01 -2.077504254930033767e-01
2.388498789192226113e+01 5.197222178671268011e-02
2.393503375318008253e+01 -2.670362919407835989e-01
2.398501935373159100e+01 -8.807594733994505987e-02
2.403496569110036774e+01 -1.975935504542434273e-01
2.408498673386322153e+01 -2.399168605423938061e-01
2.413506042996912626e+01 -1.815890701540467944e-02
2.418502307876385871e+01 -8.156902591892389864e-03
2.423492163595081550e+01 2.468113018483109045e-02
2.428490428825202585e+01 2.697618119785261115e-02
2.433496680196650530e+01 7.739878047766524105e-02
2.438512209170648148e+01 -5.907051128474449797e-02
2.443514839901259350e+01 -1.768241342676191152e-01
2.448509052949892961e+01 -1.066855417236070025e-01
2.453509143701500861e+01 -1.217180412113805232e-01
2.458502365090511788e+01 2.196097223639981166e-02
2.463504153640463201e+01 5.747114716854184735e-03
2.468508194249478649e+01 -2.179568778920497607e-01
2.473503958790242407e+01 -1.910169072695708792e-01
2.478500304505123708e+01 -1.218344518606642168e-01
2.483507100557675784e+01 -1.570540006460561244e-01
2.488511954357796441e+01 -9.236949430338370348e-02
2.493506250080584152e+01 4.361915312671271749e-03
2.498502129798272975e+01 -1.348796394176048352e-01
2.503501437401748220e+01 -3.086600806599193447e-01
2.508506646650047855e+01 -2.329184495195022464e-01
2.513508907173123674e+01 -1.303913570950641088e-01
2.518507998159773820e+01 -8.610997605083525741e-02
2.523505185786540750e+01 -2.314376336641998932e-03
2.528493522995301390e+01 -1.199165651062372717e-01
2.533497298671538545e+01 -1.704194984218929676e-01
2.538502983866438711e+01 -1.430731986240516562e-01
2.543495840570060551e+01 -8.014881715649835314e-02
2.548490619549177083e+01 -1.166651663566824482e-01
2.553504240236605227e+01 -1.552170794629148531e-02
2.558513992818135208e+01 -1.267545997436911875e-01
2.563511225024596385e+01 -1.833923154266585698e-01
2.568502585376510083e+01 -4.888935750402367830e-02
2.573498204820310065e+01 6.282032930627678979e-03
2.578500790559889566e+01 -8.612190350351056622e-02
2.583497123978640531e+01 -3.041913382176630876e-02
2.588498768970100627e+01 -5.544965754991437734e-02
2.593504047435509818e+01 -5.104654481013426448e-02
2.598492966214148936e+01 2.523018527654130594e-02
2.603490575269462681e+01 -1.448040000792900628e-01
2.608498537799486172e+01 4.831853375210926060e-02
2.613498443791063153e+01 -1.108033052675239105e-01
2.618506832819802099e+01 -8.679263504626533177e-02
2.623502416925955671e+01 4.938094321744301851e-02
2.628500242861670344e+01 -1.143687003507096733e-01
2.633505458811568190e+01 3.350012978280858533e-02
2.638505163208250437e+01 -1.603304869306754199e-01
2.643507388196501040e+01 -8.942188828112307419e-02
2.648507376463455287e+01 -2.394758899419571208e-01
2.653501897948297028e+01 -2.493273123427570681e-01
2.658500608304605706e+01 -3.713063560756779680e-02
2.663500634603502704e+01 -3.194695636030076002e-02
2.668499674593755699e+01 -2.074823220844450589e-01
2.673507012876124023e+01 -7.221879935434571962e-02
2.678510131184463461e+01 -3.562690045332317368e-02
2.683506136577998191e+01 -4.989564307810212540e-02
2.688505297879097711e+01 -1.082003794428345600e-01
2.693504435016774679e+01 -4.345513799177069814e-02
2.698504814319771228e+01 -2.210556701347030639e-01
2.703494373337554890e+01 1.624803873596647463e-02
2.708497938352233092e+01 -1.132280755553836116e-01
2.713508632778151508e+01 -4.966405872821155754e-02
2.718506074587872945e+01 -1.588138637968086186e-01
2.723503231188058749e+01 -1.431653956455818388e-01
2.728504324376617163e+01 -1.037248523108615927e-01
2.733507363034057747e+01 -1.286411127308184632e-01
2.738505164772542599e+01 -1.103647804495579976e-01
2.743504695427340678e+01 -6.506759231814385203e-02
2.748503541076832590e+01 -5.667150302772938630e-02
2.753504854886516995e+01 -7.235906585114548761e-02
2.758506909532711049e+01 -1.009907668610878773e-01
2.763503959560177492e+01 -1.776399211545651724e-01
2.768493112797089140e+01 -1.365110657153962848e-01
2.773486671198879705e+01 -5.757912642667406544e-02
2.778493406100407626e+01 -1.680485311052137831e-01
2.783494474738006019e+01 -2.730774992943310053e-01
2.788491097421039200e+01 -1.575426848849019734e-01
2.793491799818713872e+01 -1.645093623330780019e-01
2.798497835561302693e+01 -2.477411624241199206e-01
2.803500194300229609e+01 -1.582786675132581422e-01
2.808497359419805051e+01 -1.966122612868446140e-01
2.813500712900244238e+01 -1.450037690326126949e-01
2.818498298316923822e+01 -3.039758298895094413e-01
2.823501278705563422e+01 -2.414345734839571378e-01
2.828508221076129558e+01 -1.823211843224328277e-01
2.833502532700387277e+01 -1.297081162952764544e-01
2.838497482624182666e+01 -1.836329087023642614e-01
2.843501034830992680e+01 -2.576496351544506069e-01
2.848502647862418868e+01 -1.087926313150688884e-01
2.853508393835680224e+01 -1.743503589407424670e-01
2.858501657709735255e+01 -8.302381586513263301e-02
2.863498054340625742e+01 -2.003661582074300895e-01
2.868501636720259995e+01 -5.414827595004112482e-02
2.873503316835737564e+01 -2.693539464522416438e-01
2.878503498814174577e+01 -1.183059848085576959e-01
2.883499190836502279e+01 -3.299699173171291022e-01
2.888498631502357483e+01 -2.037080443139274166e-01
2.893495000626588265e+01 -1.804146663814520934e-01
2.898500036432614380e+01 -1.310577693904804164e-01
2.903509861546637438e+01 -2.810616669036392068e-01
2.908509207483089298e+01 -2.118857976486623329e-01
2.913504495481950229e+01 -1.620317050019650651e-01
2.918500836395550735e+01 -1.799702667419040836e-01
2.923495718662698550e+01 -1.087759107986414620e-01
2.928496207259495421e+01 -1.726083612604867312e-01
2.933507426259881257e+01 -2.701055538474719242e-01
2.938508181516578688e+01 -1.828247582332380716e-01
2.943498225301185300e+01 -2.149835302297873341e-01
2.948499858116320738e+01 -8.066051724703982018e-02
2.953503956580185985e+01 -1.704384473452762450e-01
2.958499896666411288e+01 -2.567965683805795152e-01
2.963499333290878823e+01 -1.382499480254608670e-01
2.968503373938486689e+01 -7.542208510332670812e-02
2.973501494685912405e+01 -1.737291494168005102e-01
2.978501452515847703e+01 -2.565560613446393745e-01
2.983502715796966243e+01 -2.169759378641344938e-01
2.988500919213149487e+01 -2.575828112185263308e-03
2.993496485179967692e+01 -1.507608677574410194e-01
2.998492561128389156e+01 -1.203324749914571612e-01
3.003499817560929586e+01 -1.626767046156771812e-01
3.008502556456793897e+01 -7.864900914772476881e-02
3.013494008816754999e+01 -2.000102038020799000e-01
3.018492673547769911e+01 -2.310171100269826638e-01
3.023500315153119189e+01 -1.561749245591101953e-01
3.028498131448523623e+01 -1.907901306755235282e-01
3.033495417861680465e+01 -1.568653836811506608e-01
3.038498345260273936e+01 -1.609844690864861150e-01
3.043498939861261121e+01 -2.323650345083478896e-01
3.048502194613474714e+01 -1.357601389030520522e-01
3.053502301362196647e+01 -1.108158122073348295e-01
3.058495949956653348e+01 -2.491121061458301256e-01
3.063489983455229648e+01 -1.339705457869087013e-01
3.068497696715034095e+01 -1.982201961357503706e-01
3.073509074860540480e+01 -2.492210220635655560e-01
3.078509960315929206e+01 -1.379854598247192143e-01
3.083509925779301497e+01 -2.254819356268882302e-01
3.088502185481159401e+01 -1.031958250796520815e-01
3.093497026923844118e+01 -2.524031271744036076e-01
3.098500837521540419e+01 -1.663785886450739326e-01
3.103503142039876295e+01 -3.085658208079991027e-01
3.108506759362598970e+01 -1.811065208982398644e-01
3.113503374503685350e+01 -2.933244881898957601e-01
3.118500365593765977e+01 -2.265593325850545625e-01
3.123500974421094156e+01 -1.733879332887084956e-01
3.128501507026141226e+01 -2.085496544178937484e-01
3.133507249490528324e+01 -2.220584318529859047e-01
3.138502440591334519e+01 -1.949177378620419177e-01
3.143504823904290646e+01 -2.056117843263791656e-01
3.148510614177524758e+01 -9.269305436359331907e-02
3.153501675197719933e+01 -2.101383746423692855e-01
3.158501348571202527e+01 -1.263975281172378118e-01
3.163508986356812969e+01 -2.250528324348266551e-01
3.168511752018606131e+01 -1.207876219899475245e-01
3.173514170463571205e+01 -2.762085253293093956e-01
3.178509011011270502e+01 -2.551576838115465762e-02
3.183500843705502703e+01 -1.906943806612844128e-01
3.188501666940159751e+01 -1.674940995742844052e-01
3.193503202990384793e+01 -1.113952883323605647e-01
3.198506613067839410e+01 -1.484156579095525785e-01
3.203505890021113345e+01 -1.321848522942161708e-01
3.208493732419461963e+01 -1.389497383903233185e-01
3.213495366395236630e+01 -1.136506864713879850e-01
