4.511540801988707383e-02 8.286914879056288555e+03
8.973051962115646818e-02 4.035012962489750862e+03
1.379303011007718682e-01 2.169653666702065948e+03
1.870910269881332078e-01 1.334926455588573162e+03
2.366754124722998398e-01 9.048204372255584076e+02
2.864252069202754547e-01 6.654679453261092021e+02
3.362776782753322258e-01 5.067858607985941717e+02
3.860701345032427345e-01 3.997695571694670775e+02
4.359386447199484760e-01 3.255169568149992188e+02
4.858711698808619306e-01 2.713131014383684487e+02
5.357540291737825644e-01 2.296016863727033410e+02
5.857300323141928500e-01 1.973545521360429120e+02
6.356536725050468961e-01 1.730570101319926835e+02
6.855769684015269316e-01 1.504998986323652161e+02
7.355105193229973803e-01 1.345317795916751606e+02
7.854894732108745892e-01 1.195924056404917764e+02
8.355346911556336131e-01 1.083922970734217159e+02
8.854602286088080199e-01 9.737803951028895710e+01
9.354019331201623988e-01 8.941599509335186724e+01
9.854266117096234234e-01 8.112485505660403362e+01
1.035443401040275768e+00 7.443870342251791783e+01
1.085400109607770558e+00 6.811199624515346329e+01
1.135360624999867341e+00 6.285685792305734765e+01
1.185345926568257546e+00 5.795324313754868228e+01
1.235335448116672952e+00 5.386814287221801578e+01
1.285330945001917469e+00 4.995076103996711936e+01
1.335305809034209146e+00 4.652197073899931468e+01
1.385314421298814214e+00 4.333686191951883870e+01
1.435329866594978965e+00 4.046704205294204826e+01
1.485299152792195487e+00 3.771287485708957377e+01
1.535275949899194803e+00 3.536265721468886625e+01
1.585284412444418756e+00 3.313334994253490606e+01
1.635253208012880544e+00 3.116346548904186875e+01
1.685225865609380369e+00 2.913049566148386305e+01
1.735237678423437124e+00 2.718809500328278261e+01
1.785230937917380523e+00 2.580885153471326987e+01
1.835229930788839559e+00 2.419742591614497940e+01
1.885217274293168099e+00 2.277190805124941164e+01
1.935205197577428926e+00 2.146537905748074593e+01
1.985218485537790123e+00 2.010066465139701108e+01
2.035208374638761253e+00 1.896946463031551389e+01
2.085188994671643314e+00 1.788942728891144895e+01
2.135185627874134795e+00 1.685230256281003847e+01
2.185199444847780281e+00 1.596403265104335389e+01
2.235193635488322617e+00 1.500331900306265709e+01
2.285186437960641026e+00 1.412141673862512903e+01
2.335193698171991183e+00 1.336681098930795031e+01
2.385199642259982600e+00 1.248163881216618165e+01
2.435181602633726516e+00 1.181860456541468807e+01
2.485156608050374416e+00 1.117558722104939761e+01
2.535160562506587389e+00 1.048636101536713738e+01
2.585159984422976454e+00 9.896134992653614404e+00
2.635161537113344554e+00 9.274687776730047517e+00
2.685172381564202126e+00 8.785118976465554397e+00
2.735168764189853885e+00 8.255906458728517805e+00
2.785144101595180111e+00 7.828225988349274189e+00
2.835140581972425800e+00 7.261525744389203396e+00
2.885152292795107876e+00 6.791362783939689507e+00
2.935160241338168774e+00 6.360535037147741377e+00
2.985156444595516767e+00 5.950126207343004126e+00
3.035138674646177037e+00 5.598676421890033339e+00
3.085123506291331807e+00 5.210775489714194464e+00
3.135120345211306780e+00 4.837221633610695903e+00
3.185126143261484799e+00 4.499586186265830179e+00
3.235117039122990423e+00 4.250041435824826408e+00
3.285118743726610280e+00 3.907929010369244338e+00
3.335127109223853914e+00 3.596795222822635196e+00
3.385124808122570439e+00 3.288832669482161464e+00
3.435122542255760525e+00 3.103586944636120393e+00
3.485119057518871966e+00 2.803327178565808708e+00
3.535110131050751114e+00 2.581261246871761728e+00
3.585107192049781233e+00 2.377247758473771455e+00
3.635112403795873970e+00 2.079638807960364488e+00
3.685113407394464691e+00 1.932173497418617103e+00
3.735111668588343647e+00 1.694051373405287109e+00
3.785114876434690245e+00 1.482242956948695678e+00
3.835104846618178520e+00 1.327233951175259108e+00
3.885097082859704454e+00 1.176312861246799457e+00
3.935099028760591811e+00 1.047089664226319883e+00
3.985100344359483682e+00 8.701702802146513704e-01
4.035102391797083854e+00 7.214686126479534778e-01
4.085090661654388278e+00 5.677680711675066050e-01
4.135090760157067891e+00 4.528497506638728964e-01
4.185102768054100864e+00 2.533889208360307066e-01
4.235103330280926670e+00 1.660445784195871965e-01
4.285102379729892164e+00 8.455858258271575778e-02
4.335102259554507675e+00 -4.420473328646323807e-02
4.385090613754845990e+00 -9.736578461563283327e-02
4.435089597797504446e+00 -2.213892690863161761e-01
