8.899641323548096450e-02 4.738575420673077133e+03 0.000000000000000000e+00
1.762294649249977474e-01 1.284105631510416572e+02 0.000000000000000000e+00
2.662437218389693272e-01 -9.192117212380573221e+01 0.000000000000000000e+00
3.649346201087940722e-01 4.734214089133522485e+00 0.000000000000000000e+00
4.635470928990934603e-01 1.961647237942913335e+01 0.000000000000000000e+00
5.630121343059290018e-01 7.535480222577288778e-01 0.000000000000000000e+00
6.637476258980694599e-01 -1.995190293041627871e+00 0.000000000000000000e+00
7.630437067904533022e-01 3.292133455333444148e-01 0.000000000000000000e+00
8.639090016071222511e-01 4.297549119636194348e+00 0.000000000000000000e+00
9.621426022616451634e-01 1.069406165341779680e+00 0.000000000000000000e+00
1.060650350388561591e+00 9.393501214412174061e-02 0.000000000000000000e+00
1.160695738208251893e+00 -3.880647004139800238e+00 0.000000000000000000e+00
1.260988189711796936e+00 2.994949667071147292e-01 0.000000000000000000e+00
1.360965173221828639e+00 8.155558689888277035e-01 0.000000000000000000e+00
1.459516200429978205e+00 -7.265321204064030536e-02 0.000000000000000000e+00
1.559771173841701275e+00 4.020040320772205189e-01 0.000000000000000000e+00
1.660823609444051829e+00 4.674397461494580464e-01 0.000000000000000000e+00
1.760863065096903490e+00 -3.261245336786532945e-01 0.000000000000000000e+00
1.860831138252939221e+00 4.759600257437071047e-01 0.000000000000000000e+00
1.960558372004485239e+00 1.139831574362205613e-01 0.000000000000000000e+00
2.060584726315924708e+00 2.217896640190166746e-01 0.000000000000000000e+00
2.160729659345701492e+00 -2.067582023321211382e-01 0.000000000000000000e+00
2.260719120019153650e+00 2.200051305542416180e-01 0.000000000000000000e+00
2.361163348282317553e+00 1.348192250113192797e-02 0.000000000000000000e+00
2.461248779664896524e+00 3.520926503531950774e-02 0.000000000000000000e+00
2.561100761153063843e+00 -1.405090699270457322e-01 0.000000000000000000e+00
2.660769167700723692e+00 1.582393972429469442e-01 0.000000000000000000e+00
2.760458960728367384e+00 -6.183502592738396308e-02 0.000000000000000000e+00
2.860591290042267865e+00 -6.281313406713645575e-02 0.000000000000000000e+00
2.960639175481798446e+00 -3.765036805691888977e-02 0.000000000000000000e+00
3.060358024137067812e+00 9.660275138039912945e-02 0.000000000000000000e+00
3.160794728097130246e+00 7.034003950222227075e-02 0.000000000000000000e+00
3.261199944599915135e+00 1.650718708653971939e-02 0.000000000000000000e+00
3.360749919420539911e+00 -1.242284690502700323e-01 0.000000000000000000e+00
3.459835126459389176e+00 -5.479430795174301816e-02 0.000000000000000000e+00
3.560188740940378516e+00 -9.140972406762358504e-02 0.000000000000000000e+00
3.660846965852959656e+00 1.199688190119566900e-01 0.000000000000000000e+00
3.760451276577104540e+00 -5.865676727247891298e-02 0.000000000000000000e+00
3.860212202906779577e+00 1.299845312738704892e-02 0.000000000000000000e+00
3.960532647077731117e+00 -2.676643931703245882e-02 0.000000000000000000e+00
4.060962209834743319e+00 -3.426825497834069117e-02 0.000000000000000000e+00
4.160148069051775366e+00 -5.181451500073654820e-02 0.000000000000000000e+00
4.259582262654759255e+00 3.086194501305791760e-02 0.000000000000000000e+00
4.360164345516578166e+00 2.411930435582211249e-02 0.000000000000000000e+00
4.460573579149521350e+00 -2.742608838292961634e-02 0.000000000000000000e+00
4.560530149156328150e+00 -1.384387367589024441e-02 0.000000000000000000e+00
4.660287485696529508e+00 3.321395710195683415e-02 0.000000000000000000e+00
4.760262084699077079e+00 2.509095771486413717e-02 0.000000000000000000e+00
4.860447565083823029e+00 5.134437309181185544e-02 0.000000000000000000e+00
4.960628913369701465e+00 -5.036516047094429654e-02 0.000000000000000000e+00
5.060804152253668420e+00 -6.387988341420208771e-02 0.000000000000000000e+00
5.160609437996754423e+00 7.547639452409899558e-03 0.000000000000000000e+00
5.260521321794523253e+00 -8.453374355225123232e-03 0.000000000000000000e+00
5.360542927541686709e+00 -6.959549477518640892e-02 0.000000000000000000e+00
5.460351121480531589e+00 7.552460082555778609e-02 0.000000000000000000e+00
5.560202561635490426e+00 6.080974909510036136e-02 0.000000000000000000e+00
5.660212261175133541e+00 -2.994372920842915467e-02 0.000000000000000000e+00
5.760666909301913385e+00 -3.477047111177259536e-02 0.000000000000000000e+00
5.860488403937768709e+00 -4.534523515666737115e-03 0.000000000000000000e+00
5.960286234654308402e+00 1.344963444431257309e-02 0.000000000000000000e+00
6.060495439198260392e+00 -3.410547244463479292e-03 0.000000000000000000e+00
6.160172772110693806e+00 2.381522609132523394e-02 0.000000000000000000e+00
6.260000307388036589e+00 1.060933954236006026e-02 0.000000000000000000e+00
6.360019877723115833e+00 1.833087567514210710e-03 0.000000000000000000e+00
6.460393176898672429e+00 1.484278578858902811e-02 0.000000000000000000e+00
6.560712870799073393e+00 5.670878279099770061e-03 0.000000000000000000e+00
6.660315614630555103e+00 -6.163532771931043604e-03 0.000000000000000000e+00
6.760348783000822870e+00 1.907186095814387278e-02 0.000000000000000000e+00
6.860507314965895276e+00 7.719769158182472569e-04 0.000000000000000000e+00
6.960389334265283168e+00 -2.962990868908276995e-02 0.000000000000000000e+00
7.060034423048193730e+00 -8.742732591667232156e-03 0.000000000000000000e+00
7.159957956516346478e+00 -2.343005209787919069e-02 0.000000000000000000e+00
7.260192657847024833e+00 -3.275510749194988913e-02 0.000000000000000000e+00
7.360108533827269817e+00 3.190273366821679349e-03 0.000000000000000000e+00
7.460339090618184343e+00 4.320685201835437793e-04 0.000000000000000000e+00
7.560411676181439056e+00 -1.058904563485372000e-02 0.000000000000000000e+00
7.660346114771154014e+00 7.100225253912421410e-03 0.000000000000000000e+00
7.760391007741484160e+00 -1.126413989657371224e-02 0.000000000000000000e+00
7.860072651402888688e+00 8.838769421400449809e-05 0.000000000000000000e+00
7.959955397583765802e+00 9.873367996138103508e-03 0.000000000000000000e+00
8.060172532623253616e+00 -4.032720917636908355e-03 0.000000000000000000e+00
8.160169871096277561e+00 -4.594558461019540574e-03 0.000000000000000000e+00
8.260209309247560583e+00 1.311563836087358513e-02 0.000000000000000000e+00
8.360295260333263201e+00 6.266885498792277263e-03 0.000000000000000000e+00
8.460314428833417111e+00 9.515760097003755566e-03 0.000000000000000000e+00
8.560221857099927334e+00 1.527535781662869331e-02 0.000000000000000000e+00
8.660164637941472066e+00 2.484565426885289915e-03 0.000000000000000000e+00
8.760181857056902999e+00 -9.115766141397425859e-03 0.000000000000000000e+00
8.860218717977446090e+00 -1.784533705326866310e-02 0.000000000000000000e+00
8.960267699615021897e+00 -6.685884132316184496e-03 0.000000000000000000e+00
9.060158543440742562e+00 1.573852162216993894e-02 0.000000000000000000e+00
9.160314747803932178e+00 1.056608655292829747e-02 0.000000000000000000e+00
9.260376927016194415e+00 -8.931877321625531722e-04 0.000000000000000000e+00
9.360208025918709041e+00 -4.746080797309401404e-03 0.000000000000000000e+00
9.460075101117821461e+00 6.315721003375565287e-03 0.000000000000000000e+00
9.559992906282033687e+00 2.832877230325534933e-04 0.000000000000000000e+00
9.660236476231109037e+00 -1.689876059079383971e-02 0.000000000000000000e+00
9.760211827678935137e+00 -1.283594117616889546e-02 0.000000000000000000e+00
9.860087741133007455e+00 4.036829758528205983e-03 0.000000000000000000e+00
9.960113214171899543e+00 -1.411866936759719263e-02 0.000000000000000000e+00
1.006014253496011435e+01 9.420815231497353323e-03 0.000000000000000000e+00
1.016015305856116946e+01 -1.338123211129134751e-02 0.000000000000000000e+00
1.026012791460989426e+01 -1.542107966018671852e-02 0.000000000000000000e+00
1.036009715580952850e+01 5.468031635161542219e-03 0.000000000000000000e+00
1.045999384679854316e+01 -6.977804237267097240e-03 0.000000000000000000e+00
1.055998031172832619e+01 3.617339664972611711e-04 0.000000000000000000e+00
1.066015733025465018e+01 -7.303635356463589710e-03 0.000000000000000000e+00
1.076005445242803127e+01 -7.247715848877595392e-05 0.000000000000000000e+00
1.086017199500644104e+01 6.558619862252024896e-03 0.000000000000000000e+00
1.096035721378511774e+01 1.919749962300750304e-02 0.000000000000000000e+00
1.106014543005698059e+01 -4.498230917541266687e-03 0.000000000000000000e+00
1.116013746602539669e+01 -4.147967815906417749e-03 0.000000000000000000e+00
1.126001995331923311e+01 3.325162469359012156e-03 0.000000000000000000e+00
1.135997563511528519e+01 -1.259310470675173779e-03 0.000000000000000000e+00
1.146027771572255105e+01 -8.262747562098902987e-03 0.000000000000000000e+00
1.156025344308602243e+01 -6.887637527137268137e-03 0.000000000000000000e+00
1.166020264054967370e+01 -2.613177366152147612e-03 0.000000000000000000e+00
1.176010824919332443e+01 -1.792931699568740822e-03 0.000000000000000000e+00
1.186009918100251248e+01 -9.520197994071657663e-03 0.000000000000000000e+00
1.196022404466052436e+01 4.658882122393530681e-04 0.000000000000000000e+00
1.206014086953631015e+01 1.202146200504513457e-03 0.000000000000000000e+00
1.216012200167176260e+01 1.008745230811678925e-02 0.000000000000000000e+00
1.225991162114084787e+01 -1.400796372249280008e-04 0.000000000000000000e+00
1.235998963976033949e+01 -2.539842083120964159e-03 0.000000000000000000e+00
1.246019708267939308e+01 4.054854016082356898e-03 0.000000000000000000e+00
1.256029988740128189e+01 -1.312587442189141898e-03 0.000000000000000000e+00
1.266021832804886849e+01 -1.181609472561028287e-02 0.000000000000000000e+00
1.276011783806912625e+01 2.106940751291846298e-03 0.000000000000000000e+00
1.286027643411210342e+01 -7.060535916534356818e-03 0.000000000000000000e+00
1.296020505403111756e+01 -1.257973310116767239e-02 0.000000000000000000e+00
1.306004381250698110e+01 2.487527483168008868e-03 0.000000000000000000e+00
1.316008799938249751e+01 -5.554832498249506756e-03 0.000000000000000000e+00
1.326024158855983259e+01 -3.663407293311645731e-04 0.000000000000000000e+00
1.336025563904201441e+01 2.103293038024413048e-03 0.000000000000000000e+00
1.346008251893918484e+01 -4.107778756860212821e-03 0.000000000000000000e+00
1.356002845306179871e+01 -2.898340428237067561e-04 0.000000000000000000e+00
1.366017449007571649e+01 5.727856873694517695e-03 0.000000000000000000e+00
1.376018618598503629e+01 -4.617712620642766726e-03 0.000000000000000000e+00
1.386016602641027795e+01 9.133035072198727317e-03 0.000000000000000000e+00
1.396016603220776808e+01 4.231879486467629223e-03 0.000000000000000000e+00
1.406021375009726349e+01 2.417042742885293100e-03 0.000000000000000000e+00
1.416017889984025935e+01 -8.283255951312507937e-04 0.000000000000000000e+00
1.426021760910094116e+01 -3.044091825900472649e-03 0.000000000000000000e+00
1.436020568897167315e+01 -3.572061308865246386e-03 0.000000000000000000e+00
1.446009957908403720e+01 1.367828580458630349e-03 0.000000000000000000e+00
1.456020661983343167e+01 1.515291592138030656e-03 0.000000000000000000e+00
1.466035845314601893e+01 3.133320318015926295e-03 0.000000000000000000e+00
1.476027873150629333e+01 5.805462639796459684e-03 0.000000000000000000e+00
1.486011958734484217e+01 6.942832978710916474e-03 0.000000000000000000e+00
1.496014783579061636e+01 -4.396761999667883961e-03 0.000000000000000000e+00
1.506017080873394143e+01 5.410219150083320737e-03 0.000000000000000000e+00
1.516008530228541495e+01 -4.677328760982366225e-03 0.000000000000000000e+00
1.526016901980520579e+01 1.874484427780647269e-04 0.000000000000000000e+00
1.536028844696910411e+01 3.294368899803857935e-03 0.000000000000000000e+00
1.546018238599979000e+01 -4.671963007657404013e-04 0.000000000000000000e+00
1.556018596824832123e+01 3.584438317114894794e-03 0.000000000000000000e+00
1.566018715656100824e+01 -1.502315423588862064e-03 0.000000000000000000e+00
1.576017128895625774e+01 -2.296741971917632460e-03 0.000000000000000000e+00
1.586022654335216053e+01 -3.835926189707866956e-03 0.000000000000000000e+00
1.596027194439420605e+01 4.021437802562127968e-03 0.000000000000000000e+00
1.606019988436615265e+01 -2.193286847429659452e-03 0.000000000000000000e+00
1.616001619001476186e+01 3.346765175805681020e-03 0.000000000000000000e+00
1.626011267441217711e+01 4.903325119826990389e-03 0.000000000000000000e+00
1.636015423131000901e+01 4.343731666554349023e-03 0.000000000000000000e+00
1.646013567016607482e+01 4.138131813719159516e-03 0.000000000000000000e+00
1.656007240838085437e+01 1.065468979520666154e-03 0.000000000000000000e+00
1.665992901383054914e+01 -4.508970160413255761e-03 0.000000000000000000e+00
1.676002219346689159e+01 1.828160990358201161e-03 0.000000000000000000e+00
1.686003790855481910e+01 -5.185995376929136876e-03 0.000000000000000000e+00
1.696008931641028283e+01 -3.536855744420298723e-04 0.000000000000000000e+00
1.706015857686212200e+01 1.675732595102458070e-03 0.000000000000000000e+00
1.716002510614071497e+01 -2.972384657059653872e-03 0.000000000000000000e+00
1.726005228275917602e+01 -2.262302069931105067e-03 0.000000000000000000e+00
1.736004143261135368e+01 2.251951663885936109e-03 0.000000000000000000e+00
1.746000211235884692e+01 -3.269907165324823531e-05 0.000000000000000000e+00
1.756012122361867966e+01 5.588421739034007946e-05 0.000000000000000000e+00
1.766014398804343344e+01 3.637416317435633313e-04 0.000000000000000000e+00
1.776015571561410411e+01 1.176251471415404445e-03 0.000000000000000000e+00
1.786014681601529830e+01 -4.349836959719778628e-03 0.000000000000000000e+00
1.796008276126707415e+01 2.659309501974435434e-03 0.000000000000000000e+00
1.806015261825141849e+01 1.937205351918389886e-04 0.000000000000000000e+00
1.816009831592651835e+01 -2.066539875781016767e-03 0.000000000000000000e+00
1.826011438206822390e+01 5.238871225882515552e-05 0.000000000000000000e+00
1.836018372585242631e+01 5.988672260376193919e-04 0.000000000000000000e+00
1.846011248160125007e+01 6.093232152279878236e-04 0.000000000000000000e+00
1.856012405487159711e+01 -1.786140215953597099e-03 0.000000000000000000e+00
1.866007499050376595e+01 -9.729927135952616275e-05 0.000000000000000000e+00
1.876012430072754356e+01 4.603966584972350208e-03 0.000000000000000000e+00
1.886008617154970324e+01 -6.213317990954948843e-04 0.000000000000000000e+00
1.896000428863321119e+01 -1.326690888174591109e-03 0.000000000000000000e+00
1.906004619657873178e+01 2.531956891283547537e-03 0.000000000000000000e+00
1.916012450871170714e+01 5.408407954368879122e-04 0.000000000000000000e+00
1.926014135632459556e+01 1.234957223613377883e-03 0.000000000000000000e+00
1.936003992471836455e+01 -4.771079157248130434e-03 0.000000000000000000e+00
1.946009659168149142e+01 1.648545558241713881e-03 0.000000000000000000e+00
1.956009751796509732e+01 -1.958343022349694987e-03 0.000000000000000000e+00
1.966003308899824376e+01 2.208919727563447583e-03 0.000000000000000000e+00
1.976006350907396580e+01 1.189798390011388550e-04 0.000000000000000000e+00
1.986013807476350834e+01 -3.457776272371045068e-04 0.000000000000000000e+00
1.996016270699268702e+01 -3.230065774429494852e-05 0.000000000000000000e+00
2.006011812007354322e+01 9.094912341445323051e-05 0.000000000000000000e+00
2.016010605821437096e+01 2.162898766427162525e-03 0.000000000000000000e+00
2.026020834532102199e+01 -3.486557114668588798e-03 0.000000000000000000e+00
2.036015264346706388e+01 2.406533080702801843e-03 0.000000000000000000e+00
2.046014229129198014e+01 -3.512992862619383197e-04 0.000000000000000000e+00
2.056020556242132713e+01 -3.591952819366553700e-04 0.000000000000000000e+00
2.066006737361054846e+01 -1.586447581139648066e-03 0.000000000000000000e+00
2.076011273190236039e+01 -4.165323429954346287e-04 0.000000000000000000e+00
2.086019097974652325e+01 3.136994271207376589e-03 0.000000000000000000e+00
2.096013179077616329e+01 -2.245820847487268231e-03 0.000000000000000000e+00
2.106005425085002614e+01 -3.065987793440758894e-03 0.000000000000000000e+00
2.116004591121704337e+01 -2.670946630394135327e-03 0.000000000000000000e+00
2.126006410376831823e+01 7.901621216801497493e-04 0.000000000000000000e+00
2.136004018857844144e+01 -2.808630986869310882e-04 0.000000000000000000e+00
2.146015210129004203e+01 2.454526625382177311e-03 0.000000000000000000e+00
2.156018961599651362e+01 -1.765900391957712966e-03 0.000000000000000000e+00
2.166014215802494647e+01 3.342104134748131311e-03 0.000000000000000000e+00
2.176005975325295339e+01 -3.781683347917425215e-04 0.000000000000000000e+00
2.186002365495255262e+01 -8.929836933889277349e-04 0.000000000000000000e+00
2.196015797577956619e+01 1.055333885606276776e-04 0.000000000000000000e+00
2.206015327450682051e+01 1.157584454749937489e-03 0.000000000000000000e+00
2.216022562432646836e+01 -3.525922020987047947e-03 0.000000000000000000e+00
2.226023762596713595e+01 -1.756008565919366798e-03 0.000000000000000000e+00
2.236012187475994395e+01 -1.504924384085092872e-03 0.000000000000000000e+00
2.246005770765591691e+01 1.546059527328270695e-03 0.000000000000000000e+00
2.256004550991068669e+01 -1.959066296741640133e-03 0.000000000000000000e+00
2.266007914369372855e+01 -4.149894002445251250e-04 0.000000000000000000e+00
2.276000806581113878e+01 4.012272228405889575e-03 0.000000000000000000e+00
2.286010844514616380e+01 2.977383253035800759e-03 0.000000000000000000e+00
2.296007356234825281e+01 -5.961945034705063654e-04 0.000000000000000000e+00
2.306005103070280882e+01 -4.646516339379806217e-03 0.000000000000000000e+00
2.316011535778469366e+01 1.676211159965496078e-03 0.000000000000000000e+00
2.326004152122711943e+01 -1.225221977927695933e-03 0.000000000000000000e+00
2.336003177061514791e+01 1.567792595822652861e-03 0.000000000000000000e+00
2.345997616252074280e+01 -2.710899023067313588e-04 0.000000000000000000e+00
2.355996558789114559e+01 -3.816840691159156546e-04 0.000000000000000000e+00
2.366005677356592685e+01 4.818746718433815747e-04 0.000000000000000000e+00
2.376008499752514425e+01 4.229720082937093355e-04 0.000000000000000000e+00
2.386008650357267769e+01 2.853490056587735559e-03 0.000000000000000000e+00
2.396008208139831552e+01 -1.362613041399708897e-03 0.000000000000000000e+00
2.406007349624439229e+01 1.014375450712241920e-03 0.000000000000000000e+00
2.416005355753632244e+01 1.842292700039835709e-03 0.000000000000000000e+00
2.426000100264842274e+01 -3.376130166860442320e-03 0.000000000000000000e+00
2.436013464581442989e+01 1.115422565868008729e-03 0.000000000000000000e+00
2.446023033168192740e+01 1.432729845461090234e-03 0.000000000000000000e+00
2.456010370727704029e+01 -1.323934617799085896e-03 0.000000000000000000e+00
2.466007991705158631e+01 -1.738141531301529152e-03 0.000000000000000000e+00
2.476007853616273735e+01 -9.910803266094114772e-04 0.000000000000000000e+00
2.486010699666847046e+01 -9.972772307710409210e-04 0.000000000000000000e+00
2.496012068606717094e+01 1.250738153640199024e-03 0.000000000000000000e+00
2.506011884904720333e+01 2.466797356241142770e-04 0.000000000000000000e+00
2.516016461492254663e+01 -3.415146667049147561e-04 0.000000000000000000e+00
2.526004864631245894e+01 -2.589320561998725758e-04 0.000000000000000000e+00
2.536000880997600149e+01 -1.413434377736339854e-04 0.000000000000000000e+00
2.546000763258749444e+01 -2.046385870393513731e-03 0.000000000000000000e+00
2.556005256491409483e+01 -5.927437092719299930e-04 0.000000000000000000e+00
2.566007495662108084e+01 2.484368328920725979e-03 0.000000000000000000e+00
2.576001284207799458e+01 3.738557540422672966e-04 0.000000000000000000e+00
2.586005665426739952e+01 -5.764745365264482661e-04 0.000000000000000000e+00
2.595995283772588991e+01 -6.394356941417088944e-04 0.000000000000000000e+00
2.605992768761304035e+01 -2.149173738547420585e-03 0.000000000000000000e+00
2.616008588888359654e+01 2.025161551659384121e-03 0.000000000000000000e+00
2.626013639090650997e+01 -3.555306356351560070e-04 0.000000000000000000e+00
2.636010086664784069e+01 5.126652572989127922e-04 0.000000000000000000e+00
2.646009292255724077e+01 9.005254538066461258e-04 0.000000000000000000e+00
2.656009163346045199e+01 3.680696646871788351e-04 0.000000000000000000e+00
2.666007616590135143e+01 -2.811792681814728506e-04 0.000000000000000000e+00
2.676007911660554939e+01 1.223646118333527114e-03 0.000000000000000000e+00
2.686008193545500689e+01 -1.335736537026602135e-03 0.000000000000000000e+00
2.696008527403073884e+01 1.975118635835002804e-03 0.000000000000000000e+00
2.706014568371496409e+01 3.503669299537509434e-03 0.000000000000000000e+00
2.716014672685720654e+01 1.532221441930330336e-04 0.000000000000000000e+00
2.726011201775047255e+01 1.158415708657705096e-03 0.000000000000000000e+00
2.736011629044526217e+01 4.517017485619679359e-04 0.000000000000000000e+00
2.746009456312569696e+01 4.203411433047010790e-04 0.000000000000000000e+00
2.756010111326260414e+01 2.006476493727135223e-03 0.000000000000000000e+00
2.766000659215977819e+01 1.707668149256342551e-04 0.000000000000000000e+00
2.775996930878592650e+01 1.350558159058233348e-03 0.000000000000000000e+00
2.786001736508387339e+01 -1.251176193813363256e-03 0.000000000000000000e+00
2.796003666424917711e+01 -1.916488211981940944e-03 0.000000000000000000e+00
2.806007318658330973e+01 -1.195068837078186582e-03 0.000000000000000000e+00
2.816002575392253959e+01 1.227554549844656409e-03 0.000000000000000000e+00
2.826008618070721923e+01 -5.956631653284825045e-05 0.000000000000000000e+00
2.836011268337557567e+01 -1.120334078786026921e-03 0.000000000000000000e+00
2.846006766072591532e+01 1.677082248287683694e-03 0.000000000000000000e+00
2.856002342132942928e+01 3.803011954456968479e-05 0.000000000000000000e+00
2.865999923614900879e+01 4.908723934637161971e-05 0.000000000000000000e+00
2.876004741964181477e+01 -2.220381409310771695e-04 0.000000000000000000e+00
2.886004046337784956e+01 -3.510680146838816135e-04 0.000000000000000000e+00
2.896008102924385952e+01 -2.783945470807091898e-04 0.000000000000000000e+00
2.906013056701853259e+01 2.690101393292523195e-04 0.000000000000000000e+00
2.916008342699372236e+01 7.933696632066998848e-04 0.000000000000000000e+00
2.926005396200691067e+01 -4.978738044101908237e-04 0.000000000000000000e+00
2.936006015490019294e+01 -1.502544861109266763e-03 0.000000000000000000e+00
2.946008302370103493e+01 1.036107412491274297e-03 0.000000000000000000e+00
2.956005136911289100e+01 -1.378892207001220904e-03 0.000000000000000000e+00
2.966004211127815182e+01 6.123122306534588180e-05 0.000000000000000000e+00
2.976008309869055068e+01 3.117652241850127869e-03 0.000000000000000000e+00
2.986006866468150278e+01 6.905019323522642357e-04 0.000000000000000000e+00
2.996000836426628311e+01 -4.945888044826368809e-04 0.000000000000000000e+00
3.005998672307784148e+01 1.049372506767353661e-04 0.000000000000000000e+00
3.015999329076658597e+01 -2.370403990631906352e-04 0.000000000000000000e+00
3.025997071981619158e+01 -5.546657691641643023e-04 0.000000000000000000e+00
3.035998250913087304e+01 -3.008622519060200713e-04 0.000000000000000000e+00
3.046003667608819399e+01 -1.286654117269584103e-04 0.000000000000000000e+00
3.056001139595522531e+01 -8.154284766161921374e-05 0.000000000000000000e+00
3.066003402547599066e+01 9.637097879415761200e-04 0.000000000000000000e+00
3.076012870266283983e+01 2.626448228853864330e-04 0.000000000000000000e+00
3.086005490868008394e+01 6.315566477238524412e-04 0.000000000000000000e+00
3.096001904061603582e+01 -1.241396556080581835e-03 0.000000000000000000e+00
3.106011009671765066e+01 4.654744918446999599e-04 0.000000000000000000e+00
3.116010574269009226e+01 -1.419295657528226199e-03 0.000000000000000000e+00
3.126007157798853697e+01 -6.897565623189615776e-05 0.000000000000000000e+00
3.136002568220683173e+01 1.372116654762703522e-03 0.000000000000000000e+00
3.146005315939301639e+01 3.661722263956726660e-04 0.000000000000000000e+00
3.156011152172583678e+01 1.241864623999246880e-03 0.000000000000000000e+00
3.166012355668277323e+01 6.516457989937398353e-04 0.000000000000000000e+00
3.176010027308443640e+01 6.341556282702611900e-04 0.000000000000000000e+00
3.186006179385135795e+01 2.294734819228695395e-03 0.000000000000000000e+00
3.196011793235989273e+01 -5.858942293735922751e-04 0.000000000000000000e+00
3.206002367541852749e+01 5.315457472500934206e-04 0.000000000000000000e+00
3.215992380861585787e+01 -8.399855388832494539e-04 0.000000000000000000e+00
