8.899641323548096450e-02 4.570051983173077133e+03 0.000000000000000000e+00
1.762294649249977474e-01 1.885111762152777715e+02 0.000000000000000000e+00
2.662437218389693272e-01 -7.498930135350319404e+01 0.000000000000000000e+00
3.649346201087940722e-01 4.058273037997159349e+01 0.000000000000000000e+00
4.635470928990934603e-01 1.716193636195866290e+01 0.000000000000000000e+00
5.630121343059290018e-01 4.323836427523037873e-01 0.000000000000000000e+00
6.637476258980694599e-01 -5.331803506879664312e+00 0.000000000000000000e+00
7.630437067904533022e-01 2.101537875331784821e+00 0.000000000000000000e+00
8.639090016071222511e-01 3.581063406808035476e-01 0.000000000000000000e+00
9.621426022616451634e-01 -1.391299059011055217e+00 0.000000000000000000e+00
1.060650350388561591e+00 4.149109597682447692e-01 0.000000000000000000e+00
1.160695738208251893e+00 -5.315015106380055476e-01 0.000000000000000000e+00
1.260988189711796936e+00 3.816903171272117978e-01 0.000000000000000000e+00
1.360965173221828639e+00 8.246522155656303976e-01 0.000000000000000000e+00
1.459516200429978205e+00 -2.623520299915810816e-01 0.000000000000000000e+00
1.559771173841701275e+00 5.568787701448133509e-01 0.000000000000000000e+00
1.660823609444051829e+00 7.299627118020891869e-02 0.000000000000000000e+00
1.760863065096903490e+00 -1.506816403761625511e-01 0.000000000000000000e+00
1.860831138252939221e+00 -4.712404578446796610e-01 0.000000000000000000e+00
1.960558372004485239e+00 -1.295772286038280596e-01 0.000000000000000000e+00
2.060584726315924708e+00 -2.328052980780380143e-01 0.000000000000000000e+00
2.160729659345701492e+00 2.661398757294485828e-01 0.000000000000000000e+00
2.260719120019153650e+00 -2.574131154251775855e-01 0.000000000000000000e+00
2.361163348282317553e+00 3.634663215752039767e-01 0.000000000000000000e+00
2.461248779664896524e+00 -1.720513548343580168e-01 0.000000000000000000e+00
2.561100761153063843e+00 2.383657884655159421e-03 0.000000000000000000e+00
2.660769167700723692e+00 -3.313621157037578702e-02 0.000000000000000000e+00
2.760458960728367384e+00 -1.474752060315452640e-01 0.000000000000000000e+00
2.860591290042267865e+00 4.180214729065731549e-02 0.000000000000000000e+00
2.960639175481798446e+00 6.452087854253141241e-02 0.000000000000000000e+00
3.060358024137067812e+00 9.684246178277816641e-02 0.000000000000000000e+00
3.160794728097130246e+00 -1.072104481952585314e-01 0.000000000000000000e+00
3.261199944599915135e+00 -8.338126903670474432e-02 0.000000000000000000e+00
3.360749919420539911e+00 1.232203230615049466e-01 0.000000000000000000e+00
3.459835126459389176e+00 1.407244359743353990e-01 0.000000000000000000e+00
3.560188740940378516e+00 -4.015681636562461881e-02 0.000000000000000000e+00
3.660846965852959656e+00 -2.507785501598536540e-02 0.000000000000000000e+00
3.760451276577104540e+00 4.500311269206722781e-02 0.000000000000000000e+00
3.860212202906779577e+00 -1.078470486422465346e-01 0.000000000000000000e+00
3.960532647077731117e+00 -5.395340555401584304e-02 0.000000000000000000e+00
4.060962209834743319e+00 -1.416520218228016770e-01 0.000000000000000000e+00
4.160148069051775366e+00 4.013369266091482146e-02 0.000000000000000000e+00
4.259582262654759255e+00 2.830983499942931261e-02 0.000000000000000000e+00
4.360164345516578166e+00 -5.218247865375719163e-02 0.000000000000000000e+00
4.460573579149521350e+00 -7.329384652195225502e-02 0.000000000000000000e+00
4.560530149156328150e+00 -1.704033882293666535e-02 0.000000000000000000e+00
4.660287485696529508e+00 -2.283125164128151433e-02 0.000000000000000000e+00
4.760262084699077079e+00 -1.517320351165650331e-02 0.000000000000000000e+00
4.860447565083823029e+00 -6.613422735964070813e-03 0.000000000000000000e+00
4.960628913369701465e+00 -5.097719895684879599e-02 0.000000000000000000e+00
5.060804152253668420e+00 7.484331677449168260e-03 0.000000000000000000e+00
5.160609437996754423e+00 3.910732458066052547e-02 0.000000000000000000e+00
5.260521321794523253e+00 -2.041421042777631298e-02 0.000000000000000000e+00
5.360542927541686709e+00 4.110403058813868332e-02 0.000000000000000000e+00
5.460351121480531589e+00 -1.277781442297642144e-02 0.000000000000000000e+00
5.560202561635490426e+00 2.365568936922702106e-02 0.000000000000000000e+00
5.660212261175133541e+00 2.071751318256690247e-02 0.000000000000000000e+00
5.760666909301913385e+00 3.910960503738949989e-02 0.000000000000000000e+00
5.860488403937768709e+00 2.660694457247921030e-02 0.000000000000000000e+00
5.960286234654308402e+00 1.210393380985584112e-02 0.000000000000000000e+00
6.060495439198260392e+00 -6.355837602969788063e-04 0.000000000000000000e+00
6.160172772110693806e+00 -5.785164107668857095e-03 0.000000000000000000e+00
6.260000307388036589e+00 1.355829974706883496e-02 0.000000000000000000e+00
6.360019877723115833e+00 1.296681465541648162e-02 0.000000000000000000e+00
6.460393176898672429e+00 1.317384832752480257e-02 0.000000000000000000e+00
6.560712870799073393e+00 -2.974257722907109810e-02 0.000000000000000000e+00
6.660315614630555103e+00 2.045293955491499227e-02 0.000000000000000000e+00
6.760348783000822870e+00 3.210452570028311803e-02 0.000000000000000000e+00
6.860507314965895276e+00 6.027590464028574450e-03 0.000000000000000000e+00
6.960389334265283168e+00 5.766351191443171501e-03 0.000000000000000000e+00
7.060034423048193730e+00 1.112990106352841624e-02 0.000000000000000000e+00
7.159957956516346478e+00 -7.201707111471397117e-03 0.000000000000000000e+00
7.260192657847024833e+00 -3.680081458688300861e-02 0.000000000000000000e+00
7.360108533827269817e+00 -1.310612401767088930e-02 0.000000000000000000e+00
7.460339090618184343e+00 -1.604573965908809643e-02 0.000000000000000000e+00
7.560411676181439056e+00 4.757109263124169839e-03 0.000000000000000000e+00
7.660346114771154014e+00 1.150530319639087376e-02 0.000000000000000000e+00
7.760391007741484160e+00 2.651129757412531290e-02 0.000000000000000000e+00
7.860072651402888688e+00 2.688592453775309494e-03 0.000000000000000000e+00
7.959955397583765802e+00 -5.029450641922004681e-03 0.000000000000000000e+00
8.060172532623253616e+00 -4.825683890037166246e-03 0.000000000000000000e+00
8.160169871096277561e+00 1.067697589369987453e-02 0.000000000000000000e+00
8.260209309247560583e+00 6.865076250640961449e-03 0.000000000000000000e+00
8.360295260333263201e+00 -1.113618844238697426e-02 0.000000000000000000e+00
8.460314428833417111e+00 -1.483135833635789054e-02 0.000000000000000000e+00
8.560221857099927334e+00 2.075717981978672348e-03 0.000000000000000000e+00
8.660164637941472066e+00 1.916862344910783694e-02 0.000000000000000000e+00
8.760181857056902999e+00 8.681723296000996848e-03 0.000000000000000000e+00
8.860218717977446090e+00 3.612326062698121426e-02 0.000000000000000000e+00
8.960267699615021897e+00 -5.167196184164481176e-03 0.000000000000000000e+00
9.060158543440742562e+00 1.336428499711184506e-03 0.000000000000000000e+00
9.160314747803932178e+00 -7.928548550596841230e-03 0.000000000000000000e+00
9.260376927016194415e+00 -6.210497740091991750e-03 0.000000000000000000e+00
9.360208025918709041e+00 -2.613699850612594827e-03 0.000000000000000000e+00
9.460075101117821461e+00 1.644002343154930476e-02 0.000000000000000000e+00
9.559992906282033687e+00 3.407042205255911543e-03 0.000000000000000000e+00
9.660236476231109037e+00 -1.006044184451476871e-02 0.000000000000000000e+00
9.760211827678935137e+00 2.582648635380137715e-03 0.000000000000000000e+00
9.860087741133007455e+00 8.759113680125575445e-04 0.000000000000000000e+00
9.960113214171899543e+00 1.008803062476617586e-02 0.000000000000000000e+00
1.006014253496011435e+01 -9.215618333171825055e-04 0.000000000000000000e+00
1.016015305856116946e+01 -1.510641765502430262e-02 0.000000000000000000e+00
1.026012791460989426e+01 -1.143051834239639485e-02 0.000000000000000000e+00
1.036009715580952850e+01 1.096684198413907900e-02 0.000000000000000000e+00
1.045999384679854316e+01 -5.844910721438984977e-03 0.000000000000000000e+00
1.055998031172832619e+01 1.017193292713533320e-03 0.000000000000000000e+00
1.066015733025465018e+01 -4.179168451547986100e-03 0.000000000000000000e+00
1.076005445242803127e+01 1.050021834377653195e-02 0.000000000000000000e+00
1.086017199500644104e+01 -6.100737544455784450e-03 0.000000000000000000e+00
1.096035721378511774e+01 -1.253500458390946481e-02 0.000000000000000000e+00
1.106014543005698059e+01 -7.182197136016687904e-03 0.000000000000000000e+00
1.116013746602539669e+01 -8.815191272882263659e-03 0.000000000000000000e+00
1.126001995331923311e+01 4.819203893733910865e-03 0.000000000000000000e+00
1.135997563511528519e+01 4.353954529561360198e-03 0.000000000000000000e+00
1.146027771572255105e+01 4.590025810213446862e-03 0.000000000000000000e+00
1.156025344308602243e+01 -8.335566793801218316e-03 0.000000000000000000e+00
1.166020264054967370e+01 -1.779781633276842018e-03 0.000000000000000000e+00
1.176010824919332443e+01 1.022270555542321470e-02 0.000000000000000000e+00
1.186009918100251248e+01 1.548398083212666667e-03 0.000000000000000000e+00
1.196022404466052436e+01 8.075414342350487745e-03 0.000000000000000000e+00
1.206014086953631015e+01 9.482079195916530423e-03 0.000000000000000000e+00
1.216012200167176260e+01 -4.904660819456116601e-03 0.000000000000000000e+00
1.225991162114084787e+01 -2.117496995105220409e-03 0.000000000000000000e+00
1.235998963976033949e+01 2.455785750950234114e-03 0.000000000000000000e+00
1.246019708267939308e+01 -8.457364192744102130e-03 0.000000000000000000e+00
1.256029988740128189e+01 -2.974136812283623664e-03 0.000000000000000000e+00
1.266021832804886849e+01 -1.932830599832889486e-03 0.000000000000000000e+00
1.276011783806912625e+01 9.031575713589338247e-04 0.000000000000000000e+00
1.286027643411210342e+01 -8.375489423728333521e-03 0.000000000000000000e+00
1.296020505403111756e+01 -6.142234746589582579e-03 0.000000000000000000e+00
1.306004381250698110e+01 -3.458526263312521488e-03 0.000000000000000000e+00
1.316008799938249751e+01 1.152933116200645196e-02 0.000000000000000000e+00
1.326024158855983259e+01 2.394594936715737526e-04 0.000000000000000000e+00
1.336025563904201441e+01 1.241601353180384927e-02 0.000000000000000000e+00
1.346008251893918484e+01 -4.721012165547593988e-03 0.000000000000000000e+00
1.356002845306179871e+01 2.882030652738403338e-05 0.000000000000000000e+00
1.366017449007571649e+01 -6.341104707009635050e-03 0.000000000000000000e+00
1.376018618598503629e+01 3.873517636256511385e-03 0.000000000000000000e+00
1.386016602641027795e+01 4.108201014090318015e-03 0.000000000000000000e+00
1.396016603220776808e+01 9.711150456845704269e-04 0.000000000000000000e+00
1.406021375009726349e+01 -6.141276309217325556e-03 0.000000000000000000e+00
1.416017889984025935e+01 1.426559048298228251e-03 0.000000000000000000e+00
1.426021760910094116e+01 4.103724850439586375e-03 0.000000000000000000e+00
1.436020568897167315e+01 -9.029362236663370303e-03 0.000000000000000000e+00
1.446009957908403720e+01 -2.555414357493718432e-03 0.000000000000000000e+00
1.456020661983343167e+01 -8.703507464877321617e-03 0.000000000000000000e+00
1.466035845314601893e+01 -3.614119473786943544e-03 0.000000000000000000e+00
1.476027873150629333e+01 -3.274558997053246285e-03 0.000000000000000000e+00
1.486011958734484217e+01 7.876917385600382994e-04 0.000000000000000000e+00
1.496014783579061636e+01 -5.833602872931653843e-04 0.000000000000000000e+00
1.506017080873394143e+01 -4.746100521499367619e-03 0.000000000000000000e+00
1.516008530228541495e+01 6.654711366126006902e-03 0.000000000000000000e+00
1.526016901980520579e+01 2.424474770480793129e-03 0.000000000000000000e+00
1.536028844696910411e+01 -3.001205191491071868e-04 0.000000000000000000e+00
1.546018238599979000e+01 -1.387384067994305685e-03 0.000000000000000000e+00
1.556018596824832123e+01 2.125958195166617517e-03 0.000000000000000000e+00
1.566018715656100824e+01 -5.539741701975410028e-04 0.000000000000000000e+00
1.576017128895625774e+01 8.483328408596352657e-05 0.000000000000000000e+00
1.586022654335216053e+01 -2.217624917119160200e-03 0.000000000000000000e+00
1.596027194439420605e+01 -6.566013207193625639e-04 0.000000000000000000e+00
1.606019988436615265e+01 -1.977553079010255753e-03 0.000000000000000000e+00
1.616001619001476186e+01 -7.653252791258098250e-03 0.000000000000000000e+00
1.626011267441217711e+01 2.716153572004585855e-03 0.000000000000000000e+00
1.636015423131000901e+01 -9.211499850678340649e-04 0.000000000000000000e+00
1.646013567016607482e+01 -1.316768315870537253e-03 0.000000000000000000e+00
1.656007240838085437e+01 3.138363798489201759e-03 0.000000000000000000e+00
1.665992901383054914e+01 -1.944128373364122433e-03 0.000000000000000000e+00
1.676002219346689159e+01 -5.990627868486901424e-03 0.000000000000000000e+00
1.686003790855481910e+01 5.483219911297601296e-04 0.000000000000000000e+00
1.696008931641028283e+01 3.928090500165664495e-03 0.000000000000000000e+00
1.706015857686212200e+01 5.274155014498262822e-03 0.000000000000000000e+00
1.716002510614071497e+01 -3.247605464707603758e-03 0.000000000000000000e+00
1.726005228275917602e+01 2.067879104079293692e-03 0.000000000000000000e+00
1.736004143261135368e+01 -2.586794789451925605e-03 0.000000000000000000e+00
1.746000211235884692e+01 -4.600774312046026354e-03 0.000000000000000000e+00
1.756012122361867966e+01 2.124857459238174793e-03 0.000000000000000000e+00
1.766014398804343344e+01 3.021315873483523470e-03 0.000000000000000000e+00
1.776015571561410411e+01 2.412401190656739310e-03 0.000000000000000000e+00
1.786014681601529830e+01 1.351617871851075329e-03 0.000000000000000000e+00
1.796008276126707415e+01 1.329144100934253996e-03 0.000000000000000000e+00
1.806015261825141849e+01 -8.574800730964503162e-04 0.000000000000000000e+00
1.816009831592651835e+01 -3.727581187489804274e-04 0.000000000000000000e+00
1.826011438206822390e+01 -4.534612210776297009e-06 0.000000000000000000e+00
1.836018372585242631e+01 -5.042623476729648363e-03 0.000000000000000000e+00
1.846011248160125007e+01 1.947589389368261650e-04 0.000000000000000000e+00
1.856012405487159711e+01 -7.668358560843774319e-03 0.000000000000000000e+00
1.866007499050376595e+01 1.440757670981447896e-03 0.000000000000000000e+00
1.876012430072754356e+01 2.350598246743888092e-03 0.000000000000000000e+00
1.886008617154970324e+01 -2.329354160639877762e-03 0.000000000000000000e+00
1.896000428863321119e+01 1.542796469027793091e-03 0.000000000000000000e+00
1.906004619657873178e+01 2.796649013648677250e-03 0.000000000000000000e+00
1.916012450871170714e+01 1.263451564024678378e-03 0.000000000000000000e+00
1.926014135632459556e+01 -1.947906023189943572e-03 0.000000000000000000e+00
1.936003992471836455e+01 1.470485861036383143e-03 0.000000000000000000e+00
1.946009659168149142e+01 -1.238332903934992370e-03 0.000000000000000000e+00
1.956009751796509732e+01 -2.036282866880570518e-04 0.000000000000000000e+00
1.966003308899824376e+01 6.487795386292683798e-03 0.000000000000000000e+00
1.976006350907396580e+01 -2.032302154261128330e-03 0.000000000000000000e+00
1.986013807476350834e+01 -1.241821344380321292e-03 0.000000000000000000e+00
1.996016270699268702e+01 1.031644237388461066e-03 0.000000000000000000e+00
2.006011812007354322e+01 3.901834222794380459e-03 0.000000000000000000e+00
2.016010605821437096e+01 -9.991004654312141847e-05 0.000000000000000000e+00
2.026020834532102199e+01 -3.698795449643629135e-03 0.000000000000000000e+00
2.036015264346706388e+01 -1.893865182420395414e-03 0.000000000000000000e+00
2.046014229129198014e+01 -1.517585729069836301e-03 0.000000000000000000e+00
2.056020556242132713e+01 3.282114619251395859e-03 0.000000000000000000e+00
2.066006737361054846e+01 3.543999008632229848e-03 0.000000000000000000e+00
2.076011273190236039e+01 -1.048233605835895751e-03 0.000000000000000000e+00
2.086019097974652325e+01 9.481058304453973207e-04 0.000000000000000000e+00
2.096013179077616329e+01 -5.525231424843055072e-03 0.000000000000000000e+00
2.106005425085002614e+01 -3.211804830503472378e-03 0.000000000000000000e+00
2.116004591121704337e+01 2.063528623213700501e-03 0.000000000000000000e+00
2.126006410376831823e+01 1.842477239843184509e-03 0.000000000000000000e+00
2.136004018857844144e+01 8.192215769192306724e-04 0.000000000000000000e+00
2.146015210129004203e+01 -1.738304504154947368e-03 0.000000000000000000e+00
2.156018961599651362e+01 1.517334574594276413e-03 0.000000000000000000e+00
2.166014215802494647e+01 -2.309841351506203896e-03 0.000000000000000000e+00
2.176005975325295339e+01 -6.863667947393108136e-04 0.000000000000000000e+00
2.186002365495255262e+01 -1.292438275087651363e-03 0.000000000000000000e+00
2.196015797577956619e+01 1.650505288935491663e-03 0.000000000000000000e+00
2.206015327450682051e+01 -2.958361435695339679e-03 0.000000000000000000e+00
2.216022562432646836e+01 -6.934409249000019924e-04 0.000000000000000000e+00
2.226023762596713595e+01 -1.456276788185240654e-03 0.000000000000000000e+00
2.236012187475994395e+01 -6.277898480935370919e-05 0.000000000000000000e+00
2.246005770765591691e+01 -3.942633517098464817e-03 0.000000000000000000e+00
2.256004550991068669e+01 -2.749637729535186256e-03 0.000000000000000000e+00
2.266007914369372855e+01 -1.785221292334684701e-03 0.000000000000000000e+00
2.276000806581113878e+01 7.369757542499786197e-04 0.000000000000000000e+00
2.286010844514616380e+01 6.321370503018555178e-04 0.000000000000000000e+00
2.296007356234825281e+01 4.687977491217301066e-04 0.000000000000000000e+00
2.306005103070280882e+01 -1.631000595970285563e-03 0.000000000000000000e+00
2.316011535778469366e+01 9.651441590233110403e-04 0.000000000000000000e+00
2.326004152122711943e+01 -5.397421584259901647e-04 0.000000000000000000e+00
2.336003177061514791e+01 -1.755930689722457047e-03 0.000000000000000000e+00
2.345997616252074280e+01 -4.296500694744207990e-04 0.000000000000000000e+00
2.355996558789114559e+01 -1.348625692948406335e-03 0.000000000000000000e+00
2.366005677356592685e+01 3.156331415758862734e-03 0.000000000000000000e+00
2.376008499752514425e+01 2.074336558992644682e-03 0.000000000000000000e+00
2.386008650357267769e+01 9.485830001360181715e-04 0.000000000000000000e+00
2.396008208139831552e+01 -2.129445836577695348e-03 0.000000000000000000e+00
2.406007349624439229e+01 1.271371298774399408e-03 0.000000000000000000e+00
2.416005355753632244e+01 1.127884333537448316e-03 0.000000000000000000e+00
2.426000100264842274e+01 -1.175006677846561791e-03 0.000000000000000000e+00
2.436013464581442989e+01 8.233384486014848000e-04 0.000000000000000000e+00
2.446023033168192740e+01 2.658709015103416767e-03 0.000000000000000000e+00
2.456010370727704029e+01 -5.728825534389651560e-04 0.000000000000000000e+00
2.466007991705158631e+01 3.314686519713948049e-04 0.000000000000000000e+00
2.476007853616273735e+01 -1.609339342412065277e-03 0.000000000000000000e+00
2.486010699666847046e+01 -1.135734961159369548e-03 0.000000000000000000e+00
2.496012068606717094e+01 -1.512053019784210693e-04 0.000000000000000000e+00
2.506011884904720333e+01 -3.503559741654590229e-04 0.000000000000000000e+00
2.516016461492254663e+01 7.558295884442793773e-04 0.000000000000000000e+00
2.526004864631245894e+01 6.219413789894606779e-04 0.000000000000000000e+00
2.536000880997600149e+01 1.190635330977193786e-03 0.000000000000000000e+00
2.546000763258749444e+01 1.250272664751425102e-03 0.000000000000000000e+00
2.556005256491409483e+01 9.989881771032807414e-04 0.000000000000000000e+00
2.566007495662108084e+01 1.020200424460789186e-03 0.000000000000000000e+00
2.576001284207799458e+01 9.156971083761321090e-04 0.000000000000000000e+00
2.586005665426739952e+01 5.497106903912576384e-04 0.000000000000000000e+00
2.595995283772588991e+01 3.978456160395027453e-04 0.000000000000000000e+00
2.605992768761304035e+01 1.238701090768585394e-03 0.000000000000000000e+00
2.616008588888359654e+01 1.045496169690463212e-03 0.000000000000000000e+00
2.626013639090650997e+01 8.991758772202424052e-04 0.000000000000000000e+00
2.636010086664784069e+01 -4.972424235778127519e-04 0.000000000000000000e+00
2.646009292255724077e+01 -5.375918405102545188e-04 0.000000000000000000e+00
2.656009163346045199e+01 4.803356388398085015e-04 0.000000000000000000e+00
2.666007616590135143e+01 -4.370089411450509584e-05 0.000000000000000000e+00
2.676007911660554939e+01 -1.626811044337614235e-03 0.000000000000000000e+00
2.686008193545500689e+01 -1.272573874273811266e-03 0.000000000000000000e+00
2.696008527403073884e+01 -1.922239397642289170e-03 0.000000000000000000e+00
2.706014568371496409e+01 8.520259704407991868e-04 0.000000000000000000e+00
2.716014672685720654e+01 1.442576697599369864e-03 0.000000000000000000e+00
2.726011201775047255e+01 -4.542484889902841149e-04 0.000000000000000000e+00
2.736011629044526217e+01 2.406807808604604997e-04 0.000000000000000000e+00
2.746009456312569696e+01 2.446426358741466030e-03 0.000000000000000000e+00
2.756010111326260414e+01 2.201274193159105544e-04 0.000000000000000000e+00
2.766000659215977819e+01 1.587506850079573604e-03 0.000000000000000000e+00
2.775996930878592650e+01 1.584142526495422101e-03 0.000000000000000000e+00
2.786001736508387339e+01 -8.829515593894046808e-04 0.000000000000000000e+00
2.796003666424917711e+01 4.077785825502353435e-04 0.000000000000000000e+00
2.806007318658330973e+01 -1.165462018451670018e-03 0.000000000000000000e+00
2.816002575392253959e+01 -1.766681384061357567e-03 0.000000000000000000e+00
2.826008618070721923e+01 -4.013050887531444897e-05 0.000000000000000000e+00
2.836011268337557567e+01 1.074330100051509092e-04 0.000000000000000000e+00
2.846006766072591532e+01 -5.978130390963648077e-04 0.000000000000000000e+00
2.856002342132942928e+01 -2.579521333307486630e-03 0.000000000000000000e+00
2.865999923614900879e+01 4.607479914362763501e-04 0.000000000000000000e+00
2.876004741964181477e+01 -7.770789273524685275e-04 0.000000000000000000e+00
2.886004046337784956e+01 7.174217526313571812e-04 0.000000000000000000e+00
2.896008102924385952e+01 -1.267415612674937728e-03 0.000000000000000000e+00
2.906013056701853259e+01 -6.843179142995833505e-04 0.000000000000000000e+00
2.916008342699372236e+01 2.737201096733831969e-04 0.000000000000000000e+00
2.926005396200691067e+01 1.212566897932049019e-03 0.000000000000000000e+00
2.936006015490019294e+01 -1.035080507477512124e-03 0.000000000000000000e+00
2.946008302370103493e+01 1.308432410316985681e-04 0.000000000000000000e+00
2.956005136911289100e+01 -1.054374182149882266e-03 0.000000000000000000e+00
2.966004211127815182e+01 -5.664600189430626887e-04 0.000000000000000000e+00
2.976008309869055068e+01 -1.295205956853801065e-03 0.000000000000000000e+00
2.986006866468150278e+01 -2.066096212420308244e-03 0.000000000000000000e+00
2.996000836426628311e+01 -1.845215020224172256e-03 0.000000000000000000e+00
3.005998672307784148e+01 -1.820362081381922100e-03 0.000000000000000000e+00
3.015999329076658597e+01 6.032261659734452884e-05 0.000000000000000000e+00
3.025997071981619158e+01 -9.424573827274838802e-04 0.000000000000000000e+00
3.035998250913087304e+01 -1.409496425282848100e-03 0.000000000000000000e+00
3.046003667608819399e+01 -3.741241116785373332e-04 0.000000000000000000e+00
3.056001139595522531e+01 -3.098636941489803318e-04 0.000000000000000000e+00
3.066003402547599066e+01 -8.758746993011570304e-04 0.000000000000000000e+00
3.076012870266283983e+01 7.147266867267207911e-04 0.000000000000000000e+00
3.086005490868008394e+01 3.998168686605747270e-04 0.000000000000000000e+00
3.096001904061603582e+01 2.233030994625232596e-04 0.000000000000000000e+00
3.106011009671765066e+01 -2.894859295468986320e-05 0.000000000000000000e+00
3.116010574269009226e+01 1.742798763344978420e-03 0.000000000000000000e+00
3.126007157798853697e+01 1.063015837050974377e-03 0.000000000000000000e+00
3.136002568220683173e+01 -1.166408347182090440e-03 0.000000000000000000e+00
3.146005315939301639e+01 -8.597784903145517165e-04 0.000000000000000000e+00
3.156011152172583678e+01 8.441137676927687981e-04 0.000000000000000000e+00
3.166012355668277323e+01 1.283747350867650051e-04 0.000000000000000000e+00
3.176010027308443640e+01 -8.808954032456764352e-05 0.000000000000000000e+00
3.186006179385135795e+01 5.081681945321822776e-04 0.000000000000000000e+00
3.196011793235989273e+01 -1.358007451323692879e-03 0.000000000000000000e+00
3.206002367541852749e+01 3.662942755813634746e-04 0.000000000000000000e+00
3.215992380861585787e+01 3.528798601452514728e-04 0.000000000000000000e+00
