8.899641323548096450e-02 1.306265925480769283e+03 0.000000000000000000e+00
1.762294649249977474e-01 4.990692816840277715e+02 0.000000000000000000e+00
2.662437218389693272e-01 2.815839719347134178e+02 0.000000000000000000e+00
3.649346201087940722e-01 1.549506946910511545e+02 0.000000000000000000e+00
4.635470928990934603e-01 9.263230499507874072e+01 0.000000000000000000e+00
5.630121343059290018e-01 6.936736864595718544e+01 0.000000000000000000e+00
6.637476258980694599e-01 4.948401789878731449e+01 0.000000000000000000e+00
7.630437067904533022e-01 3.829645249253483996e+01 0.000000000000000000e+00
8.639090016071222511e-01 3.103909789778784756e+01 0.000000000000000000e+00
9.621426022616451634e-01 2.624700532235113926e+01 0.000000000000000000e+00
1.060650350388561591e+00 2.198587931300741261e+01 0.000000000000000000e+00
1.160695738208251893e+00 1.899414863899472294e+01 0.000000000000000000e+00
1.260988189711796936e+00 1.715461799582206837e+01 0.000000000000000000e+00
1.360965173221828639e+00 1.538082901554404103e+01 0.000000000000000000e+00
1.459516200429978205e+00 1.393603699604370760e+01 0.000000000000000000e+00
1.559771173841701275e+00 1.257948792058682663e+01 0.000000000000000000e+00
1.660823609444051829e+00 1.162042302481460254e+01 0.000000000000000000e+00
1.760863065096903490e+00 1.065045308319531081e+01 0.000000000000000000e+00
1.860831138252939221e+00 9.762653747139587779e+00 0.000000000000000000e+00
1.960558372004485239e+00 9.161792125295750822e+00 0.000000000000000000e+00
2.060584726315924708e+00 8.568282554499072390e+00 0.000000000000000000e+00
2.160729659345701492e+00 8.058865971752368296e+00 0.000000000000000000e+00
2.260719120019153650e+00 7.752436240250212052e+00 0.000000000000000000e+00
2.361163348282317553e+00 7.179915534006189759e+00 0.000000000000000000e+00
2.461248779664896524e+00 6.958281893845247090e+00 0.000000000000000000e+00
2.561100761153063843e+00 6.498009739771359428e+00 0.000000000000000000e+00
2.660769167700723692e+00 6.308752847941043740e+00 0.000000000000000000e+00
2.760458960728367384e+00 6.080359562961433539e+00 0.000000000000000000e+00
2.860591290042267865e+00 5.733166048472839726e+00 0.000000000000000000e+00
2.960639175481798446e+00 5.573693067085483399e+00 0.000000000000000000e+00
3.060358024137067812e+00 5.362096196647640589e+00 0.000000000000000000e+00
3.160794728097130246e+00 5.231156839531093006e+00 0.000000000000000000e+00
3.261199944599915135e+00 4.974620259378388809e+00 0.000000000000000000e+00
3.360749919420539911e+00 4.878096397636414672e+00 0.000000000000000000e+00
3.459835126459389176e+00 4.751705400434709681e+00 0.000000000000000000e+00
3.560188740940378516e+00 4.581499296463967141e+00 0.000000000000000000e+00
3.660846965852959656e+00 4.420141558249556901e+00 0.000000000000000000e+00
3.760451276577104540e+00 4.341191876348454493e+00 0.000000000000000000e+00
3.860212202906779577e+00 4.178062230989956660e+00 0.000000000000000000e+00
3.960532647077731117e+00 4.093528904362123910e+00 0.000000000000000000e+00
4.060962209834743319e+00 4.007030275031199018e+00 0.000000000000000000e+00
4.160148069051775366e+00 3.850883356248266942e+00 0.000000000000000000e+00
4.259582262654759255e+00 3.772919973041720443e+00 0.000000000000000000e+00
4.360164345516578166e+00 3.727656635485197434e+00 0.000000000000000000e+00
4.460573579149521350e+00 3.595449779112479316e+00 0.000000000000000000e+00
4.560530149156328150e+00 3.504350540275982695e+00 0.000000000000000000e+00
4.660287485696529508e+00 3.462217343553473548e+00 0.000000000000000000e+00
4.760262084699077079e+00 3.389018846548604635e+00 0.000000000000000000e+00
4.860447565083823029e+00 3.332442585028342563e+00 0.000000000000000000e+00
4.960628913369701465e+00 3.283597415491041005e+00 0.000000000000000000e+00
5.060804152253668420e+00 3.220042456099815098e+00 0.000000000000000000e+00
5.160609437996754423e+00 3.149873398175296657e+00 0.000000000000000000e+00
5.260521321794523253e+00 3.095784444950731906e+00 0.000000000000000000e+00
5.360542927541686709e+00 3.056884174485472006e+00 0.000000000000000000e+00
5.460351121480531589e+00 3.012258521030487302e+00 0.000000000000000000e+00
5.560202561635490426e+00 2.966090833546407790e+00 0.000000000000000000e+00
5.660212261175133541e+00 2.921492027720044682e+00 0.000000000000000000e+00
5.760666909301913385e+00 2.903911124964545731e+00 0.000000000000000000e+00
5.860488403937768709e+00 2.844217276491220137e+00 0.000000000000000000e+00
5.960286234654308402e+00 2.782630041290835354e+00 0.000000000000000000e+00
6.060495439198260392e+00 2.730524327412262142e+00 0.000000000000000000e+00
6.160172772110693806e+00 2.689503410004070449e+00 0.000000000000000000e+00
6.260000307388036589e+00 2.674004034291477705e+00 0.000000000000000000e+00
6.360019877723115833e+00 2.633055128005299839e+00 0.000000000000000000e+00
6.460393176898672429e+00 2.609758333725140211e+00 0.000000000000000000e+00
6.560712870799073393e+00 2.578978784403669344e+00 0.000000000000000000e+00
6.660315614630555103e+00 2.549666934045546896e+00 0.000000000000000000e+00
6.760348783000822870e+00 2.510345262096774110e+00 0.000000000000000000e+00
6.860507314965895276e+00 2.476843984756841532e+00 0.000000000000000000e+00
6.960389334265283168e+00 2.455283482579362797e+00 0.000000000000000000e+00
7.060034423048193730e+00 2.430016797803916440e+00 0.000000000000000000e+00
7.159957956516346478e+00 2.409497591684329088e+00 0.000000000000000000e+00
7.260192657847024833e+00 2.394493837631729072e+00 0.000000000000000000e+00
7.360108533827269817e+00 2.359231538651968663e+00 0.000000000000000000e+00
7.460339090618184343e+00 2.347207908487951133e+00 0.000000000000000000e+00
7.560411676181439056e+00 2.316285402484918876e+00 0.000000000000000000e+00
7.660346114771154014e+00 2.288030452262657999e+00 0.000000000000000000e+00
7.760391007741484160e+00 2.306150909436634588e+00 0.000000000000000000e+00
7.860072651402888688e+00 2.256162823397075190e+00 0.000000000000000000e+00
7.959955397583765802e+00 2.243607760441252985e+00 0.000000000000000000e+00
8.060172532623253616e+00 2.229621510922330074e+00 0.000000000000000000e+00
8.160169871096277561e+00 2.200727967671275209e+00 0.000000000000000000e+00
8.260209309247560583e+00 2.174647561821123176e+00 0.000000000000000000e+00
8.360295260333263201e+00 2.159926958175548695e+00 0.000000000000000000e+00
8.460314428833417111e+00 2.142350550078385485e+00 0.000000000000000000e+00
8.560221857099927334e+00 2.116458153580672796e+00 0.000000000000000000e+00
8.660164637941472066e+00 2.087500855573866332e+00 0.000000000000000000e+00
8.760181857056902999e+00 2.090912787498199865e+00 0.000000000000000000e+00
8.860218717977446090e+00 2.060054249536564797e+00 0.000000000000000000e+00
8.960267699615021897e+00 2.042350355231047576e+00 0.000000000000000000e+00
9.060158543440742562e+00 2.035306508473923248e+00 0.000000000000000000e+00
9.160314747803932178e+00 2.016179105001873140e+00 0.000000000000000000e+00
9.260376927016194415e+00 1.997765176014044242e+00 0.000000000000000000e+00
9.360208025918709041e+00 1.987258598792093212e+00 0.000000000000000000e+00
9.460075101117821461e+00 1.982878331281497042e+00 0.000000000000000000e+00
9.559992906282033687e+00 1.964386945864797784e+00 0.000000000000000000e+00
9.660236476231109037e+00 1.941861667989663642e+00 0.000000000000000000e+00
9.760211827678935137e+00 1.935124399607771606e+00 0.000000000000000000e+00
9.860087741133007455e+00 1.921465944011659044e+00 0.000000000000000000e+00
9.960113214171899543e+00 1.907344998726398622e+00 0.000000000000000000e+00
1.006014253496011435e+01 1.880521065046573348e+00 0.000000000000000000e+00
1.016015305856116946e+01 1.870548470560296606e+00 0.000000000000000000e+00
1.026012791460989426e+01 1.856732530738856468e+00 0.000000000000000000e+00
1.036009715580952850e+01 1.835618210750818546e+00 0.000000000000000000e+00
1.045999384679854316e+01 1.825486341806889623e+00 0.000000000000000000e+00
1.055998031172832619e+01 1.812363788656602415e+00 0.000000000000000000e+00
1.066015733025465018e+01 1.816658398897823323e+00 0.000000000000000000e+00
1.076005445242803127e+01 1.790663322161207383e+00 0.000000000000000000e+00
1.086017199500644104e+01 1.780000457289189653e+00 0.000000000000000000e+00
1.096035721378511774e+01 1.769157399106095152e+00 0.000000000000000000e+00
1.106014543005698059e+01 1.756082950127807019e+00 0.000000000000000000e+00
1.116013746602539669e+01 1.741213559343498307e+00 0.000000000000000000e+00
1.126001995331923311e+01 1.730611777073804758e+00 0.000000000000000000e+00
1.135997563511528519e+01 1.712096443144950797e+00 0.000000000000000000e+00
1.146027771572255105e+01 1.709761079419483965e+00 0.000000000000000000e+00
1.156025344308602243e+01 1.695715090173530282e+00 0.000000000000000000e+00
1.166020264054967370e+01 1.684316975358723933e+00 0.000000000000000000e+00
1.176010824919332443e+01 1.679379185783596018e+00 0.000000000000000000e+00
1.186009918100251248e+01 1.667868090009564819e+00 0.000000000000000000e+00
1.196022404466052436e+01 1.649840638055659836e+00 0.000000000000000000e+00
1.206014086953631015e+01 1.644915917806806460e+00 0.000000000000000000e+00
1.216012200167176260e+01 1.632642058512287164e+00 0.000000000000000000e+00
1.225991162114084787e+01 1.625768370409209185e+00 0.000000000000000000e+00
1.235998963976033949e+01 1.615730956729779733e+00 0.000000000000000000e+00
1.246019708267939308e+01 1.608935289045569705e+00 0.000000000000000000e+00
1.256029988740128189e+01 1.591919849338421900e+00 0.000000000000000000e+00
1.266021832804886849e+01 1.595624347273024046e+00 0.000000000000000000e+00
1.276011783806912625e+01 1.585552623692142005e+00 0.000000000000000000e+00
1.286027643411210342e+01 1.576518778053672243e+00 0.000000000000000000e+00
1.296020505403111756e+01 1.570715122791494611e+00 0.000000000000000000e+00
1.306004381250698110e+01 1.555640079504050588e+00 0.000000000000000000e+00
1.316008799938249751e+01 1.542687740408660746e+00 0.000000000000000000e+00
1.326024158855983259e+01 1.530963367062882385e+00 0.000000000000000000e+00
1.336025563904201441e+01 1.521342712328281666e+00 0.000000000000000000e+00
1.346008251893918484e+01 1.515073494083783778e+00 0.000000000000000000e+00
1.356002845306179871e+01 1.499129623156580937e+00 0.000000000000000000e+00
1.366017449007571649e+01 1.496320097405614558e+00 0.000000000000000000e+00
1.376018618598503629e+01 1.494322547474135732e+00 0.000000000000000000e+00
1.386016602641027795e+01 1.476972454546201519e+00 0.000000000000000000e+00
1.396016603220776808e+01 1.469413196308639646e+00 0.000000000000000000e+00
1.406021375009726349e+01 1.458896488505150968e+00 0.000000000000000000e+00
1.416017889984025935e+01 1.454598589062820357e+00 0.000000000000000000e+00
1.426021760910094116e+01 1.453740771147698396e+00 0.000000000000000000e+00
1.436020568897167315e+01 1.435902580446970056e+00 0.000000000000000000e+00
1.446009957908403720e+01 1.433923411154222727e+00 0.000000000000000000e+00
1.456020661983343167e+01 1.420855268053127007e+00 0.000000000000000000e+00
1.466035845314601893e+01 1.411727071168686454e+00 0.000000000000000000e+00
1.476027873150629333e+01 1.406438587230083526e+00 0.000000000000000000e+00
1.486011958734484217e+01 1.406605731048545804e+00 0.000000000000000000e+00
1.496014783579061636e+01 1.390279312088489094e+00 0.000000000000000000e+00
1.506017080873394143e+01 1.383587159527650545e+00 0.000000000000000000e+00
1.516008530228541495e+01 1.372858857576049196e+00 0.000000000000000000e+00
1.526016901980520579e+01 1.364810851912402923e+00 0.000000000000000000e+00
1.536028844696910411e+01 1.359011851817122363e+00 0.000000000000000000e+00
1.546018238599979000e+01 1.349060593633054861e+00 0.000000000000000000e+00
1.556018596824832123e+01 1.345208112083344121e+00 0.000000000000000000e+00
1.566018715656100824e+01 1.339877484468046775e+00 0.000000000000000000e+00
1.576017128895625774e+01 1.330744177476766321e+00 0.000000000000000000e+00
1.586022654335216053e+01 1.324269471602768311e+00 0.000000000000000000e+00
1.596027194439420605e+01 1.316508331462978632e+00 0.000000000000000000e+00
1.606019988436615265e+01 1.306066328848881630e+00 0.000000000000000000e+00
1.616001619001476186e+01 1.303151124028018026e+00 0.000000000000000000e+00
1.626011267441217711e+01 1.297550120981679989e+00 0.000000000000000000e+00
1.636015423131000901e+01 1.288763625889929543e+00 0.000000000000000000e+00
1.646013567016607482e+01 1.275531500789429673e+00 0.000000000000000000e+00
1.656007240838085437e+01 1.273310006063405941e+00 0.000000000000000000e+00
1.665992901383054914e+01 1.269459138085776040e+00 0.000000000000000000e+00
1.676002219346689159e+01 1.257189522080487620e+00 0.000000000000000000e+00
1.686003790855481910e+01 1.254593563656995370e+00 0.000000000000000000e+00
1.696008931641028283e+01 1.242594740091977901e+00 0.000000000000000000e+00
1.706015857686212200e+01 1.238667602940297652e+00 0.000000000000000000e+00
1.716002510614071497e+01 1.234713596578943529e+00 0.000000000000000000e+00
1.726005228275917602e+01 1.230016884740560368e+00 0.000000000000000000e+00
1.736004143261135368e+01 1.221936930729453863e+00 0.000000000000000000e+00
1.746000211235884692e+01 1.214104794737625115e+00 0.000000000000000000e+00
1.756012122361867966e+01 1.208261297665021328e+00 0.000000000000000000e+00
1.766014398804343344e+01 1.208872915497791967e+00 0.000000000000000000e+00
1.776015571561410411e+01 1.200139543828488531e+00 0.000000000000000000e+00
1.786014681601529830e+01 1.186709013651792599e+00 0.000000000000000000e+00
1.796008276126707415e+01 1.184896027752857961e+00 0.000000000000000000e+00
1.806015261825141849e+01 1.173499550264038627e+00 0.000000000000000000e+00
1.816009831592651835e+01 1.171809871546823700e+00 0.000000000000000000e+00
1.826011438206822390e+01 1.167337647145014534e+00 0.000000000000000000e+00
1.836018372585242631e+01 1.155451273509961574e+00 0.000000000000000000e+00
1.846011248160125007e+01 1.151006564538737287e+00 0.000000000000000000e+00
1.856012405487159711e+01 1.148153887336524681e+00 0.000000000000000000e+00
1.866007499050376595e+01 1.143548599071005256e+00 0.000000000000000000e+00
1.876012430072754356e+01 1.137091131957193468e+00 0.000000000000000000e+00
1.886008617154970324e+01 1.130839819085077691e+00 0.000000000000000000e+00
1.896000428863321119e+01 1.119733181518876242e+00 0.000000000000000000e+00
1.906004619657873178e+01 1.117418397529377661e+00 0.000000000000000000e+00
1.916012450871170714e+01 1.113698796305937710e+00 0.000000000000000000e+00
1.926014135632459556e+01 1.105933330419468508e+00 0.000000000000000000e+00
1.936003992471836455e+01 1.099207078596414977e+00 0.000000000000000000e+00
1.946009659168149142e+01 1.094879119620015828e+00 0.000000000000000000e+00
1.956009751796509732e+01 1.087820249384592541e+00 0.000000000000000000e+00
1.966003308899824376e+01 1.081276793059224417e+00 0.000000000000000000e+00
1.976006350907396580e+01 1.078264262050018241e+00 0.000000000000000000e+00
1.986013807476350834e+01 1.068367680732744684e+00 0.000000000000000000e+00
1.996016270699268702e+01 1.065934752099207961e+00 0.000000000000000000e+00
2.006011812007354322e+01 1.060024542328031893e+00 0.000000000000000000e+00
2.016010605821437096e+01 1.056571496275117816e+00 0.000000000000000000e+00
2.026020834532102199e+01 1.046290490766914383e+00 0.000000000000000000e+00
2.036015264346706388e+01 1.040728262457497832e+00 0.000000000000000000e+00
2.046014229129198014e+01 1.036959733962079522e+00 0.000000000000000000e+00
2.056020556242132713e+01 1.029289738622466643e+00 0.000000000000000000e+00
2.066006737361054846e+01 1.028932051067078079e+00 0.000000000000000000e+00
2.076011273190236039e+01 1.022267630987408360e+00 0.000000000000000000e+00
2.086019097974652325e+01 1.009956002291585220e+00 0.000000000000000000e+00
2.096013179077616329e+01 1.010255795845261817e+00 0.000000000000000000e+00
2.106005425085002614e+01 1.003133672782997143e+00 0.000000000000000000e+00
2.116004591121704337e+01 9.973955396910413329e-01 0.000000000000000000e+00
2.126006410376831823e+01 9.952833445795937761e-01 0.000000000000000000e+00
2.136004018857844144e+01 9.905377413565699118e-01 0.000000000000000000e+00
2.146015210129004203e+01 9.861575220875352654e-01 0.000000000000000000e+00
2.156018961599651362e+01 9.796916173032850228e-01 0.000000000000000000e+00
2.166014215802494647e+01 9.725202454710755173e-01 0.000000000000000000e+00
2.176005975325295339e+01 9.681862928463360607e-01 0.000000000000000000e+00
2.186002365495255262e+01 9.646988280950168360e-01 0.000000000000000000e+00
2.196015797577956619e+01 9.573453991681817321e-01 0.000000000000000000e+00
2.206015327450682051e+01 9.540973989422922852e-01 0.000000000000000000e+00
2.216022562432646836e+01 9.493696366990136415e-01 0.000000000000000000e+00
2.226023762596713595e+01 9.457224682195101151e-01 0.000000000000000000e+00
2.236012187475994395e+01 9.391572681926898536e-01 0.000000000000000000e+00
2.246005770765591691e+01 9.346561340038122001e-01 0.000000000000000000e+00
2.256004550991068669e+01 9.312033464675186778e-01 0.000000000000000000e+00
2.266007914369372855e+01 9.281672149089050805e-01 0.000000000000000000e+00
2.276000806581113878e+01 9.210948670615745071e-01 0.000000000000000000e+00
2.286010844514616380e+01 9.172029468773488237e-01 0.000000000000000000e+00
2.296007356234825281e+01 9.166776190290224502e-01 0.000000000000000000e+00
2.306005103070280882e+01 9.092941186490007821e-01 0.000000000000000000e+00
2.316011535778469366e+01 9.058363892016814134e-01 0.000000000000000000e+00
2.326004152122711943e+01 9.021681230275280239e-01 0.000000000000000000e+00
2.336003177061514791e+01 8.975125090099609348e-01 0.000000000000000000e+00
2.345997616252074280e+01 8.917185076962839130e-01 0.000000000000000000e+00
2.355996558789114559e+01 8.872731381498860648e-01 0.000000000000000000e+00
2.366005677356592685e+01 8.821876840737619130e-01 0.000000000000000000e+00
2.376008499752514425e+01 8.790860634379907834e-01 0.000000000000000000e+00
2.386008650357267769e+01 8.713701033443753685e-01 0.000000000000000000e+00
2.396008208139831552e+01 8.686664433444948319e-01 0.000000000000000000e+00
2.406007349624439229e+01 8.662720079035159948e-01 0.000000000000000000e+00
2.416005355753632244e+01 8.563368807672312455e-01 0.000000000000000000e+00
2.426000100264842274e+01 8.540944760918234291e-01 0.000000000000000000e+00
2.436013464581442989e+01 8.512386099494777536e-01 0.000000000000000000e+00
2.446023033168192740e+01 8.495734039180459218e-01 0.000000000000000000e+00
2.456010370727704029e+01 8.413892342774292876e-01 0.000000000000000000e+00
2.466007991705158631e+01 8.398143619429657702e-01 0.000000000000000000e+00
2.476007853616273735e+01 8.340210355205146531e-01 0.000000000000000000e+00
2.486010699666847046e+01 8.306355859190523994e-01 0.000000000000000000e+00
2.496012068606717094e+01 8.268464349034756466e-01 0.000000000000000000e+00
2.506011884904720333e+01 8.231206417526144570e-01 0.000000000000000000e+00
2.516016461492254663e+01 8.178262607541699758e-01 0.000000000000000000e+00
2.526004864631245894e+01 8.154414158293366022e-01 0.000000000000000000e+00
2.536000880997600149e+01 8.103573767435927611e-01 0.000000000000000000e+00
2.546000763258749444e+01 8.053574694424970870e-01 0.000000000000000000e+00
2.556005256491409483e+01 8.014003275020280537e-01 0.000000000000000000e+00
2.566007495662108084e+01 7.988964777602167722e-01 0.000000000000000000e+00
2.576001284207799458e+01 7.913693649707138622e-01 0.000000000000000000e+00
2.586005665426739952e+01 7.898948915275844085e-01 0.000000000000000000e+00
2.595995283772588991e+01 7.844209747400714416e-01 0.000000000000000000e+00
2.605992768761304035e+01 7.832993325810504448e-01 0.000000000000000000e+00
2.616008588888359654e+01 7.762181861742319944e-01 0.000000000000000000e+00
2.626013639090650997e+01 7.735985699711118713e-01 0.000000000000000000e+00
2.636010086664784069e+01 7.722258651804912999e-01 0.000000000000000000e+00
2.646009292255724077e+01 7.651484953132708933e-01 0.000000000000000000e+00
2.656009163346045199e+01 7.629925361103585546e-01 0.000000000000000000e+00
2.666007616590135143e+01 7.570504640822348641e-01 0.000000000000000000e+00
2.676007911660554939e+01 7.539727689419011281e-01 0.000000000000000000e+00
2.686008193545500689e+01 7.530444651462175898e-01 0.000000000000000000e+00
2.696008527403073884e+01 7.475537477800213715e-01 0.000000000000000000e+00
2.706014568371496409e+01 7.437057457875323463e-01 0.000000000000000000e+00
2.716014672685720654e+01 7.410718684336224937e-01 0.000000000000000000e+00
2.726011201775047255e+01 7.369257922373882996e-01 0.000000000000000000e+00
2.736011629044526217e+01 7.344225755775799502e-01 0.000000000000000000e+00
2.746009456312569696e+01 7.292536587051552388e-01 0.000000000000000000e+00
2.756010111326260414e+01 7.243646588995822366e-01 0.000000000000000000e+00
2.766000659215977819e+01 7.226433076394891408e-01 0.000000000000000000e+00
2.775996930878592650e+01 7.204481149572902199e-01 0.000000000000000000e+00
2.786001736508387339e+01 7.154461853034362884e-01 0.000000000000000000e+00
2.796003666424917711e+01 7.132291562112096361e-01 0.000000000000000000e+00
2.806007318658330973e+01 7.075461699394935966e-01 0.000000000000000000e+00
2.816002575392253959e+01 7.043365366467990718e-01 0.000000000000000000e+00
2.826008618070721923e+01 7.013169735857401887e-01 0.000000000000000000e+00
2.836011268337557567e+01 6.967244090581283800e-01 0.000000000000000000e+00
2.846006766072591532e+01 6.953726648294750179e-01 0.000000000000000000e+00
2.856002342132942928e+01 6.946432898460822569e-01 0.000000000000000000e+00
2.865999923614900879e+01 6.874926473095034352e-01 0.000000000000000000e+00
2.876004741964181477e+01 6.851239343980602969e-01 0.000000000000000000e+00
2.886004046337784956e+01 6.831468831941998054e-01 0.000000000000000000e+00
2.896008102924385952e+01 6.795086388898425867e-01 0.000000000000000000e+00
2.906013056701853259e+01 6.762080087292474673e-01 0.000000000000000000e+00
2.916008342699372236e+01 6.728750044717919376e-01 0.000000000000000000e+00
2.926005396200691067e+01 6.709344773237025938e-01 0.000000000000000000e+00
2.936006015490019294e+01 6.665895474410307164e-01 0.000000000000000000e+00
2.946008302370103493e+01 6.627192194616177146e-01 0.000000000000000000e+00
2.956005136911289100e+01 6.578785497874649613e-01 0.000000000000000000e+00
2.966004211127815182e+01 6.572647779037790183e-01 0.000000000000000000e+00
2.976008309869055068e+01 6.525319816116877947e-01 0.000000000000000000e+00
2.986006866468150278e+01 6.491172431476820437e-01 0.000000000000000000e+00
2.996000836426628311e+01 6.447573209379640069e-01 0.000000000000000000e+00
3.005998672307784148e+01 6.418564142831937325e-01 0.000000000000000000e+00
3.015999329076658597e+01 6.383196512267447220e-01 0.000000000000000000e+00
3.025997071981619158e+01 6.365582572135187744e-01 0.000000000000000000e+00
3.035998250913087304e+01 6.352876182421515194e-01 0.000000000000000000e+00
3.046003667608819399e+01 6.310584315223234375e-01 0.000000000000000000e+00
3.056001139595522531e+01 6.293519742633117975e-01 0.000000000000000000e+00
3.066003402547599066e+01 6.244604047341832942e-01 0.000000000000000000e+00
3.076012870266283983e+01 6.222481410220039866e-01 0.000000000000000000e+00
3.086005490868008394e+01 6.200228538454033433e-01 0.000000000000000000e+00
3.096001904061603582e+01 6.168951984656162457e-01 0.000000000000000000e+00
3.106011009671765066e+01 6.146382596957251643e-01 0.000000000000000000e+00
3.116010574269009226e+01 6.115469289508970174e-01 0.000000000000000000e+00
3.126007157798853697e+01 6.089083401473112112e-01 0.000000000000000000e+00
3.136002568220683173e+01 6.053034692008933959e-01 0.000000000000000000e+00
3.146005315939301639e+01 6.038093407381438515e-01 0.000000000000000000e+00
3.156011152172583678e+01 6.020764634774682378e-01 0.000000000000000000e+00
3.166012355668277323e+01 5.985468221479297579e-01 0.000000000000000000e+00
3.176010027308443640e+01 5.972151815921060702e-01 0.000000000000000000e+00
3.186006179385135795e+01 5.924062754789211072e-01 0.000000000000000000e+00
3.196011793235989273e+01 5.912681967684176865e-01 0.000000000000000000e+00
3.206002367541852749e+01 5.904830344009672771e-01 0.000000000000000000e+00
3.215992380861585787e+01 5.847106211712714829e-01 0.000000000000000000e+00
