8.899641323548096450e-02 1.735553936298077133e+03 0.000000000000000000e+00
1.762294649249977474e-01 6.605927734375000000e+02 0.000000000000000000e+00
2.662437218389693272e-01 3.936554538216560672e+02 0.000000000000000000e+00
3.649346201087940722e-01 2.260752840909090935e+02 0.000000000000000000e+00
4.635470928990934603e-01 1.394481576033464592e+02 0.000000000000000000e+00
5.630121343059290018e-01 1.038924085909631287e+02 0.000000000000000000e+00
6.637476258980694599e-01 7.876364272388059362e+01 0.000000000000000000e+00
7.630437067904533022e-01 6.286684016257465402e+01 0.000000000000000000e+00
8.639090016071222511e-01 5.095597348081023625e+01 0.000000000000000000e+00
9.621426022616451634e-01 4.380726658274956264e+01 0.000000000000000000e+00
1.060650350388561591e+00 3.789205071920225976e+01 0.000000000000000000e+00
1.160695738208251893e+00 3.197918651084407671e+01 0.000000000000000000e+00
1.260988189711796936e+00 2.921841207913492156e+01 0.000000000000000000e+00
1.360965173221828639e+00 2.626342731271588704e+01 0.000000000000000000e+00
1.459516200429978205e+00 2.438831421910323982e+01 0.000000000000000000e+00
1.559771173841701275e+00 2.241138275394673585e+01 0.000000000000000000e+00
1.660823609444051829e+00 2.074593776739874329e+01 0.000000000000000000e+00
1.760863065096903490e+00 1.939783730411517482e+01 0.000000000000000000e+00
1.860831138252939221e+00 1.765841318649885494e+01 0.000000000000000000e+00
1.960558372004485239e+00 1.706959803518156704e+01 0.000000000000000000e+00
2.060584726315924708e+00 1.599074095547309682e+01 0.000000000000000000e+00
2.160729659345701492e+00 1.515517961349797105e+01 0.000000000000000000e+00
2.260719120019153650e+00 1.452857001505907775e+01 0.000000000000000000e+00
2.361163348282317553e+00 1.390313555000703261e+01 0.000000000000000000e+00
2.461248779664896524e+00 1.323104335633461837e+01 0.000000000000000000e+00
2.561100761153063843e+00 1.276258931257521034e+01 0.000000000000000000e+00
2.660769167700723692e+00 1.206792866786678609e+01 0.000000000000000000e+00
2.760458960728367384e+00 1.184344990706799550e+01 0.000000000000000000e+00
2.860591290042267865e+00 1.130281404045041427e+01 0.000000000000000000e+00
2.960639175481798446e+00 1.089797088849001483e+01 0.000000000000000000e+00
3.060358024137067812e+00 1.057296813767251642e+01 0.000000000000000000e+00
3.160794728097130246e+00 1.039079239771757024e+01 0.000000000000000000e+00
3.261199944599915135e+00 1.003544830197852988e+01 0.000000000000000000e+00
3.360749919420539911e+00 9.771399170641043241e+00 0.000000000000000000e+00
3.459835126459389176e+00 9.537600317672630723e+00 0.000000000000000000e+00
3.560188740940378516e+00 9.182766426036950591e+00 0.000000000000000000e+00
3.660846965852959656e+00 8.873989133648729322e+00 0.000000000000000000e+00
3.760451276577104540e+00 8.726250560396760392e+00 0.000000000000000000e+00
3.860212202906779577e+00 8.489475397204952145e+00 0.000000000000000000e+00
3.960532647077731117e+00 8.454935415161555667e+00 0.000000000000000000e+00
4.060962209834743319e+00 8.234584993280215315e+00 0.000000000000000000e+00
4.160148069051775366e+00 7.973049438487844753e+00 0.000000000000000000e+00
4.259582262654759255e+00 7.854311830119356408e+00 0.000000000000000000e+00
4.360164345516578166e+00 7.698861533717105132e+00 0.000000000000000000e+00
4.460573579149521350e+00 7.604531917005857622e+00 0.000000000000000000e+00
4.560530149156328150e+00 7.395133833536075230e+00 0.000000000000000000e+00
4.660287485696529508e+00 7.352398877121347986e+00 0.000000000000000000e+00
4.760262084699077079e+00 7.193537549579013479e+00 0.000000000000000000e+00
4.860447565083823029e+00 7.040194127209069563e+00 0.000000000000000000e+00
4.960628913369701465e+00 6.922009359637464776e+00 0.000000000000000000e+00
5.060804152253668420e+00 6.728659311460258863e+00 0.000000000000000000e+00
5.160609437996754423e+00 6.589955201000163854e+00 0.000000000000000000e+00
5.260521321794523253e+00 6.509608436093865969e+00 0.000000000000000000e+00
5.360542927541686709e+00 6.392094035466652002e+00 0.000000000000000000e+00
5.460351121480531589e+00 6.305438959160108325e+00 0.000000000000000000e+00
5.560202561635490426e+00 6.193338500383533507e+00 0.000000000000000000e+00
5.660212261175133541e+00 6.122538447111777415e+00 0.000000000000000000e+00
5.760666909301913385e+00 6.049004103833790502e+00 0.000000000000000000e+00
5.860488403937768709e+00 5.930691373223079488e+00 0.000000000000000000e+00
5.960286234654308402e+00 5.853848107135365630e+00 0.000000000000000000e+00
6.060495439198260392e+00 5.769536976157627173e+00 0.000000000000000000e+00
6.160172772110693806e+00 5.688828649252251957e+00 0.000000000000000000e+00
6.260000307388036589e+00 5.593142334846192831e+00 0.000000000000000000e+00
6.360019877723115833e+00 5.520488519463819799e+00 0.000000000000000000e+00
6.460393176898672429e+00 5.476663218769100894e+00 0.000000000000000000e+00
6.560712870799073393e+00 5.405199541284403608e+00 0.000000000000000000e+00
6.660315614630555103e+00 5.335911522984127409e+00 0.000000000000000000e+00
6.760348783000822870e+00 5.270076570006863470e+00 0.000000000000000000e+00
6.860507314965895276e+00 5.243533014225265632e+00 0.000000000000000000e+00
6.960389334265283168e+00 5.153102796427873500e+00 0.000000000000000000e+00
7.060034423048193730e+00 5.079614009607865022e+00 0.000000000000000000e+00
7.159957956516346478e+00 5.013675177706534036e+00 0.000000000000000000e+00
7.260192657847024833e+00 4.962794044795388437e+00 0.000000000000000000e+00
7.360108533827269817e+00 4.882694807086012112e+00 0.000000000000000000e+00
7.460339090618184343e+00 4.842051207715805106e+00 0.000000000000000000e+00
7.560411676181439056e+00 4.788135930322652278e+00 0.000000000000000000e+00
7.660346114771154014e+00 4.726922133103851564e+00 0.000000000000000000e+00
7.760391007741484160e+00 4.646634773001468766e+00 0.000000000000000000e+00
7.860072651402888688e+00 4.640056242969628819e+00 0.000000000000000000e+00
7.959955397583765802e+00 4.536848353375239284e+00 0.000000000000000000e+00
8.060172532623253616e+00 4.547148816747573541e+00 0.000000000000000000e+00
8.160169871096277561e+00 4.465532005200139487e+00 0.000000000000000000e+00
8.260209309247560583e+00 4.435493702334181165e+00 0.000000000000000000e+00
8.360295260333263201e+00 4.394327442393322514e+00 0.000000000000000000e+00
8.460314428833417111e+00 4.332096714985978814e+00 0.000000000000000000e+00
8.560221857099927334e+00 4.276360952329594234e+00 0.000000000000000000e+00
8.660164637941472066e+00 4.236109100146896012e+00 0.000000000000000000e+00
8.760181857056902999e+00 4.189021066057725839e+00 0.000000000000000000e+00
8.860218717977446090e+00 4.125439572584737036e+00 0.000000000000000000e+00
8.960267699615021897e+00 4.099955780622686952e+00 0.000000000000000000e+00
9.060158543440742562e+00 4.078608340517344999e+00 0.000000000000000000e+00
9.160314747803932178e+00 4.037653381416260956e+00 0.000000000000000000e+00
9.260376927016194415e+00 3.985840917490529378e+00 0.000000000000000000e+00
9.360208025918709041e+00 3.948715191612208741e+00 0.000000000000000000e+00
9.460075101117821461e+00 3.907853089268158442e+00 0.000000000000000000e+00
9.559992906282033687e+00 3.873775259432845175e+00 0.000000000000000000e+00
9.660236476231109037e+00 3.842099860240841824e+00 0.000000000000000000e+00
9.760211827678935137e+00 3.810257877810832916e+00 0.000000000000000000e+00
9.860087741133007455e+00 3.760267438509034665e+00 0.000000000000000000e+00
9.960113214171899543e+00 3.718770148772566841e+00 0.000000000000000000e+00
1.006014253496011435e+01 3.700477321157959576e+00 0.000000000000000000e+00
1.016015305856116946e+01 3.661107302088280946e+00 0.000000000000000000e+00
1.026012791460989426e+01 3.619009107393060365e+00 0.000000000000000000e+00
1.036009715580952850e+01 3.588591759154550864e+00 0.000000000000000000e+00
1.045999384679854316e+01 3.561335713511951884e+00 0.000000000000000000e+00
1.055998031172832619e+01 3.523657876022912028e+00 0.000000000000000000e+00
1.066015733025465018e+01 3.485294780257867764e+00 0.000000000000000000e+00
1.076005445242803127e+01 3.468732026457055362e+00 0.000000000000000000e+00
1.086017199500644104e+01 3.427903786354490556e+00 0.000000000000000000e+00
1.096035721378511774e+01 3.387439516394847416e+00 0.000000000000000000e+00
1.106014543005698059e+01 3.389562887177614670e+00 0.000000000000000000e+00
1.116013746602539669e+01 3.341657669950863774e+00 0.000000000000000000e+00
1.126001995331923311e+01 3.306050601709529690e+00 0.000000000000000000e+00
1.135997563511528519e+01 3.292298694639690826e+00 0.000000000000000000e+00
1.146027771572255105e+01 3.245996518581546919e+00 0.000000000000000000e+00
1.156025344308602243e+01 3.221372682681050925e+00 0.000000000000000000e+00
1.166020264054967370e+01 3.197593824613458757e+00 0.000000000000000000e+00
1.176010824919332443e+01 3.189107147462809877e+00 0.000000000000000000e+00
1.186009918100251248e+01 3.161881016439107128e+00 0.000000000000000000e+00
1.196022404466052436e+01 3.129522853621875100e+00 0.000000000000000000e+00
1.206014086953631015e+01 3.101400736601266583e+00 0.000000000000000000e+00
1.216012200167176260e+01 3.072000964693809788e+00 0.000000000000000000e+00
1.225991162114084787e+01 3.050256299122351855e+00 0.000000000000000000e+00
1.235998963976033949e+01 3.019138132846264533e+00 0.000000000000000000e+00
1.246019708267939308e+01 2.998841426812766553e+00 0.000000000000000000e+00
1.256029988740128189e+01 2.964461864100061739e+00 0.000000000000000000e+00
1.266021832804886849e+01 2.950760256784648039e+00 0.000000000000000000e+00
1.276011783806912625e+01 2.925927917650556598e+00 0.000000000000000000e+00
1.286027643411210342e+01 2.903986008977175182e+00 0.000000000000000000e+00
1.296020505403111756e+01 2.877709155002494690e+00 0.000000000000000000e+00
1.306004381250698110e+01 2.856684845757967217e+00 0.000000000000000000e+00
1.316008799938249751e+01 2.824927365894025044e+00 0.000000000000000000e+00
1.326024158855983259e+01 2.796737501710404583e+00 0.000000000000000000e+00
1.336025563904201441e+01 2.786062482839251064e+00 0.000000000000000000e+00
1.346008251893918484e+01 2.766440213237125079e+00 0.000000000000000000e+00
1.356002845306179871e+01 2.733584269205118211e+00 0.000000000000000000e+00
1.366017449007571649e+01 2.708834934232202230e+00 0.000000000000000000e+00
1.376018618598503629e+01 2.694236290179456539e+00 0.000000000000000000e+00
1.386016602641027795e+01 2.686109992852272033e+00 0.000000000000000000e+00
1.396016603220776808e+01 2.653713646079195687e+00 0.000000000000000000e+00
1.406021375009726349e+01 2.642609342706895514e+00 0.000000000000000000e+00
1.416017889984025935e+01 2.612338451342096413e+00 0.000000000000000000e+00
1.426021760910094116e+01 2.605839663394978523e+00 0.000000000000000000e+00
1.436020568897167315e+01 2.574657284386759670e+00 0.000000000000000000e+00
1.446009957908403720e+01 2.559326717583169764e+00 0.000000000000000000e+00
1.456020661983343167e+01 2.540101938316157604e+00 0.000000000000000000e+00
1.466035845314601893e+01 2.519593028373580790e+00 0.000000000000000000e+00
1.476027873150629333e+01 2.507589826806394306e+00 0.000000000000000000e+00
1.486011958734484217e+01 2.483728267091188879e+00 0.000000000000000000e+00
1.496014783579061636e+01 2.465451360441740292e+00 0.000000000000000000e+00
1.506017080873394143e+01 2.451602576387412746e+00 0.000000000000000000e+00
1.516008530228541495e+01 2.420345505115792939e+00 0.000000000000000000e+00
1.526016901980520579e+01 2.416763175824751642e+00 0.000000000000000000e+00
1.536028844696910411e+01 2.396565350765562208e+00 0.000000000000000000e+00
1.546018238599979000e+01 2.378317667603192742e+00 0.000000000000000000e+00
1.556018596824832123e+01 2.352786161749758964e+00 0.000000000000000000e+00
1.566018715656100824e+01 2.342081805380114012e+00 0.000000000000000000e+00
1.576017128895625774e+01 2.322920323199080261e+00 0.000000000000000000e+00
1.586022654335216053e+01 2.301668209852325120e+00 0.000000000000000000e+00
1.596027194439420605e+01 2.291995526627402135e+00 0.000000000000000000e+00
1.606019988436615265e+01 2.268194035945203968e+00 0.000000000000000000e+00
1.616001619001476186e+01 2.256321381413266991e+00 0.000000000000000000e+00
1.626011267441217711e+01 2.232922884608508074e+00 0.000000000000000000e+00
1.636015423131000901e+01 2.224522909219816214e+00 0.000000000000000000e+00
1.646013567016607482e+01 2.199283692639023347e+00 0.000000000000000000e+00
1.656007240838085437e+01 2.194268998671825344e+00 0.000000000000000000e+00
1.665992901383054914e+01 2.173249410081315336e+00 0.000000000000000000e+00
1.676002219346689159e+01 2.162648753570647120e+00 0.000000000000000000e+00
1.686003790855481910e+01 2.144794424728551085e+00 0.000000000000000000e+00
1.696008931641028283e+01 2.129172924713134130e+00 0.000000000000000000e+00
1.706015857686212200e+01 2.120590504338188520e+00 0.000000000000000000e+00
1.716002510614071497e+01 2.105615288181865719e+00 0.000000000000000000e+00
1.726005228275917602e+01 2.089086603339242565e+00 0.000000000000000000e+00
1.736004143261135368e+01 2.070925040029398811e+00 0.000000000000000000e+00
1.746000211235884692e+01 2.059763788185528632e+00 0.000000000000000000e+00
1.756012122361867966e+01 2.041876007007493499e+00 0.000000000000000000e+00
1.766014398804343344e+01 2.026151344327405734e+00 0.000000000000000000e+00
1.776015571561410411e+01 2.011904925701705871e+00 0.000000000000000000e+00
1.786014681601529830e+01 2.000072470949679104e+00 0.000000000000000000e+00
1.796008276126707415e+01 1.985288115202020753e+00 0.000000000000000000e+00
1.806015261825141849e+01 1.970887303663655610e+00 0.000000000000000000e+00
1.816009831592651835e+01 1.957987630879140850e+00 0.000000000000000000e+00
1.826011438206822390e+01 1.952633101099643831e+00 0.000000000000000000e+00
1.836018372585242631e+01 1.934980133994478990e+00 0.000000000000000000e+00
1.846011248160125007e+01 1.921002639960209368e+00 0.000000000000000000e+00
1.856012405487159711e+01 1.911307431117015287e+00 0.000000000000000000e+00
1.866007499050376595e+01 1.897838685101227441e+00 0.000000000000000000e+00
1.876012430072754356e+01 1.885789946491738700e+00 0.000000000000000000e+00
1.886008617154970324e+01 1.869074090557598433e+00 0.000000000000000000e+00
1.896000428863321119e+01 1.865121817383669889e+00 0.000000000000000000e+00
1.906004619657873178e+01 1.856794835990932979e+00 0.000000000000000000e+00
1.916012450871170714e+01 1.843325471875338906e+00 0.000000000000000000e+00
1.926014135632459556e+01 1.826620606282860937e+00 0.000000000000000000e+00
1.936003992471836455e+01 1.812230939708374677e+00 0.000000000000000000e+00
1.946009659168149142e+01 1.801517384692304491e+00 0.000000000000000000e+00
1.956009751796509732e+01 1.790776167209106262e+00 0.000000000000000000e+00
1.966003308899824376e+01 1.774805327188280879e+00 0.000000000000000000e+00
1.976006350907396580e+01 1.766421684982425022e+00 0.000000000000000000e+00
1.986013807476350834e+01 1.757467945928480324e+00 0.000000000000000000e+00
1.996016270699268702e+01 1.743214617741973838e+00 0.000000000000000000e+00
2.006011812007354322e+01 1.729811223808757292e+00 0.000000000000000000e+00
2.016010605821437096e+01 1.719113972362743548e+00 0.000000000000000000e+00
2.026020834532102199e+01 1.705741608991888203e+00 0.000000000000000000e+00
2.036015264346706388e+01 1.701333117222269431e+00 0.000000000000000000e+00
2.046014229129198014e+01 1.696121111420549887e+00 0.000000000000000000e+00
2.056020556242132713e+01 1.679101601213204731e+00 0.000000000000000000e+00
2.066006737361054846e+01 1.674309574474983853e+00 0.000000000000000000e+00
2.076011273190236039e+01 1.660664714267439113e+00 0.000000000000000000e+00
2.086019097974652325e+01 1.646916347155175098e+00 0.000000000000000000e+00
2.096013179077616329e+01 1.638686233114183377e+00 0.000000000000000000e+00
2.106005425085002614e+01 1.630716853542170552e+00 0.000000000000000000e+00
2.116004591121704337e+01 1.617143894119636771e+00 0.000000000000000000e+00
2.126006410376831823e+01 1.612000080413676040e+00 0.000000000000000000e+00
2.136004018857844144e+01 1.600213193798784905e+00 0.000000000000000000e+00
2.146015210129004203e+01 1.588214688617536785e+00 0.000000000000000000e+00
2.156018961599651362e+01 1.578156374355570879e+00 0.000000000000000000e+00
2.166014215802494647e+01 1.567170032493770515e+00 0.000000000000000000e+00
2.176005975325295339e+01 1.559578241425723100e+00 0.000000000000000000e+00
2.186002365495255262e+01 1.549648940217907223e+00 0.000000000000000000e+00
2.196015797577956619e+01 1.540235003400515446e+00 0.000000000000000000e+00
2.206015327450682051e+01 1.528551894037540215e+00 0.000000000000000000e+00
2.216022562432646836e+01 1.519699254150292722e+00 0.000000000000000000e+00
2.226023762596713595e+01 1.511775867107173044e+00 0.000000000000000000e+00
2.236012187475994395e+01 1.502711067892475771e+00 0.000000000000000000e+00
2.246005770765591691e+01 1.493971921084971788e+00 0.000000000000000000e+00
2.256004550991068669e+01 1.485027106201003422e+00 0.000000000000000000e+00
2.266007914369372855e+01 1.477326514811006630e+00 0.000000000000000000e+00
2.276000806581113878e+01 1.466797214405702210e+00 0.000000000000000000e+00
2.286010844514616380e+01 1.458764788856629968e+00 0.000000000000000000e+00
2.296007356234825281e+01 1.447611909361002924e+00 0.000000000000000000e+00
2.306005103070280882e+01 1.439191313311891651e+00 0.000000000000000000e+00
2.316011535778469366e+01 1.430450284903224123e+00 0.000000000000000000e+00
2.326004152122711943e+01 1.426963898060820579e+00 0.000000000000000000e+00
2.336003177061514791e+01 1.416191261568210846e+00 0.000000000000000000e+00
2.345997616252074280e+01 1.405772302710929900e+00 0.000000000000000000e+00
2.355996558789114559e+01 1.398020095381643735e+00 0.000000000000000000e+00
2.366005677356592685e+01 1.393026722225823244e+00 0.000000000000000000e+00
2.376008499752514425e+01 1.383979703900082958e+00 0.000000000000000000e+00
2.386008650357267769e+01 1.375264150053869816e+00 0.000000000000000000e+00
2.396008208139831552e+01 1.366502465256664411e+00 0.000000000000000000e+00
2.406007349624439229e+01 1.361685572060607363e+00 0.000000000000000000e+00
2.416005355753632244e+01 1.352229759184248037e+00 0.000000000000000000e+00
2.426000100264842274e+01 1.343551605205302479e+00 0.000000000000000000e+00
2.436013464581442989e+01 1.335047341348603256e+00 0.000000000000000000e+00
2.446023033168192740e+01 1.328845226615236186e+00 0.000000000000000000e+00
2.456010370727704029e+01 1.319871701175296952e+00 0.000000000000000000e+00
2.466007991705158631e+01 1.314055119285003403e+00 0.000000000000000000e+00
2.476007853616273735e+01 1.309795459538724893e+00 0.000000000000000000e+00
2.486010699666847046e+01 1.301517049153126493e+00 0.000000000000000000e+00
2.496012068606717094e+01 1.292818317171968268e+00 0.000000000000000000e+00
2.506011884904720333e+01 1.284649813782190675e+00 0.000000000000000000e+00
2.516016461492254663e+01 1.282447566794964189e+00 0.000000000000000000e+00
2.526004864631245894e+01 1.271876869847746061e+00 0.000000000000000000e+00
2.536000880997600149e+01 1.263789927570534655e+00 0.000000000000000000e+00
2.546000763258749444e+01 1.258953119761026640e+00 0.000000000000000000e+00
2.556005256491409483e+01 1.250056996209299776e+00 0.000000000000000000e+00
2.566007495662108084e+01 1.243903590575654805e+00 0.000000000000000000e+00
2.576001284207799458e+01 1.237069309009207752e+00 0.000000000000000000e+00
2.586005665426739952e+01 1.230023414815514471e+00 0.000000000000000000e+00
2.595995283772588991e+01 1.222621868925926059e+00 0.000000000000000000e+00
2.605992768761304035e+01 1.216730343705086703e+00 0.000000000000000000e+00
2.616008588888359654e+01 1.209888749516227158e+00 0.000000000000000000e+00
2.626013639090650997e+01 1.200835739723743911e+00 0.000000000000000000e+00
2.636010086664784069e+01 1.193319767891155347e+00 0.000000000000000000e+00
2.646009292255724077e+01 1.193406159701177138e+00 0.000000000000000000e+00
2.656009163346045199e+01 1.185156968946547096e+00 0.000000000000000000e+00
2.666007616590135143e+01 1.178370845814038281e+00 0.000000000000000000e+00
2.676007911660554939e+01 1.172777181044569073e+00 0.000000000000000000e+00
2.686008193545500689e+01 1.168237726901528495e+00 0.000000000000000000e+00
2.696008527403073884e+01 1.160265762187689731e+00 0.000000000000000000e+00
2.706014568371496409e+01 1.153724492709739868e+00 0.000000000000000000e+00
2.716014672685720654e+01 1.149176987236193659e+00 0.000000000000000000e+00
2.726011201775047255e+01 1.139406954105876002e+00 0.000000000000000000e+00
2.736011629044526217e+01 1.136994452615120332e+00 0.000000000000000000e+00
2.746009456312569696e+01 1.131459052503878349e+00 0.000000000000000000e+00
2.756010111326260414e+01 1.122762632771415081e+00 0.000000000000000000e+00
2.766000659215977819e+01 1.114554594075869431e+00 0.000000000000000000e+00
2.775996930878592650e+01 1.109048384084647232e+00 0.000000000000000000e+00
2.786001736508387339e+01 1.105678051233093262e+00 0.000000000000000000e+00
2.796003666424917711e+01 1.098887102249198833e+00 0.000000000000000000e+00
2.806007318658330973e+01 1.095294203233024621e+00 0.000000000000000000e+00
2.816002575392253959e+01 1.090357491973872106e+00 0.000000000000000000e+00
2.826008618070721923e+01 1.080906628938591796e+00 0.000000000000000000e+00
2.836011268337557567e+01 1.074136455547455293e+00 0.000000000000000000e+00
2.846006766072591532e+01 1.070626131493217725e+00 0.000000000000000000e+00
2.856002342132942928e+01 1.065940856046214025e+00 0.000000000000000000e+00
2.865999923614900879e+01 1.058523574946544477e+00 0.000000000000000000e+00
2.876004741964181477e+01 1.054339135872003785e+00 0.000000000000000000e+00
2.886004046337784956e+01 1.050283473098850839e+00 0.000000000000000000e+00
2.896008102924385952e+01 1.046015603946277350e+00 0.000000000000000000e+00
2.906013056701853259e+01 1.041218719261566950e+00 0.000000000000000000e+00
2.916008342699372236e+01 1.034817255866874897e+00 0.000000000000000000e+00
2.926005396200691067e+01 1.030038393291918153e+00 0.000000000000000000e+00
2.936006015490019294e+01 1.023539184045776151e+00 0.000000000000000000e+00
2.946008302370103493e+01 1.019445701331744614e+00 0.000000000000000000e+00
2.956005136911289100e+01 1.014795152392149680e+00 0.000000000000000000e+00
2.966004211127815182e+01 1.011342128308709398e+00 0.000000000000000000e+00
2.976008309869055068e+01 1.003532398879440013e+00 0.000000000000000000e+00
2.986006866468150278e+01 1.001830215033382654e+00 0.000000000000000000e+00
2.996000836426628311e+01 9.955703048202566574e-01 0.000000000000000000e+00
3.005998672307784148e+01 9.907127097785130010e-01 0.000000000000000000e+00
3.015999329076658597e+01 9.885976054179145267e-01 0.000000000000000000e+00
3.025997071981619158e+01 9.834291138989361691e-01 0.000000000000000000e+00
3.035998250913087304e+01 9.784169151601194159e-01 0.000000000000000000e+00
3.046003667608819399e+01 9.750134822017924030e-01 0.000000000000000000e+00
3.056001139595522531e+01 9.677577265925464411e-01 0.000000000000000000e+00
3.066003402547599066e+01 9.637485896941916375e-01 0.000000000000000000e+00
3.076012870266283983e+01 9.605561665003486960e-01 0.000000000000000000e+00
3.086005490868008394e+01 9.557944150266628469e-01 0.000000000000000000e+00
3.096001904061603582e+01 9.504109662336807096e-01 0.000000000000000000e+00
3.106011009671765066e+01 9.455510004178117045e-01 0.000000000000000000e+00
3.116010574269009226e+01 9.431294852048009991e-01 0.000000000000000000e+00
3.126007157798853697e+01 9.389339652826481641e-01 0.000000000000000000e+00
3.136002568220683173e+01 9.358576096507175146e-01 0.000000000000000000e+00
3.146005315939301639e+01 9.314441173189699219e-01 0.000000000000000000e+00
3.156011152172583678e+01 9.277540525543973571e-01 0.000000000000000000e+00
3.166012355668277323e+01 9.243482689473595526e-01 0.000000000000000000e+00
3.176010027308443640e+01 9.191466769357576894e-01 0.000000000000000000e+00
3.186006179385135795e+01 9.159955232915977241e-01 0.000000000000000000e+00
3.196011793235989273e+01 9.113777018039577182e-01 0.000000000000000000e+00
3.206002367541852749e+01 9.102833247337333011e-01 0.000000000000000000e+00
3.215992380861585787e+01 9.075858802208546239e-01 0.000000000000000000e+00
