nan nan 1.251721116535236007e+02
8.899641323548096450e-02 8.300952307692308677e+05 1.251721116535236007e+02
1.448080953624513445e-01 6.113496296296295477e+05 1.251721116535236007e+02
1.950822866625256113e-01 3.990707111111111008e+05 1.251721116535236007e+02
2.418344986082902603e-01 2.370991044776119234e+05 1.251721116535236007e+02
2.844150324662526597e-01 1.278034222222222306e+05 1.251721116535236007e+02
3.311492092627331685e-01 5.015901879699248093e+04 1.251721116535236007e+02
3.854527006682739732e-01 1.679725799086757979e+04 1.251721116535236007e+02
4.379760757023590800e-01 9.911331877729257030e+03 1.251721116535236007e+02
4.845354905265206735e-01 1.090922580645161361e+04 1.251721116535236007e+02
5.331869425000370644e-01 1.295950135135135133e+04 1.251721116535236007e+02
5.864416905016403003e-01 1.350928662420382170e+04 1.251721116535236007e+02
6.393143479449987510e-01 9.746434782608695969e+03 1.251721116535236007e+02
6.875509482501400704e-01 6.642673112338858118e+03 1.251721116535236007e+02
7.360532472319636366e-01 5.411321276595745076e+03 1.251721116535236007e+02
7.867697342078286971e-01 4.513072319201995015e+03 1.251721116535236007e+02
8.376194660778666368e-01 4.542957351290685438e+03 1.251721116535236007e+02
8.876896880604894235e-01 4.784410152284263859e+03 1.251721116535236007e+02
9.363402658038668669e-01 4.388777777777778283e+03 1.251721116535236007e+02
9.849243849049101884e-01 3.918490519373454390e+03 1.251721116535236007e+02
1.033922473950819487e+00 3.675272727272727479e+03 1.251721116535236007e+02
1.083968788523273830e+00 3.350396232650363345e+03 1.251721116535236007e+02
1.133915541218776246e+00 3.039474383301707803e+03 1.251721116535236007e+02
1.183819436428001248e+00 2.999222282905515840e+03 1.251721116535236007e+02
1.235159589274556602e+00 2.827591754650577968e+03 1.251721116535236007e+02
1.285686788879907949e+00 2.706844711538461524e+03 1.251721116535236007e+02
1.335577748586906033e+00 2.707240568131380314e+03 1.251721116535236007e+02
1.385007992768898966e+00 2.453858974358974137e+03 1.251721116535236007e+02
1.434761006508366910e+00 2.178299733739064322e+03 1.251721116535236007e+02
1.483809371322070803e+00 2.024976110488988525e+03 1.251721116535236007e+02
1.534060792161507925e+00 1.933996458467482171e+03 1.251721116535236007e+02
1.585002278264664888e+00 1.843324960505529134e+03 1.251721116535236007e+02
1.635527410472897403e+00 1.844500431654676277e+03 1.251721116535236007e+02
1.685676391865528423e+00 1.766456743002544499e+03 1.251721116535236007e+02
1.734789433360194755e+00 1.665414828594206710e+03 1.251721116535236007e+02
1.784875565396764951e+00 1.561309593734704094e+03 1.251721116535236007e+02
1.835586570008190588e+00 1.445450984936268924e+03 1.251721116535236007e+02
1.885448157908552691e+00 1.356771412429378415e+03 1.251721116535236007e+02
1.935207439362316428e+00 1.312237387481683072e+03 1.251721116535236007e+02
1.985052992803765015e+00 1.290378033980582586e+03 1.251721116535236007e+02
2.035079590713408937e+00 1.302812959818902073e+03 1.251721116535236007e+02
2.085261259228671005e+00 1.294055849607592563e+03 1.251721116535236007e+02
2.135521812674741060e+00 1.257822676896845678e+03 1.251721116535236007e+02
2.185539865877868859e+00 1.210700788722940160e+03 1.251721116535236007e+02
2.234928417494250752e+00 1.156625119388729672e+03 1.251721116535236007e+02
2.285020483940173541e+00 1.111288735563221735e+03 1.251721116535236007e+02
2.335227126917563290e+00 1.062643250688705393e+03 1.251721116535236007e+02
2.385597458206195398e+00 1.006713973500887846e+03 1.251721116535236007e+02
2.435604585857625182e+00 9.571515702924922380e+02 1.251721116535236007e+02
2.485423401501763330e+00 9.212724904701397008e+02 1.251721116535236007e+02
2.535218303430096576e+00 8.959132113061886002e+02 1.251721116535236007e+02
2.585301717955153844e+00 8.632743043427639122e+02 1.251721116535236007e+02
2.635310621692829258e+00 8.457947264947381427e+02 1.251721116535236007e+02
2.684883533713459336e+00 8.292682659656040869e+02 1.251721116535236007e+02
2.734760511342632316e+00 8.060447429659403724e+02 1.251721116535236007e+02
2.784962555331770062e+00 8.083796772566818163e+02 1.251721116535236007e+02
2.835387565949985422e+00 8.096426274242276122e+02 1.251721116535236007e+02
2.885384254562536110e+00 8.088829450675870021e+02 1.251721116535236007e+02
2.935452697317705084e+00 7.940380557309046026e+02 1.251721116535236007e+02
2.985584946861008060e+00 7.859591818506609116e+02 1.251721116535236007e+02
3.035281973877222761e+00 7.490928146295177612e+02 1.251721116535236007e+02
3.084822103129104764e+00 7.162166119666751456e+02 1.251721116535236007e+02
3.135015350087773989e+00 6.958747735685594762e+02 1.251721116535236007e+02
3.185847982026314362e+00 6.869787983161118063e+02 1.251721116535236007e+02
3.235464408484991061e+00 6.745735567970205011e+02 1.251721116535236007e+02
3.285149658618915502e+00 6.798317568055456377e+02 1.251721116535236007e+02
3.335370615645364634e+00 6.783109682029295300e+02 1.251721116535236007e+02
3.385209898508314996e+00 6.772106604228358719e+02 1.251721116535236007e+02
3.434934112077638879e+00 6.670483925549915512e+02 1.251721116535236007e+02
3.484151880424383396e+00 6.597025776602775977e+02 1.251721116535236007e+02
3.534737654629889203e+00 6.613390857352670764e+02 1.251721116535236007e+02
3.585624261789238432e+00 6.502980857439912370e+02 1.251721116535236007e+02
3.635262333854326844e+00 6.244553142300906075e+02 1.251721116535236007e+02
3.685039256951247122e+00 5.914260484381292144e+02 1.251721116535236007e+02
3.735233298459508244e+00 5.617789104088798240e+02 1.251721116535236007e+02
3.785147580586893934e+00 5.374126227053408229e+02 1.251721116535236007e+02
3.835695018070195861e+00 5.294854901960784446e+02 1.251721116535236007e+02
3.885539873192506377e+00 5.410768649057418997e+02 1.251721116535236007e+02
3.934696648644303352e+00 5.430140370578326383e+02 1.251721116535236007e+02
3.985162965584265304e+00 5.625010705596107528e+02 1.251721116535236007e+02
4.035471487646510091e+00 5.721052838149438458e+02 1.251721116535236007e+02
4.085372705036187213e+00 5.626079398637538134e+02 1.251721116535236007e+02
4.135141121895999028e+00 5.447915475800027707e+02 1.251721116535236007e+02
4.184482326706712385e+00 5.272139698171704367e+02 1.251721116535236007e+02
4.234523823648805418e+00 5.149127654020188629e+02 1.251721116535236007e+02
4.284609124085813292e+00 5.024981966714465784e+02 1.251721116535236007e+02
4.334887301479964705e+00 4.957333525749392038e+02 1.251721116535236007e+02
4.385302499000811594e+00 4.984889080247673405e+02 1.251721116535236007e+02
4.435186196473425824e+00 5.015694814097910808e+02 1.251721116535236007e+02
4.485197364325797409e+00 4.986482575194586389e+02 1.251721116535236007e+02
4.535537527983671602e+00 4.962192312079388330e+02 1.251721116535236007e+02
4.585513271404134450e+00 4.890582646041579551e+02 1.251721116535236007e+02
4.634965284950676612e+00 4.814098973960070111e+02 1.251721116535236007e+02
4.684823536717123815e+00 4.727186131648840615e+02 1.251721116535236007e+02
4.735220518702936587e+00 4.682488248198056908e+02 1.251721116535236007e+02
4.785263605082985983e+00 4.600733530332000782e+02 1.251721116535236007e+02
4.835259232697663556e+00 4.524632143455672804e+02 1.251721116535236007e+02
4.885376870001424621e+00 4.419378338032841498e+02 1.251721116535236007e+02
4.935301902824286380e+00 4.377677532013969426e+02 1.251721116535236007e+02
4.985473083840958886e+00 4.352745440126882954e+02 1.251721116535236007e+02
5.035412558343983491e+00 4.342478504205359400e+02 1.251721116535236007e+02
5.085460294222076350e+00 4.339658135227859361e+02 1.251721116535236007e+02
5.135289803448600310e+00 4.316204189275212570e+02 1.251721116535236007e+02
5.185032520573041204e+00 4.335195906432748529e+02 1.251721116535236007e+02
5.234850251783559116e+00 4.349384723154607286e+02 1.251721116535236007e+02
5.284974752151396338e+00 4.356662218144410303e+02 1.251721116535236007e+02
5.335255304675732724e+00 4.333475560506893203e+02 1.251721116535236007e+02
5.385226941869014183e+00 4.291510752249680536e+02 1.251721116535236007e+02
5.435093414465236528e+00 4.253672718483106792e+02 1.251721116535236007e+02
5.485028900036975408e+00 4.204879949618200499e+02 1.251721116535236007e+02
5.535369898797608990e+00 4.172913477918181684e+02 1.251721116535236007e+02
5.585317464617740590e+00 4.121115225385070175e+02 1.251721116535236007e+02
5.634959412056486094e+00 4.121280797955487287e+02 1.251721116535236007e+02
5.685029758810561162e+00 4.112255547427456577e+02 1.251721116535236007e+02
5.734808126101578196e+00 4.081911211437170550e+02 1.251721116535236007e+02
5.785204671217075933e+00 4.036710965750742730e+02 1.251721116535236007e+02
5.835595383591638097e+00 4.009878758147032158e+02 1.251721116535236007e+02
5.885099705458816111e+00 3.931122248654640998e+02 1.251721116535236007e+02
5.934848410668140950e+00 3.826445307270049625e+02 1.251721116535236007e+02
5.985196547442282800e+00 3.748648471472586721e+02 1.251721116535236007e+02
6.035486174940983162e+00 3.687962614396053596e+02 1.251721116535236007e+02
6.085325279241985186e+00 3.649156481580925515e+02 1.251721116535236007e+02
6.135085486579567871e+00 3.628856223582108669e+02 1.251721116535236007e+02
6.184888436502457232e+00 3.614088008618546155e+02 1.251721116535236007e+02
6.235029371165762058e+00 3.607098776628977816e+02 1.251721116535236007e+02
6.285013590301256947e+00 3.602449276240082554e+02 1.251721116535236007e+02
6.334991409707096288e+00 3.575215417291841504e+02 1.251721116535236007e+02
6.385041519748988925e+00 3.554312820213118584e+02 1.251721116535236007e+02
6.434975721315313812e+00 3.501439215388124353e+02 1.251721116535236007e+02
6.485280363044087615e+00 3.480860179033368809e+02 1.251721116535236007e+02
6.535416874783217978e+00 3.463335872897890795e+02 1.251721116535236007e+02
6.585380878873609234e+00 3.477938570263658562e+02 1.251721116535236007e+02
6.635104421514804507e+00 3.463166399767069379e+02 1.251721116535236007e+02
6.684781936645507905e+00 3.458096953642384506e+02 1.251721116535236007e+02
6.735145019191668858e+00 3.451236576691122195e+02 1.251721116535236007e+02
6.785484310639345651e+00 3.443458592505011779e+02 1.251721116535236007e+02
6.835069983673240479e+00 3.412074095732787669e+02 1.251721116535236007e+02
6.884859417295578154e+00 3.391221102548903445e+02 1.251721116535236007e+02
6.935355612194037178e+00 3.368076114073276699e+02 1.251721116535236007e+02
6.985394515797676895e+00 3.344546328116093150e+02 1.251721116535236007e+02
7.034922173494991604e+00 3.336777987817685585e+02 1.251721116535236007e+02
7.084541644025414087e+00 3.316010785071190980e+02 1.251721116535236007e+02
7.134492388478031799e+00 3.282193422519509340e+02 1.251721116535236007e+02
7.184836085760269775e+00 3.269609886702264703e+02 1.251721116535236007e+02
7.235281431471350722e+00 3.242754959737280274e+02 1.251721116535236007e+02
7.285158542839955231e+00 3.211564599269623272e+02 1.251721116535236007e+02
7.334994866462388963e+00 3.218407659139077737e+02 1.251721116535236007e+02
7.385036014789000625e+00 3.222608594724777049e+02 1.251721116535236007e+02
7.435042277965444590e+00 3.233978126648700595e+02 1.251721116535236007e+02
7.485223592156194705e+00 3.250280111651915149e+02 1.251721116535236007e+02
7.535266472986156039e+00 3.254896840343167810e+02 1.251721116535236007e+02
7.585148990618067799e+00 3.250203247011679082e+02 1.251721116535236007e+02
7.635267236183615580e+00 3.224447797386501406e+02 1.251721116535236007e+02
7.685330414506132080e+00 3.195545892552777332e+02 1.251721116535236007e+02
7.735344685230187700e+00 3.156322657800322986e+02 1.251721116535236007e+02
7.785330483772995969e+00 3.118271110587681392e+02 1.251721116535236007e+02
7.834761832474934629e+00 3.094666998337282848e+02 1.251721116535236007e+02
7.884484420735616617e+00 3.085880243452786544e+02 1.251721116535236007e+02
7.934886275689092550e+00 3.081373364967765269e+02 1.251721116535236007e+02
7.985027633925892765e+00 3.075217720795596961e+02 1.251721116535236007e+02
8.034964647769141877e+00 3.076540355593572258e+02 1.251721116535236007e+02
8.085037081011565263e+00 3.095142288917012934e+02 1.251721116535236007e+02
8.135210740574738253e+00 3.091781731909845803e+02 1.251721116535236007e+02
8.185171412298620552e+00 3.099983839728126895e+02 1.251721116535236007e+02
8.234851685324960258e+00 3.128852466687724814e+02 1.251721116535236007e+02
8.284952683584384303e+00 3.118460976472871380e+02 1.251721116535236007e+02
8.335101055446942908e+00 3.109755642731252578e+02 1.251721116535236007e+02
8.385121635699965381e+00 3.087945724273933479e+02 1.251721116535236007e+02
8.435202770999854494e+00 3.062069914854408808e+02 1.251721116535236007e+02
8.485152015979231521e+00 3.038657150699972362e+02 1.251721116535236007e+02
8.534970558995501833e+00 3.018627162431733950e+02 1.251721116535236007e+02
8.584943353041420977e+00 3.026596800529331972e+02 1.251721116535236007e+02
8.635099409501286516e+00 3.030095177798881423e+02 1.251721116535236007e+02
8.685126877716973226e+00 3.019786046804888429e+02 1.251721116535236007e+02
8.735139517930596398e+00 2.998995335042787929e+02 1.251721116535236007e+02
8.785167076524256657e+00 2.967624860010890870e+02 1.251721116535236007e+02
8.834939158351296840e+00 2.922048808230168788e+02 1.251721116535236007e+02
8.884964740422104157e+00 2.899476886370414945e+02 1.251721116535236007e+02
8.935124000705533476e+00 2.891119380090452751e+02 1.251721116535236007e+02
8.985127489085840580e+00 2.894573242923258931e+02 1.251721116535236007e+02
9.035265046452737536e+00 2.917684188284558786e+02 1.251721116535236007e+02
9.085196565938222335e+00 2.920091191870013176e+02 1.251721116535236007e+02
9.134926709958008928e+00 2.922793155367846794e+02 1.251721116535236007e+02
9.185157474150241086e+00 2.901767066040271175e+02 1.251721116535236007e+02
9.235291320298310680e+00 2.882012566907144446e+02 1.251721116535236007e+02
9.285092122152331484e+00 2.869790434264227201e+02 1.251721116535236007e+02
9.334907817633720128e+00 2.863498897253157907e+02 1.251721116535236007e+02
9.384925913340945058e+00 2.854773619681064361e+02 1.251721116535236007e+02
9.435005700254814442e+00 2.834395944151898448e+02 1.251721116535236007e+02
9.484846973764282652e+00 2.806171102561167459e+02 1.251721116535236007e+02
9.535053339925784854e+00 2.779103379056540462e+02 1.251721116535236007e+02
9.585148484630341414e+00 2.752755905511810965e+02 1.251721116535236007e+02
9.635175604414920159e+00 2.735542713270642707e+02 1.251721116535236007e+02
9.685272388073006056e+00 2.717329945896672143e+02 1.251721116535236007e+02
9.735267651789188292e+00 2.693621806869130637e+02 1.251721116535236007e+02
9.785106718646577662e+00 2.692097428958051637e+02 1.251721116535236007e+02
9.835036654763204211e+00 2.702266224476525167e+02 1.251721116535236007e+02
9.885080117034645397e+00 2.711553202014385988e+02 1.251721116535236007e+02
9.935053116209049406e+00 2.729663482639470544e+02 1.251721116535236007e+02
9.985047954935728498e+00 2.741273115615794609e+02 1.251721116535236007e+02
1.003493641968782235e+01 2.750613414567123982e+02 1.251721116535236007e+02
1.008496760761574507e+01 2.733403235285020401e+02 1.251721116535236007e+02
1.013505517142033696e+01 2.703480383475147164e+02 1.251721116535236007e+02
1.018499348439089580e+01 2.681371531350267787e+02 1.251721116535236007e+02
1.023485181331652605e+01 2.672551373362296658e+02 1.251721116535236007e+02
1.028490076264209918e+01 2.665432291087125805e+02 1.251721116535236007e+02
1.033508016021523979e+01 2.653054629165067695e+02 1.251721116535236007e+02
1.038503814993866037e+01 2.642508073117804770e+02 1.251721116535236007e+02
1.043506092056377987e+01 2.619678566020866697e+02 1.251721116535236007e+02
1.048500648683518222e+01 2.605723296371040760e+02 1.251721116535236007e+02
1.053492467464587357e+01 2.583829895847365492e+02 1.251721116535236007e+02
1.058493633210190055e+01 2.581560385859356188e+02 1.251721116535236007e+02
1.063496141493038571e+01 2.590423728223238982e+02 1.251721116535236007e+02
1.068510956159988190e+01 2.605387380053945208e+02 1.251721116535236007e+02
1.073519324482465542e+01 2.613601864954845837e+02 1.251721116535236007e+02
1.078499374610442985e+01 2.615613877478243694e+02 1.251721116535236007e+02
1.083498852684137681e+01 2.610834697653369290e+02 1.251721116535236007e+02
1.088532717033764108e+01 2.599550346679784525e+02 1.251721116535236007e+02
1.093533967140946928e+01 2.574130076457154246e+02 1.251721116535236007e+02
1.098516814213459369e+01 2.551330002691648531e+02 1.251721116535236007e+02
1.103487009664334018e+01 2.535231704046726691e+02 1.251721116535236007e+02
1.108482779519205685e+01 2.519955033788531011e+02 1.251721116535236007e+02
1.113497951311520850e+01 2.521408398719637489e+02 1.251721116535236007e+02
1.118504655472112930e+01 2.516280833958150822e+02 1.251721116535236007e+02
1.123510664327012165e+01 2.522064203270779785e+02 1.251721116535236007e+02
1.128492672628014759e+01 2.524609877237372473e+02 1.251721116535236007e+02
1.133483676091637449e+01 2.516173568087763783e+02 1.251721116535236007e+02
1.138496869555097213e+01 2.508076274642272381e+02 1.251721116535236007e+02
1.143488632814817052e+01 2.502273998023032391e+02 1.251721116535236007e+02
1.148507158105109838e+01 2.506332924742261810e+02 1.251721116535236007e+02
1.153512077344084652e+01 2.517784446171319246e+02 1.251721116535236007e+02
1.158496874923152120e+01 2.531367369132645706e+02 1.251721116535236007e+02
1.163503447483404862e+01 2.543218167317689336e+02 1.251721116535236007e+02
1.168514574175370413e+01 2.538318246591781246e+02 1.251721116535236007e+02
1.173520144267176768e+01 2.524962017188297239e+02 1.251721116535236007e+02
1.178499978579660024e+01 2.501250916758342555e+02 1.251721116535236007e+02
1.183489361131316109e+01 2.479490800820201741e+02 1.251721116535236007e+02
1.188508688648073353e+01 2.465436602304560836e+02 1.251721116535236007e+02
1.193507368630230303e+01 2.453959867523865341e+02 1.251721116535236007e+02
1.198501534283204073e+01 2.444195394415577880e+02 1.251721116535236007e+02
1.203499287021151787e+01 2.443057084206848231e+02 1.251721116535236007e+02
1.208500207354710376e+01 2.438137531641128817e+02 1.251721116535236007e+02
1.213511755040241447e+01 2.430281107741027711e+02 1.251721116535236007e+02
1.218508185768859775e+01 2.421698803351257538e+02 1.251721116535236007e+02
1.223499578229461093e+01 2.411548543152103719e+02 1.251721116535236007e+02
1.228482496548857839e+01 2.400264730369168262e+02 1.251721116535236007e+02
1.233472258167685354e+01 2.394630891935675834e+02 1.251721116535236007e+02
1.238495919658963373e+01 2.391118249101073445e+02 1.251721116535236007e+02
1.243501623080759977e+01 2.389527926043284936e+02 1.251721116535236007e+02
1.248498520461935968e+01 2.384265733912771452e+02 1.251721116535236007e+02
1.253491772764473389e+01 2.376453103357631846e+02 1.251721116535236007e+02
1.258505667599542477e+01 2.367808692650937985e+02 1.251721116535236007e+02
1.263533194845266294e+01 2.362020306025968921e+02 1.251721116535236007e+02
1.268509781067005449e+01 2.354839482344790156e+02 1.251721116535236007e+02
1.273496424556897288e+01 2.352455242594595575e+02 1.251721116535236007e+02
1.278509996901004975e+01 2.360761915773043995e+02 1.251721116535236007e+02
1.283513809744099454e+01 2.359468920314037916e+02 1.251721116535236007e+02
1.288513662977390872e+01 2.357627751264335245e+02 1.251721116535236007e+02
1.293516775797505858e+01 2.352905428054785659e+02 1.251721116535236007e+02
1.298508564746807004e+01 2.337605247230706595e+02 1.251721116535236007e+02
1.303485050444322191e+01 2.325238505478041020e+02 1.251721116535236007e+02
1.308477248822843464e+01 2.317552494795328641e+02 1.251721116535236007e+02
1.313495048384857000e+01 2.321996452493969798e+02 1.251721116535236007e+02
1.318508214353928665e+01 2.329893229721581349e+02 1.251721116535236007e+02
1.323498058186023130e+01 2.337696172368021905e+02 1.251721116535236007e+02
1.328501693617584500e+01 2.348981089823339232e+02 1.251721116535236007e+02
1.333523870267546485e+01 2.352517736632635490e+02 1.251721116535236007e+02
1.338517858123485915e+01 2.344775384452174762e+02 1.251721116535236007e+02
1.343509981213488302e+01 2.335543975252571727e+02 1.251721116535236007e+02
1.348497851692220806e+01 2.333999171553772669e+02 1.251721116535236007e+02
1.353502032703213587e+01 2.337776178728070136e+02 1.251721116535236007e+02
1.358510348967521608e+01 2.342273834115671605e+02 1.251721116535236007e+02
1.363504968078970769e+01 2.351887692170750768e+02 1.251721116535236007e+02
1.368512606201380066e+01 2.369642828578764977e+02 1.251721116535236007e+02
1.373499467664954388e+01 2.371731706083643587e+02 1.251721116535236007e+02
1.378492307579496234e+01 2.378097519997682525e+02 1.251721116535236007e+02
1.383507424762243687e+01 2.372236207301447166e+02 1.251721116535236007e+02
1.388511084066553458e+01 2.356917947646724087e+02 1.251721116535236007e+02
1.393507568847607203e+01 2.341420000406760096e+02 1.251721116535236007e+02
1.398506445617934446e+01 2.321935900540889577e+02 1.251721116535236007e+02
1.403502933207308878e+01 2.301063280569416634e+02 1.251721116535236007e+02
1.408509116651932658e+01 2.293710537690693911e+02 1.251721116535236007e+02
1.413501876932126322e+01 2.284041612794143816e+02 1.251721116535236007e+02
1.418492186532934873e+01 2.278754161727366068e+02 1.251721116535236007e+02
1.423490351986086466e+01 2.277052341813233625e+02 1.251721116535236007e+02
1.428504941701871722e+01 2.266512318331932931e+02 1.251721116535236007e+02
1.433512393770669036e+01 2.256710668134669788e+02 1.251721116535236007e+02
1.438498778231173958e+01 2.244316583010477757e+02 1.251721116535236007e+02
1.443505469180176348e+01 2.240647414909726649e+02 1.251721116535236007e+02
1.448509396921661008e+01 2.241302017773288924e+02 1.251721116535236007e+02
1.453500725043747011e+01 2.244187111106116390e+02 1.251721116535236007e+02
1.458506203599850082e+01 2.253705443084278954e+02 1.251721116535236007e+02
1.463510945522735618e+01 2.259482353637469885e+02 1.251721116535236007e+02
1.468518338522024536e+01 2.264215859207075994e+02 1.251721116535236007e+02
1.473511674948366057e+01 2.268412653010333884e+02 1.251721116535236007e+02
1.478499469255191379e+01 2.265704807016911957e+02 1.251721116535236007e+02
1.483519165114115879e+01 2.264713602158019228e+02 1.251721116535236007e+02
1.488517752652281168e+01 2.260212838455827296e+02 1.251721116535236007e+02
1.493491330480827983e+01 2.249508659324100108e+02 1.251721116535236007e+02
1.498495676551141820e+01 2.243208944793850321e+02 1.251721116535236007e+02
1.503511884068045923e+01 2.235365300553131078e+02 1.251721116535236007e+02
1.508508315088700869e+01 2.228556080238226684e+02 1.251721116535236007e+02
1.513503556379768966e+01 2.226275895593655036e+02 1.251721116535236007e+02
1.518499676732287540e+01 2.227972393363710069e+02 1.251721116535236007e+02
1.523508436290063095e+01 2.229432723926546487e+02 1.251721116535236007e+02
1.528522781999686053e+01 2.231160047719952786e+02 1.251721116535236007e+02
1.533502167931889559e+01 2.223307034333237482e+02 1.251721116535236007e+02
1.538498481261066075e+01 2.216434127007777874e+02 1.251721116535236007e+02
1.543513611943905417e+01 2.208358892498846728e+02 1.251721116535236007e+02
1.548505834224075706e+01 2.192907610666139533e+02 1.251721116535236007e+02
1.553504763409418921e+01 2.185179150430085429e+02 1.251721116535236007e+02
1.558510724608531106e+01 2.175332128874890998e+02 1.251721116535236007e+02
1.563520755254619132e+01 2.169860583261610429e+02 1.251721116535236007e+02
1.568514954075441636e+01 2.167232947315863214e+02 1.251721116535236007e+02
1.573497001906558346e+01 2.166813449787247521e+02 1.251721116535236007e+02
1.578501951482137855e+01 2.175951749308383398e+02 1.251721116535236007e+02
1.583505996699327234e+01 2.183600178254809521e+02 1.251721116535236007e+02
1.588504732433563937e+01 2.190686171522619361e+02 1.251721116535236007e+02
1.593492601146461141e+01 2.188485150657096199e+02 1.251721116535236007e+02
1.598497954552474276e+01 2.180257869671274307e+02 1.251721116535236007e+02
1.603519544557364185e+01 2.175507542237453436e+02 1.251721116535236007e+02
1.608505934770346002e+01 2.165787213200067356e+02 1.251721116535236007e+02
1.613492369455208220e+01 2.154489029909035764e+02 1.251721116535236007e+02
1.618487545351322154e+01 2.153562769858905597e+02 1.251721116535236007e+02
1.623491462415037034e+01 2.156157025164903871e+02 1.251721116535236007e+02
1.628502566686339392e+01 2.157439977244241902e+02 1.251721116535236007e+02
1.633514483849683430e+01 2.163053138609200801e+02 1.251721116535236007e+02
1.638505554887958837e+01 2.164445662843448304e+02 1.251721116535236007e+02
1.643503370695393073e+01 2.163338953878467805e+02 1.251721116535236007e+02
1.648511919866944808e+01 2.154432530522770435e+02 1.251721116535236007e+02
1.653520949175244326e+01 2.147200930690617611e+02 1.251721116535236007e+02
1.658506906510178069e+01 2.143747361838505583e+02 1.251721116535236007e+02
1.663488141241765206e+01 2.138367720470633913e+02 1.251721116535236007e+02
1.668486705482716204e+01 2.138535688131205745e+02 1.251721116535236007e+02
1.673492103191636104e+01 2.136653176475882105e+02 1.251721116535236007e+02
1.678500937030894846e+01 2.139600043674357153e+02 1.251721116535236007e+02
1.683496483388560350e+01 2.137503204993925294e+02 1.251721116535236007e+02
1.688490029853898733e+01 2.135435830824579284e+02 1.251721116535236007e+02
1.693486900501934400e+01 2.128858842975206755e+02 1.251721116535236007e+02
1.698500806291582776e+01 2.121076231719167424e+02 1.251721116535236007e+02
1.703516048416506479e+01 2.117220830443238526e+02 1.251721116535236007e+02
1.708509007434781068e+01 2.113207149968666840e+02 1.251721116535236007e+02
1.713498442939637201e+01 2.124474117067471468e+02 1.251721116535236007e+02
1.718492428173238196e+01 2.131876050667608808e+02 1.251721116535236007e+02
1.723486141856428233e+01 2.143027477279682955e+02 1.251721116535236007e+02
1.728495617542862206e+01 2.147982583301543116e+02 1.251721116535236007e+02
1.733506984443393506e+01 2.144007775457399134e+02 1.251721116535236007e+02
1.738497568670722160e+01 2.137404099618365763e+02 1.251721116535236007e+02
1.743490614939463157e+01 2.126375978543377414e+02 1.251721116535236007e+02
1.748496913497200467e+01 2.116205030540911025e+02 1.251721116535236007e+02
1.753507445822357624e+01 2.106792305074075387e+02 1.251721116535236007e+02
1.758513482966695562e+01 2.104910943621906938e+02 1.251721116535236007e+02
1.763511755933055269e+01 2.103205239133137638e+02 1.251721116535236007e+02
1.768508466776422239e+01 2.101887292460034473e+02 1.251721116535236007e+02
1.773505073952180311e+01 2.097479308864617167e+02 1.251721116535236007e+02
1.778508782630178686e+01 2.090905836393507116e+02 1.251721116535236007e+02
1.783504284633070824e+01 2.085561070118511680e+02 1.251721116535236007e+02
1.788499742965798589e+01 2.079606169744390058e+02 1.251721116535236007e+02
1.793498972719416429e+01 2.075527628068761885e+02 1.251721116535236007e+02
1.798499848428144787e+01 2.071920640611927809e+02 1.251721116535236007e+02
1.803510953377203663e+01 2.074294824803973540e+02 1.251721116535236007e+02
1.808516677532512062e+01 2.075682321810471080e+02 1.251721116535236007e+02
1.813507550829074688e+01 2.075470306976699533e+02 1.251721116535236007e+02
1.818496845642778936e+01 2.078898498038840330e+02 1.251721116535236007e+02
1.823497139660265276e+01 2.080096767537337428e+02 1.251721116535236007e+02
1.828507879191377228e+01 2.075352729927350879e+02 1.251721116535236007e+02
1.833510418824468857e+01 2.073389275875778424e+02 1.251721116535236007e+02
1.838506948334563873e+01 2.071394363534077456e+02 1.251721116535236007e+02
1.843507536407004466e+01 2.066954776111080321e+02 1.251721116535236007e+02
1.848504942076525737e+01 2.064216828156928329e+02 1.251721116535236007e+02
1.853507441616272544e+01 2.063257690923140046e+02 1.251721116535236007e+02
1.858511879045116899e+01 2.061937591657534199e+02 1.251721116535236007e+02
1.863495525648787421e+01 2.058395444282959090e+02 1.251721116535236007e+02
1.868488130392274016e+01 2.057900449752105771e+02 1.251721116535236007e+02
1.873504875184114482e+01 2.053704559564820897e+02 1.251721116535236007e+02
1.878514388429111648e+01 2.049772899572635083e+02 1.251721116535236007e+02
1.883511007463363995e+01 2.055474939419001998e+02 1.251721116535236007e+02
1.888497244834255895e+01 2.059213668834630653e+02 1.251721116535236007e+02
1.893485641817745346e+01 2.062770110353559403e+02 1.251721116535236007e+02
1.898490619453832551e+01 2.067624645344760950e+02 1.251721116535236007e+02
1.903488786107232045e+01 2.071930855404054341e+02 1.251721116535236007e+02
1.908487881142723097e+01 2.070825284750337403e+02 1.251721116535236007e+02
1.913492348207432414e+01 2.070356223101785531e+02 1.251721116535236007e+02
1.918501168728120021e+01 2.062619582541236980e+02 1.251721116535236007e+02
1.923514124826581906e+01 2.054804954657749931e+02 1.251721116535236007e+02
1.928506748334755017e+01 2.048544464007051147e+02 1.251721116535236007e+02
1.933495430610808086e+01 2.040996145738853045e+02 1.251721116535236007e+02
1.938494634755015866e+01 2.031724525909661452e+02 1.251721116535236007e+02
1.943493914899500297e+01 2.031741020275210019e+02 1.251721116535236007e+02
1.948497893127760250e+01 2.035994439138190728e+02 1.251721116535236007e+02
1.953503482368078537e+01 2.040670915327302453e+02 1.251721116535236007e+02
1.958498207675637559e+01 2.044020668410298072e+02 1.251721116535236007e+02
1.963504343592175871e+01 2.049081926617875808e+02 1.251721116535236007e+02
1.968503863116305297e+01 2.049306621797611001e+02 1.251721116535236007e+02
1.973506536610938156e+01 2.049114200912412969e+02 1.251721116535236007e+02
1.978512121103143784e+01 2.045573032435263769e+02 1.251721116535236007e+02
1.983496687045177964e+01 2.044091614859925699e+02 1.251721116535236007e+02
1.988498280723141320e+01 2.043343868395211871e+02 1.251721116535236007e+02
1.993508900434436626e+01 2.040612638908496024e+02 1.251721116535236007e+02
1.998508408833317418e+01 2.034414451802621784e+02 1.251721116535236007e+02
2.003507324128244704e+01 2.025397637291836759e+02 1.251721116535236007e+02
2.008505399653831702e+01 2.018804670376486285e+02 1.251721116535236007e+02
2.013499669309325313e+01 2.015859121537309875e+02 1.251721116535236007e+02
2.018502569446345518e+01 2.016719936687428856e+02 1.251721116535236007e+02
2.023503536485620202e+01 2.020502242464142739e+02 1.251721116535236007e+02
2.028511407188591065e+01 2.020990573336007685e+02 1.251721116535236007e+02
2.033506684544470744e+01 2.018924977469990552e+02 1.251721116535236007e+02
2.038493053717687786e+01 2.016200150317716862e+02 1.251721116535236007e+02
2.043503656635626342e+01 2.010348131153845372e+02 1.251721116535236007e+02
2.048515681613748640e+01 2.009901370223236370e+02 1.251721116535236007e+02
2.053512184950790243e+01 2.007071821544021475e+02 1.251721116535236007e+02
2.058506579015766036e+01 2.004264978824405432e+02 1.251721116535236007e+02
2.063503949539584070e+01 2.006138002518863743e+02 1.251721116535236007e+02
2.068496726901411620e+01 1.999524824202326840e+02 1.251721116535236007e+02
2.073499283942112825e+01 1.992367656892650700e+02 1.251721116535236007e+02
2.078510852351926275e+01 1.988617597462377660e+02 1.251721116535236007e+02
2.083507144762231178e+01 1.984819708290424103e+02 1.251721116535236007e+02
2.088503448202894930e+01 1.989143607348402725e+02 1.251721116535236007e+02
2.093502569401122670e+01 1.996807879139321074e+02 1.251721116535236007e+02
2.098501092220254804e+01 2.002512508659841615e+02 1.251721116535236007e+02
2.103489933635630749e+01 2.012031800566149116e+02 1.251721116535236007e+02
2.108484379460264790e+01 2.018583285571758950e+02 1.251721116535236007e+02
2.113497050350854778e+01 2.021542258954724502e+02 1.251721116535236007e+02
2.118501489664703996e+01 2.021428046505658358e+02 1.251721116535236007e+02
2.123500322597652001e+01 2.013094503559470922e+02 1.251721116535236007e+02
2.128496140673073000e+01 2.007112412116776738e+02 1.251721116535236007e+02
2.133497759989855780e+01 1.995165537437834757e+02 1.251721116535236007e+02
2.138501427804164834e+01 1.984275169002046084e+02 1.251721116535236007e+02
2.143512307678850348e+01 1.975172805599048615e+02 1.251721116535236007e+02
2.148520101455627085e+01 1.969500394745179790e+02 1.251721116535236007e+02
2.153506198237843705e+01 1.971736046163710228e+02 1.251721116535236007e+02
2.158501725909731306e+01 1.975279199651317299e+02 1.251721116535236007e+02
2.163513192522731643e+01 1.975217918022318315e+02 1.251721116535236007e+02
2.168511393406111054e+01 1.980353320985099685e+02 1.251721116535236007e+02
2.173504372356545389e+01 1.986701941628973884e+02 1.251721116535236007e+02
2.178497281075374303e+01 1.990750407041950609e+02 1.251721116535236007e+02
2.183494731131466438e+01 1.990638897433098862e+02 1.251721116535236007e+02
2.188500823254057082e+01 1.982962339290745604e+02 1.251721116535236007e+02
2.193509886117685070e+01 1.976983939154387429e+02 1.251721116535236007e+02
2.198516119020909798e+01 1.964945040050297678e+02 1.251721116535236007e+02
2.203505025422927233e+01 1.954765184230261923e+02 1.251721116535236007e+02
2.208496894321325854e+01 1.945722186328983128e+02 1.251721116535236007e+02
2.213503419908408887e+01 1.942162827104423570e+02 1.251721116535236007e+02
2.218516000856649484e+01 1.943511035718674123e+02 1.251721116535236007e+02
2.223516154100823528e+01 1.942294418786089523e+02 1.251721116535236007e+02
2.228504923601680332e+01 1.943142689681353659e+02 1.251721116535236007e+02
2.233504290137151926e+01 1.944300253485424435e+02 1.251721116535236007e+02
2.238504178238817488e+01 1.948379560756829392e+02 1.251721116535236007e+02
2.243506292974217686e+01 1.951037051804711382e+02 1.251721116535236007e+02
2.248498010803980307e+01 1.954189241434579571e+02 1.251721116535236007e+02
2.253497408768199151e+01 1.953385344997432753e+02 1.251721116535236007e+02
2.258504576314178891e+01 1.949965874319729551e+02 1.251721116535236007e+02
2.263501755529657089e+01 1.947654378954944718e+02 1.251721116535236007e+02
2.268497133650677711e+01 1.944554049596919754e+02 1.251721116535236007e+02
2.273496946975517119e+01 1.940707940546310510e+02 1.251721116535236007e+02
2.278495606365159531e+01 1.936674198540186183e+02 1.251721116535236007e+02
2.283504517344439222e+01 1.935728037600267726e+02 1.251721116535236007e+02
2.288515384815983467e+01 1.931893399171297858e+02 1.251721116535236007e+02
2.293513970257658485e+01 1.925941269347659386e+02 1.251721116535236007e+02
2.298499895949208849e+01 1.921360856016519563e+02 1.251721116535236007e+02
2.303494368627049482e+01 1.919370367567519509e+02 1.251721116535236007e+02
2.308506613449876355e+01 1.923248245865624426e+02 1.251721116535236007e+02
2.313508392148495574e+01 1.922164136433146382e+02 1.251721116535236007e+02
2.318502453278797404e+01 1.919121353492017192e+02 1.251721116535236007e+02
2.323497485065410117e+01 1.918652717350742023e+02 1.251721116535236007e+02
2.328497090944668102e+01 1.914458283728281742e+02 1.251721116535236007e+02
2.333499385253491454e+01 1.913190820615196799e+02 1.251721116535236007e+02
2.338498727106783193e+01 1.913961976241292007e+02 1.251721116535236007e+02
2.343501191119998239e+01 1.911696998661000748e+02 1.251721116535236007e+02
2.348496544655622387e+01 1.911746826205194623e+02 1.251721116535236007e+02
2.353495792677599496e+01 1.908543994363812430e+02 1.251721116535236007e+02
2.358500365650586872e+01 1.905203970038411683e+02 1.251721116535236007e+02
2.363496159683297293e+01 1.899289385436965745e+02 1.251721116535236007e+02
2.368501138596607802e+01 1.892548090502468199e+02 1.251721116535236007e+02
2.373498470094738977e+01 1.889674241604494682e+02 1.251721116535236007e+02
2.378496214819288213e+01 1.889588180237999495e+02 1.251721116535236007e+02
2.383497596387970674e+01 1.891042643403674788e+02 1.251721116535236007e+02
2.388498789192226113e+01 1.892743328127567679e+02 1.251721116535236007e+02
2.393503375318008253e+01 1.896825063733390948e+02 1.251721116535236007e+02
2.398501935373159100e+01 1.904108428492403107e+02 1.251721116535236007e+02
2.403496569110036774e+01 1.906504657135191110e+02 1.251721116535236007e+02
2.408498673386322153e+01 1.904290726531077951e+02 1.251721116535236007e+02
2.413506042996912626e+01 1.897783550745150762e+02 1.251721116535236007e+02
2.418502307876385871e+01 1.892873796523704186e+02 1.251721116535236007e+02
2.423492163595081550e+01 1.884170399904127748e+02 1.251721116535236007e+02
2.428490428825202585e+01 1.877259969193907239e+02 1.251721116535236007e+02
2.433496680196650530e+01 1.873240366063617728e+02 1.251721116535236007e+02
2.438512209170648148e+01 1.872649294920013574e+02 1.251721116535236007e+02
2.443514839901259350e+01 1.872987345568029696e+02 1.251721116535236007e+02
2.448509052949892961e+01 1.875431440704603574e+02 1.251721116535236007e+02
2.453509143701500861e+01 1.876351964361231239e+02 1.251721116535236007e+02
2.458502365090511788e+01 1.876868152502031251e+02 1.251721116535236007e+02
2.463504153640463201e+01 1.879393280804319772e+02 1.251721116535236007e+02
2.468508194249478649e+01 1.878538946096574875e+02 1.251721116535236007e+02
2.473503958790242407e+01 1.875021407343978126e+02 1.251721116535236007e+02
2.478500304505123708e+01 1.873004980573961689e+02 1.251721116535236007e+02
2.483507100557675784e+01 1.870317033646915093e+02 1.251721116535236007e+02
2.488511954357796441e+01 1.865676052546639028e+02 1.251721116535236007e+02
2.493506250080584152e+01 1.860625964512308315e+02 1.251721116535236007e+02
2.498502129798272975e+01 1.856459412409464846e+02 1.251721116535236007e+02
2.503501437401748220e+01 1.850715504573512646e+02 1.251721116535236007e+02
2.508506646650047855e+01 1.843389177565622106e+02 1.251721116535236007e+02
2.513508907173123674e+01 1.838329856996820695e+02 1.251721116535236007e+02
2.518507998159773820e+01 1.834397968051260932e+02 1.251721116535236007e+02
2.523505185786540750e+01 1.830960090777913365e+02 1.251721116535236007e+02
2.528493522995301390e+01 1.827577966848312769e+02 1.251721116535236007e+02
2.533497298671538545e+01 1.829654711331214401e+02 1.251721116535236007e+02
2.538502983866438711e+01 1.836112964427362044e+02 1.251721116535236007e+02
2.543495840570060551e+01 1.844039911899337199e+02 1.251721116535236007e+02
2.548490619549177083e+01 1.856074024280100048e+02 1.251721116535236007e+02
2.553504240236605227e+01 1.860125837067013492e+02 1.251721116535236007e+02
2.558513992818135208e+01 1.862327318855900273e+02 1.251721116535236007e+02
2.563511225024596385e+01 1.856798986131382492e+02 1.251721116535236007e+02
2.568502585376510083e+01 1.845402852137662251e+02 1.251721116535236007e+02
2.573498204820310065e+01 1.834768590595079729e+02 1.251721116535236007e+02
2.578500790559889566e+01 1.823194672416108517e+02 1.251721116535236007e+02
2.583497123978640531e+01 1.815716838048555246e+02 1.251721116535236007e+02
2.588498768970100627e+01 1.815540569639989030e+02 1.251721116535236007e+02
2.593504047435509818e+01 1.820487907835722297e+02 1.251721116535236007e+02
2.598492966214148936e+01 1.828019900684673757e+02 1.251721116535236007e+02
2.603490575269462681e+01 1.835092396341965753e+02 1.251721116535236007e+02
2.608498537799486172e+01 1.839858265283243099e+02 1.251721116535236007e+02
2.613498443791063153e+01 1.842899113626050962e+02 1.251721116535236007e+02
2.618506832819802099e+01 1.842568765591981048e+02 1.251721116535236007e+02
2.623502416925955671e+01 1.840306902308444990e+02 1.251721116535236007e+02
2.628500242861670344e+01 1.838616700241350088e+02 1.251721116535236007e+02
2.633505458811568190e+01 1.836409500245374034e+02 1.251721116535236007e+02
2.638505163208250437e+01 1.830600955294443395e+02 1.251721116535236007e+02
2.643507388196501040e+01 1.824451579048339056e+02 1.251721116535236007e+02
2.648507376463455287e+01 1.817541515960743084e+02 1.251721116535236007e+02
2.653501897948297028e+01 1.815137212533144861e+02 1.251721116535236007e+02
2.658500608304605706e+01 1.812620346159469022e+02 1.251721116535236007e+02
2.663500634603502704e+01 1.811084626279713063e+02 1.251721116535236007e+02
2.668499674593755699e+01 1.812200548771909325e+02 1.251721116535236007e+02
2.673507012876124023e+01 1.809873079050660465e+02 1.251721116535236007e+02
2.678510131184463461e+01 1.804882521237245214e+02 1.251721116535236007e+02
2.683506136577998191e+01 1.800451940999148519e+02 1.251721116535236007e+02
2.688505297879097711e+01 1.798869518715407878e+02 1.251721116535236007e+02
2.693504435016774679e+01 1.800112370182095844e+02 1.251721116535236007e+02
2.698504814319771228e+01 1.799614543940602971e+02 1.251721116535236007e+02
2.703494373337554890e+01 1.798196200779644585e+02 1.251721116535236007e+02
2.708497938352233092e+01 1.796208114893421453e+02 1.251721116535236007e+02
2.713508632778151508e+01 1.792475910285617715e+02 1.251721116535236007e+02
2.718506074587872945e+01 1.787152206853617145e+02 1.251721116535236007e+02
2.723503231188058749e+01 1.785647792951767201e+02 1.251721116535236007e+02
2.728504324376617163e+01 1.783900758127064989e+02 1.251721116535236007e+02
2.733507363034057747e+01 1.789123651008301010e+02 1.251721116535236007e+02
2.738505164772542599e+01 1.794402891346069850e+02 1.251721116535236007e+02
2.743504695427340678e+01 1.794809619806298144e+02 1.251721116535236007e+02
2.748503541076832590e+01 1.795499713685019856e+02 1.251721116535236007e+02
2.753504854886516995e+01 1.793620966255896292e+02 1.251721116535236007e+02
2.758506909532711049e+01 1.793089280322720356e+02 1.251721116535236007e+02
2.763503959560177492e+01 1.793413530254966588e+02 1.251721116535236007e+02
2.768493112797089140e+01 1.794270564374061792e+02 1.251721116535236007e+02
2.773486671198879705e+01 1.795633887508183477e+02 1.251721116535236007e+02
2.778493406100407626e+01 1.799280963912470668e+02 1.251721116535236007e+02
2.783494474738006019e+01 1.800993617014756580e+02 1.251721116535236007e+02
2.788491097421039200e+01 1.798740630536616436e+02 1.251721116535236007e+02
2.793491799818713872e+01 1.797494401723419060e+02 1.251721116535236007e+02
2.798497835561302693e+01 1.796310100491248249e+02 1.251721116535236007e+02
2.803500194300229609e+01 1.791536745997464664e+02 1.251721116535236007e+02
2.808497359419805051e+01 1.790696572089716199e+02 1.251721116535236007e+02
2.813500712900244238e+01 1.788475386181719671e+02 1.251721116535236007e+02
2.818498298316923822e+01 1.787289977698155212e+02 1.251721116535236007e+02
2.823501278705563422e+01 1.785543910443717266e+02 1.251721116535236007e+02
2.828508221076129558e+01 1.784432157267107470e+02 1.251721116535236007e+02
2.833502532700387277e+01 1.783987058734120694e+02 1.251721116535236007e+02
2.838497482624182666e+01 1.783405828216958469e+02 1.251721116535236007e+02
2.843501034830992680e+01 1.787664320968123093e+02 1.251721116535236007e+02
2.848502647862418868e+01 1.790741282222630844e+02 1.251721116535236007e+02
2.853508393835680224e+01 1.793425397621484194e+02 1.251721116535236007e+02
2.858501657709735255e+01 1.794707333804898326e+02 1.251721116535236007e+02
2.863498054340625742e+01 1.794116742040599206e+02 1.251721116535236007e+02
2.868501636720259995e+01 1.788372658496251972e+02 1.251721116535236007e+02
2.873503316835737564e+01 1.782673713025480140e+02 1.251721116535236007e+02
2.878503498814174577e+01 1.778248221286551143e+02 1.251721116535236007e+02
2.883499190836502279e+01 1.775483611112430538e+02 1.251721116535236007e+02
2.888498631502357483e+01 1.775923271736158426e+02 1.251721116535236007e+02
2.893495000626588265e+01 1.776241186739112266e+02 1.251721116535236007e+02
2.898500036432614380e+01 1.780718885376419678e+02 1.251721116535236007e+02
2.903509861546637438e+01 1.782990839896217494e+02 1.251721116535236007e+02
2.908509207483089298e+01 1.783687137901896733e+02 1.251721116535236007e+02
2.913504495481950229e+01 1.782008055916441833e+02 1.251721116535236007e+02
2.918500836395550735e+01 1.775182434111229384e+02 1.251721116535236007e+02
2.923495718662698550e+01 1.767772837394106489e+02 1.251721116535236007e+02
2.928496207259495421e+01 1.761563108981573862e+02 1.251721116535236007e+02
2.933507426259881257e+01 1.757272237246100133e+02 1.251721116535236007e+02
2.938508181516578688e+01 1.758845247598160881e+02 1.251721116535236007e+02
2.943498225301185300e+01 1.762535342414731758e+02 1.251721116535236007e+02
2.948499858116320738e+01 1.766702616691842707e+02 1.251721116535236007e+02
2.953503956580185985e+01 1.770430842205638271e+02 1.251721116535236007e+02
2.958499896666411288e+01 1.771822808889001237e+02 1.251721116535236007e+02
2.963499333290878823e+01 1.773668727189473771e+02 1.251721116535236007e+02
2.968503373938486689e+01 1.772284694117035713e+02 1.251721116535236007e+02
2.973501494685912405e+01 1.768983339517127717e+02 1.251721116535236007e+02
2.978501452515847703e+01 1.767183752441872855e+02 1.251721116535236007e+02
2.983502715796966243e+01 1.764819938353836335e+02 1.251721116535236007e+02
2.988500919213149487e+01 1.764800502070599180e+02 1.251721116535236007e+02
2.993496485179967692e+01 1.762697995463091445e+02 1.251721116535236007e+02
2.998492561128389156e+01 1.762218586404677012e+02 1.251721116535236007e+02
3.003499817560929586e+01 1.760627826558899187e+02 1.251721116535236007e+02
3.008502556456793897e+01 1.757338712145256068e+02 1.251721116535236007e+02
3.013494008816754999e+01 1.755033109989217337e+02 1.251721116535236007e+02
3.018492673547769911e+01 1.753823213530948237e+02 1.251721116535236007e+02
3.023500315153119189e+01 1.750695344517752687e+02 1.251721116535236007e+02
3.028498131448523623e+01 1.750300254953813806e+02 1.251721116535236007e+02
3.033495417861680465e+01 1.749105276185435400e+02 1.251721116535236007e+02
3.038498345260273936e+01 1.747862216237211896e+02 1.251721116535236007e+02
3.043498939861261121e+01 1.745211098591597363e+02 1.251721116535236007e+02
3.048502194613474714e+01 1.742349965720285923e+02 1.251721116535236007e+02
3.053502301362196647e+01 1.740469594282669732e+02 1.251721116535236007e+02
3.058495949956653348e+01 1.739279618624609611e+02 1.251721116535236007e+02
3.063489983455229648e+01 1.739943266279800014e+02 1.251721116535236007e+02
3.068497696715034095e+01 1.741151885992573796e+02 1.251721116535236007e+02
3.073509074860540480e+01 1.746268672179236319e+02 1.251721116535236007e+02
3.078509960315929206e+01 1.751901976060627533e+02 1.251721116535236007e+02
3.083509925779301497e+01 1.757100339098421671e+02 1.251721116535236007e+02
3.088502185481159401e+01 1.762030628176593723e+02 1.251721116535236007e+02
3.093497026923844118e+01 1.763652220208558390e+02 1.251721116535236007e+02
3.098500837521540419e+01 1.764237636103375735e+02 1.251721116535236007e+02
3.103503142039876295e+01 1.762640489083885598e+02 1.251721116535236007e+02
3.108506759362598970e+01 1.758863165690729318e+02 1.251721116535236007e+02
3.113503374503685350e+01 1.752140423321561684e+02 1.251721116535236007e+02
3.118500365593765977e+01 1.744971998575800285e+02 1.251721116535236007e+02
3.123500974421094156e+01 1.739167343606622467e+02 1.251721116535236007e+02
3.128501507026141226e+01 1.736978657580601180e+02 1.251721116535236007e+02
3.133507249490528324e+01 1.734961172663435605e+02 1.251721116535236007e+02
3.138502440591334519e+01 1.736362896441456769e+02 1.251721116535236007e+02
3.143504823904290646e+01 1.735594696894316087e+02 1.251721116535236007e+02
3.148510614177524758e+01 1.735175170576670780e+02 1.251721116535236007e+02
3.153501675197719933e+01 1.736014482547336968e+02 1.251721116535236007e+02
3.158501348571202527e+01 1.736678103149441483e+02 1.251721116535236007e+02
3.163508986356812969e+01 1.739580643991873217e+02 1.251721116535236007e+02
3.168511752018606131e+01 1.742740372094121142e+02 1.251721116535236007e+02
3.173514170463571205e+01 1.746035215144062249e+02 1.251721116535236007e+02
3.178509011011270502e+01 1.746742881155416285e+02 1.251721116535236007e+02
3.183500843705502703e+01 1.746936157580659028e+02 1.251721116535236007e+02
3.188501666940159751e+01 1.745402686178427700e+02 1.251721116535236007e+02
3.193503202990384793e+01 1.742429105330219556e+02 1.251721116535236007e+02
3.198506613067839410e+01 1.738059917067297704e+02 1.251721116535236007e+02
3.203505890021113345e+01 1.734793918187081374e+02 1.251721116535236007e+02
3.208493732419461963e+01 1.732793349340419411e+02 1.251721116535236007e+02
3.213495366395236630e+01 1.733638698238912070e+02 1.251721116535236007e+02
