8.899641323548096450e-02 3.380674879807692378e+03 0.000000000000000000e+00
1.762294649249977474e-01 1.720890163845486143e+02 0.000000000000000000e+00
2.662437218389693272e-01 -1.555346524183917190e+01 0.000000000000000000e+00
3.649346201087940722e-01 -6.639766346324574187e+00 0.000000000000000000e+00
4.635470928990934603e-01 -3.253488135150098159e+00 0.000000000000000000e+00
5.630121343059290018e-01 -8.645505490115931835e+00 0.000000000000000000e+00
6.637476258980694599e-01 3.195015067484841542e-01 0.000000000000000000e+00
7.630437067904533022e-01 2.466418432730590471e+00 0.000000000000000000e+00
8.639090016071222511e-01 -1.016963608991870993e+00 0.000000000000000000e+00
9.621426022616451634e-01 3.098654832188594721e+00 0.000000000000000000e+00
1.060650350388561591e+00 -1.855397050388281066e+00 0.000000000000000000e+00
1.160695738208251893e+00 2.017278172626025601e+00 0.000000000000000000e+00
1.260988189711796936e+00 -6.350760657947284171e-01 0.000000000000000000e+00
1.360965173221828639e+00 1.821637563754857414e+00 0.000000000000000000e+00
1.459516200429978205e+00 -2.636760605306848193e-01 0.000000000000000000e+00
1.559771173841701275e+00 -2.817001671259567464e-01 0.000000000000000000e+00
1.660823609444051829e+00 1.398368700531232023e-01 0.000000000000000000e+00
1.760863065096903490e+00 4.307925559287010819e-01 0.000000000000000000e+00
1.860831138252939221e+00 5.612784588637014238e-01 0.000000000000000000e+00
1.960558372004485239e+00 -2.663207543189358151e-01 0.000000000000000000e+00
2.060584726315924708e+00 -4.626682826450892981e-03 0.000000000000000000e+00
2.160729659345701492e+00 -2.966088693745242977e-01 0.000000000000000000e+00
2.260719120019153650e+00 5.191104849735017623e-02 0.000000000000000000e+00
2.361163348282317553e+00 4.868893496580039559e-01 0.000000000000000000e+00
2.461248779664896524e+00 3.213164642471711407e-01 0.000000000000000000e+00
2.561100761153063843e+00 -8.815367844417493562e-03 0.000000000000000000e+00
2.660769167700723692e+00 -1.558328898075354296e-01 0.000000000000000000e+00
2.760458960728367384e+00 1.083390945260467864e-01 0.000000000000000000e+00
2.860591290042267865e+00 -1.144113383946694235e-01 0.000000000000000000e+00
2.960639175481798446e+00 6.078654583029503844e-02 0.000000000000000000e+00
3.060358024137067812e+00 -1.223701324956870951e-01 0.000000000000000000e+00
3.160794728097130246e+00 -1.315617649814892209e-01 0.000000000000000000e+00
3.261199944599915135e+00 -4.097898610042964573e-02 0.000000000000000000e+00
3.360749919420539911e+00 2.561819906203973308e-03 0.000000000000000000e+00
3.459835126459389176e+00 -7.744954154954230077e-03 0.000000000000000000e+00
3.560188740940378516e+00 -7.760978949838645211e-03 0.000000000000000000e+00
3.660846965852959656e+00 3.180907986560282258e-02 0.000000000000000000e+00
3.760451276577104540e+00 7.769505692843033107e-02 0.000000000000000000e+00
3.860212202906779577e+00 -8.628332372286651175e-02 0.000000000000000000e+00
3.960532647077731117e+00 1.173942905944047183e-01 0.000000000000000000e+00
4.060962209834743319e+00 8.332998578420490465e-02 0.000000000000000000e+00
4.160148069051775366e+00 8.449936300937586908e-02 0.000000000000000000e+00
4.259582262654759255e+00 -8.415818261584995241e-02 0.000000000000000000e+00
4.360164345516578166e+00 -2.533337630723652215e-03 0.000000000000000000e+00
4.460573579149521350e+00 1.895294234897746538e-02 0.000000000000000000e+00
4.560530149156328150e+00 -4.740941608794096117e-03 0.000000000000000000e+00
4.660287485696529508e+00 -3.924175927149602117e-02 0.000000000000000000e+00
4.760262084699077079e+00 -3.449827988820802077e-02 0.000000000000000000e+00
4.860447565083823029e+00 6.397289900670015406e-02 0.000000000000000000e+00
4.960628913369701465e+00 2.201897920578192031e-02 0.000000000000000000e+00
5.060804152253668420e+00 -1.736136934159349804e-02 0.000000000000000000e+00
5.160609437996754423e+00 -3.762062812086056085e-02 0.000000000000000000e+00
5.260521321794523253e+00 9.047305141935018703e-04 0.000000000000000000e+00
5.360542927541686709e+00 5.078406127150458110e-02 0.000000000000000000e+00
5.460351121480531589e+00 6.304562965371700300e-02 0.000000000000000000e+00
5.560202561635490426e+00 -6.408533005115779439e-03 0.000000000000000000e+00
5.660212261175133541e+00 -2.192380590665084293e-04 0.000000000000000000e+00
5.760666909301913385e+00 -7.112483828597723767e-02 0.000000000000000000e+00
5.860488403937768709e+00 7.577750980327931964e-03 0.000000000000000000e+00
5.960286234654308402e+00 2.089123352273825063e-02 0.000000000000000000e+00
6.060495439198260392e+00 4.346835198994082779e-03 0.000000000000000000e+00
6.160172772110693806e+00 4.226485676254422563e-02 0.000000000000000000e+00
6.260000307388036589e+00 1.236343514600668145e-02 0.000000000000000000e+00
6.360019877723115833e+00 -8.295063737798582734e-03 0.000000000000000000e+00
6.460393176898672429e+00 4.853941255465702050e-03 0.000000000000000000e+00
6.560712870799073393e+00 2.589587962299311555e-02 0.000000000000000000e+00
6.660315614630555103e+00 3.836456462661435446e-02 0.000000000000000000e+00
6.760348783000822870e+00 -2.525327285839910549e-02 0.000000000000000000e+00
6.860507314965895276e+00 -3.766497960927839284e-02 0.000000000000000000e+00
6.960389334265283168e+00 -2.501530315005540822e-02 0.000000000000000000e+00
7.060034423048193730e+00 6.655830358826129133e-03 0.000000000000000000e+00
7.159957956516346478e+00 -1.642641817919666958e-02 0.000000000000000000e+00
7.260192657847024833e+00 3.617504068448448851e-02 0.000000000000000000e+00
7.360108533827269817e+00 4.293133813031978913e-02 0.000000000000000000e+00
7.460339090618184343e+00 7.760479596152349523e-03 0.000000000000000000e+00
7.560411676181439056e+00 1.566769657285959488e-02 0.000000000000000000e+00
7.660346114771154014e+00 1.622384137947842364e-02 0.000000000000000000e+00
7.760391007741484160e+00 3.277075315692371676e-02 0.000000000000000000e+00
7.860072651402888688e+00 1.303789244536397197e-02 0.000000000000000000e+00
7.959955397583765802e+00 -2.501131202890910423e-03 0.000000000000000000e+00
8.060172532623253616e+00 -5.787497214900637170e-03 0.000000000000000000e+00
8.160169871096277561e+00 2.375877976974465067e-03 0.000000000000000000e+00
8.260209309247560583e+00 -1.316395868240120143e-02 0.000000000000000000e+00
8.360295260333263201e+00 2.282243559326906177e-03 0.000000000000000000e+00
8.460314428833417111e+00 -2.372754266350548744e-02 0.000000000000000000e+00
8.560221857099927334e+00 -1.737668923615792033e-02 0.000000000000000000e+00
8.660164637941472066e+00 2.387538003110340271e-02 0.000000000000000000e+00
8.760181857056902999e+00 9.730776109330319112e-03 0.000000000000000000e+00
8.860218717977446090e+00 1.418895168846109368e-02 0.000000000000000000e+00
8.960267699615021897e+00 3.180568754827845651e-02 0.000000000000000000e+00
9.060158543440742562e+00 -2.767111057624002321e-02 0.000000000000000000e+00
9.160314747803932178e+00 -2.754114807746346760e-02 0.000000000000000000e+00
9.260376927016194415e+00 1.917064010816086142e-02 0.000000000000000000e+00
9.360208025918709041e+00 2.324795309664042312e-02 0.000000000000000000e+00
9.460075101117821461e+00 1.281057800370271477e-02 0.000000000000000000e+00
9.559992906282033687e+00 1.844242788798079735e-02 0.000000000000000000e+00
9.660236476231109037e+00 -9.847459466281519719e-03 0.000000000000000000e+00
9.760211827678935137e+00 1.710023115879855159e-03 0.000000000000000000e+00
9.860087741133007455e+00 1.146391260689117071e-02 0.000000000000000000e+00
9.960113214171899543e+00 1.594191174165990321e-02 0.000000000000000000e+00
1.006014253496011435e+01 2.820768708267269026e-02 0.000000000000000000e+00
1.016015305856116946e+01 2.291551283797629845e-02 0.000000000000000000e+00
1.026012791460989426e+01 -1.032926051924269208e-02 0.000000000000000000e+00
1.036009715580952850e+01 3.333852930781774134e-03 0.000000000000000000e+00
1.045999384679854316e+01 -5.570840962984987405e-03 0.000000000000000000e+00
1.055998031172832619e+01 -1.623694217474677158e-05 0.000000000000000000e+00
1.066015733025465018e+01 -1.768910524237921056e-02 0.000000000000000000e+00
1.076005445242803127e+01 -6.829184884047110986e-03 0.000000000000000000e+00
1.086017199500644104e+01 -1.830777001237798721e-03 0.000000000000000000e+00
1.096035721378511774e+01 4.201157225983105994e-04 0.000000000000000000e+00
1.106014543005698059e+01 9.367518883239996791e-03 0.000000000000000000e+00
1.116013746602539669e+01 5.440423809994704776e-03 0.000000000000000000e+00
1.126001995331923311e+01 -4.490529173080918136e-04 0.000000000000000000e+00
1.135997563511528519e+01 -6.695219972916902074e-03 0.000000000000000000e+00
1.146027771572255105e+01 -2.571396072066035963e-03 0.000000000000000000e+00
1.156025344308602243e+01 9.126619900416414050e-03 0.000000000000000000e+00
1.166020264054967370e+01 3.562193116496419672e-03 0.000000000000000000e+00
1.176010824919332443e+01 2.526328705593887131e-03 0.000000000000000000e+00
1.186009918100251248e+01 1.099971700165810508e-02 0.000000000000000000e+00
1.196022404466052436e+01 -1.603378673329082862e-02 0.000000000000000000e+00
1.206014086953631015e+01 1.006011061317170149e-02 0.000000000000000000e+00
1.216012200167176260e+01 -5.684789876742243897e-04 0.000000000000000000e+00
1.225991162114084787e+01 -8.334511183609899163e-03 0.000000000000000000e+00
1.235998963976033949e+01 7.186253420681981523e-03 0.000000000000000000e+00
1.246019708267939308e+01 4.486379569174673079e-03 0.000000000000000000e+00
1.256029988740128189e+01 5.877044182074055156e-03 0.000000000000000000e+00
1.266021832804886849e+01 2.539601988222608617e-03 0.000000000000000000e+00
1.276011783806912625e+01 -7.620252143453066368e-04 0.000000000000000000e+00
1.286027643411210342e+01 2.914119484021344877e-03 0.000000000000000000e+00
1.296020505403111756e+01 -4.266144677554665511e-03 0.000000000000000000e+00
1.306004381250698110e+01 -1.702673805308425881e-03 0.000000000000000000e+00
1.316008799938249751e+01 -3.102628860533991791e-03 0.000000000000000000e+00
1.326024158855983259e+01 7.767334085689299276e-03 0.000000000000000000e+00
1.336025563904201441e+01 2.310080085771220367e-03 0.000000000000000000e+00
1.346008251893918484e+01 4.713394067800080744e-03 0.000000000000000000e+00
1.356002845306179871e+01 2.159983161411345443e-02 0.000000000000000000e+00
1.366017449007571649e+01 -3.046207099428122414e-03 0.000000000000000000e+00
1.376018618598503629e+01 3.411435836513064968e-03 0.000000000000000000e+00
1.386016602641027795e+01 -7.466242313913884574e-04 0.000000000000000000e+00
1.396016603220776808e+01 -5.842359820243726333e-03 0.000000000000000000e+00
1.406021375009726349e+01 6.368624558744025686e-03 0.000000000000000000e+00
1.416017889984025935e+01 1.637913105462277669e-02 0.000000000000000000e+00
1.426021760910094116e+01 -4.031296368901648129e-03 0.000000000000000000e+00
1.436020568897167315e+01 -7.492533939315575847e-03 0.000000000000000000e+00
1.446009957908403720e+01 8.756401060126491921e-04 0.000000000000000000e+00
1.456020661983343167e+01 3.280308915504436592e-03 0.000000000000000000e+00
1.466035845314601893e+01 8.490367036607182963e-04 0.000000000000000000e+00
1.476027873150629333e+01 -4.255728727519447752e-03 0.000000000000000000e+00
1.486011958734484217e+01 1.571522626288994083e-03 0.000000000000000000e+00
1.496014783579061636e+01 3.678584489352030619e-03 0.000000000000000000e+00
1.506017080873394143e+01 1.039749436284587332e-02 0.000000000000000000e+00
1.516008530228541495e+01 4.699748160061489356e-03 0.000000000000000000e+00
1.526016901980520579e+01 -6.426717426257140889e-03 0.000000000000000000e+00
1.536028844696910411e+01 -2.484367801790791225e-03 0.000000000000000000e+00
1.546018238599979000e+01 -2.298388356402664492e-03 0.000000000000000000e+00
1.556018596824832123e+01 -1.520498106302000524e-03 0.000000000000000000e+00
1.566018715656100824e+01 3.967962127093148730e-03 0.000000000000000000e+00
1.576017128895625774e+01 -8.377315596354956498e-03 0.000000000000000000e+00
1.586022654335216053e+01 -4.224442770412226329e-03 0.000000000000000000e+00
1.596027194439420605e+01 4.520267762646177669e-03 0.000000000000000000e+00
1.606019988436615265e+01 1.751196744636560748e-03 0.000000000000000000e+00
1.616001619001476186e+01 3.475693702955952747e-03 0.000000000000000000e+00
1.626011267441217711e+01 -2.554377343019006898e-03 0.000000000000000000e+00
1.636015423131000901e+01 6.766642556719151694e-04 0.000000000000000000e+00
1.646013567016607482e+01 9.276565717289601484e-03 0.000000000000000000e+00
1.656007240838085437e+01 -5.832877205654126741e-03 0.000000000000000000e+00
1.665992901383054914e+01 8.001841695729969284e-03 0.000000000000000000e+00
1.676002219346689159e+01 1.224678704530810739e-03 0.000000000000000000e+00
1.686003790855481910e+01 6.217415029784460929e-04 0.000000000000000000e+00
1.696008931641028283e+01 1.588597225012767340e-04 0.000000000000000000e+00
1.706015857686212200e+01 9.739002221089042982e-03 0.000000000000000000e+00
1.716002510614071497e+01 5.377659039620560216e-03 0.000000000000000000e+00
1.726005228275917602e+01 -2.262275099669168107e-03 0.000000000000000000e+00
1.736004143261135368e+01 7.366436615538953653e-03 0.000000000000000000e+00
1.746000211235884692e+01 5.577495354147936693e-03 0.000000000000000000e+00
1.756012122361867966e+01 2.374125374530862420e-03 0.000000000000000000e+00
1.766014398804343344e+01 -9.938519691556366251e-04 0.000000000000000000e+00
1.776015571561410411e+01 -4.570480272626425804e-03 0.000000000000000000e+00
1.786014681601529830e+01 -1.049496116760107248e-03 0.000000000000000000e+00
1.796008276126707415e+01 4.572312467356642895e-05 0.000000000000000000e+00
1.806015261825141849e+01 -3.051516520741124586e-04 0.000000000000000000e+00
1.816009831592651835e+01 3.217842542771495121e-03 0.000000000000000000e+00
1.826011438206822390e+01 9.890774354146824893e-04 0.000000000000000000e+00
1.836018372585242631e+01 -2.171537930848754707e-03 0.000000000000000000e+00
1.846011248160125007e+01 8.637838556491321887e-03 0.000000000000000000e+00
1.856012405487159711e+01 3.668224213882956362e-03 0.000000000000000000e+00
1.866007499050376595e+01 2.746179189807797152e-03 0.000000000000000000e+00
1.876012430072754356e+01 1.540946661531911784e-03 0.000000000000000000e+00
1.886008617154970324e+01 -2.748065933270237189e-03 0.000000000000000000e+00
1.896000428863321119e+01 -2.398170692236199601e-03 0.000000000000000000e+00
1.906004619657873178e+01 -4.116557829244697937e-03 0.000000000000000000e+00
1.916012450871170714e+01 -3.645143607918101920e-05 0.000000000000000000e+00
1.926014135632459556e+01 -2.571536468938290677e-03 0.000000000000000000e+00
1.936003992471836455e+01 -3.036542242548076823e-03 0.000000000000000000e+00
1.946009659168149142e+01 7.423729247080525749e-04 0.000000000000000000e+00
1.956009751796509732e+01 1.648777714351346447e-03 0.000000000000000000e+00
1.966003308899824376e+01 8.070913233160610049e-04 0.000000000000000000e+00
1.976006350907396580e+01 1.177153033076630854e-03 0.000000000000000000e+00
1.986013807476350834e+01 5.884917912397626127e-03 0.000000000000000000e+00
1.996016270699268702e+01 -4.931607861656823327e-04 0.000000000000000000e+00
2.006011812007354322e+01 -2.798811752022742263e-03 0.000000000000000000e+00
2.016010605821437096e+01 -1.829203770396169767e-03 0.000000000000000000e+00
2.026020834532102199e+01 -3.270703103996074577e-03 0.000000000000000000e+00
2.036015264346706388e+01 -2.909159006549931741e-03 0.000000000000000000e+00
2.046014229129198014e+01 2.120497458983742773e-03 0.000000000000000000e+00
2.056020556242132713e+01 8.123715474870192533e-04 0.000000000000000000e+00
2.066006737361054846e+01 1.460536967908449045e-03 0.000000000000000000e+00
2.076011273190236039e+01 1.442354137052771984e-03 0.000000000000000000e+00
2.086019097974652325e+01 1.708040769747671498e-03 0.000000000000000000e+00
2.096013179077616329e+01 1.388979068573959917e-03 0.000000000000000000e+00
2.106005425085002614e+01 2.914497948879860370e-03 0.000000000000000000e+00
2.116004591121704337e+01 -5.054324403276651669e-04 0.000000000000000000e+00
2.126006410376831823e+01 2.182752701205724604e-03 0.000000000000000000e+00
2.136004018857844144e+01 4.581803035606175738e-03 0.000000000000000000e+00
2.146015210129004203e+01 6.612323556633493450e-03 0.000000000000000000e+00
2.156018961599651362e+01 -2.022460101857383001e-03 0.000000000000000000e+00
2.166014215802494647e+01 -4.238262506629234460e-04 0.000000000000000000e+00
2.176005975325295339e+01 3.850385075730471379e-03 0.000000000000000000e+00
2.186002365495255262e+01 2.816491542461953788e-03 0.000000000000000000e+00
2.196015797577956619e+01 1.043327659932529339e-03 0.000000000000000000e+00
2.206015327450682051e+01 -2.385528592785583844e-04 0.000000000000000000e+00
2.216022562432646836e+01 -9.915202984651938240e-04 0.000000000000000000e+00
2.226023762596713595e+01 9.915887215987571543e-04 0.000000000000000000e+00
2.236012187475994395e+01 1.234529796725675069e-03 0.000000000000000000e+00
2.246005770765591691e+01 2.047730487192805893e-04 0.000000000000000000e+00
2.256004550991068669e+01 6.531849497226736726e-04 0.000000000000000000e+00
2.266007914369372855e+01 2.551913693732856155e-03 0.000000000000000000e+00
2.276000806581113878e+01 5.268142175595791994e-04 0.000000000000000000e+00
2.286010844514616380e+01 -2.136953317128856191e-03 0.000000000000000000e+00
2.296007356234825281e+01 7.334521060313220660e-03 0.000000000000000000e+00
2.306005103070280882e+01 1.226462668989003729e-03 0.000000000000000000e+00
2.316011535778469366e+01 1.889288199493354434e-04 0.000000000000000000e+00
2.326004152122711943e+01 -9.885153563504479879e-04 0.000000000000000000e+00
2.336003177061514791e+01 -1.142866962064400995e-03 0.000000000000000000e+00
2.345997616252074280e+01 2.170387466568256870e-04 0.000000000000000000e+00
2.355996558789114559e+01 2.754388233718959959e-03 0.000000000000000000e+00
2.366005677356592685e+01 4.421925398724465227e-05 0.000000000000000000e+00
2.376008499752514425e+01 -2.075394353409381124e-03 0.000000000000000000e+00
2.386008650357267769e+01 -2.318898050342077521e-03 0.000000000000000000e+00
2.396008208139831552e+01 -7.458808078345670160e-04 0.000000000000000000e+00
2.406007349624439229e+01 7.674206207399797029e-04 0.000000000000000000e+00
2.416005355753632244e+01 9.999568750647289898e-04 0.000000000000000000e+00
2.426000100264842274e+01 6.821648162345938810e-04 0.000000000000000000e+00
2.436013464581442989e+01 3.962646429957988707e-03 0.000000000000000000e+00
2.446023033168192740e+01 -6.602509733761360161e-04 0.000000000000000000e+00
2.456010370727704029e+01 2.087260347099642935e-03 0.000000000000000000e+00
2.466007991705158631e+01 6.713505316324349347e-04 0.000000000000000000e+00
2.476007853616273735e+01 2.250835532184365662e-03 0.000000000000000000e+00
2.486010699666847046e+01 -3.511476475945951949e-04 0.000000000000000000e+00
2.496012068606717094e+01 2.416478706546779532e-03 0.000000000000000000e+00
2.506011884904720333e+01 4.607882410198353360e-04 0.000000000000000000e+00
2.516016461492254663e+01 1.638804549438391484e-03 0.000000000000000000e+00
2.526004864631245894e+01 2.333288722609152838e-03 0.000000000000000000e+00
2.536000880997600149e+01 1.221424096954123800e-03 0.000000000000000000e+00
2.546000763258749444e+01 7.503433313583991564e-04 0.000000000000000000e+00
2.556005256491409483e+01 2.517357609842099143e-03 0.000000000000000000e+00
2.566007495662108084e+01 -1.149871580316566945e-03 0.000000000000000000e+00
2.576001284207799458e+01 1.176438441572039487e-03 0.000000000000000000e+00
2.586005665426739952e+01 1.199309986471378507e-03 0.000000000000000000e+00
2.595995283772588991e+01 -1.253401606323772998e-03 0.000000000000000000e+00
2.605992768761304035e+01 1.194573969068312780e-03 0.000000000000000000e+00
2.616008588888359654e+01 1.490205184175285354e-03 0.000000000000000000e+00
2.626013639090650997e+01 -2.431546358722207896e-03 0.000000000000000000e+00
2.636010086664784069e+01 -3.758412953669644702e-04 0.000000000000000000e+00
2.646009292255724077e+01 -2.318485875942631700e-03 0.000000000000000000e+00
2.656009163346045199e+01 6.030731306742550309e-04 0.000000000000000000e+00
2.666007616590135143e+01 1.530775248724107127e-03 0.000000000000000000e+00
2.676007911660554939e+01 1.757802839371766686e-03 0.000000000000000000e+00
2.686008193545500689e+01 -3.017262835511717910e-04 0.000000000000000000e+00
2.696008527403073884e+01 1.032924108051810289e-03 0.000000000000000000e+00
2.706014568371496409e+01 -4.767299912459699177e-04 0.000000000000000000e+00
2.716014672685720654e+01 -1.103758415409427382e-04 0.000000000000000000e+00
2.726011201775047255e+01 1.960019871506280247e-03 0.000000000000000000e+00
2.736011629044526217e+01 4.740879620831548423e-03 0.000000000000000000e+00
2.746009456312569696e+01 -1.811990303011104574e-03 0.000000000000000000e+00
2.756010111326260414e+01 -6.603426908410458965e-04 0.000000000000000000e+00
2.766000659215977819e+01 -1.570406645170175849e-03 0.000000000000000000e+00
2.775996930878592650e+01 1.128917035100558344e-04 0.000000000000000000e+00
2.786001736508387339e+01 -1.123690219361527719e-04 0.000000000000000000e+00
2.796003666424917711e+01 1.441411204192173667e-03 0.000000000000000000e+00
2.806007318658330973e+01 2.591215806642839232e-04 0.000000000000000000e+00
2.816002575392253959e+01 5.288740729710341955e-04 0.000000000000000000e+00
2.826008618070721923e+01 5.547997732269116695e-04 0.000000000000000000e+00
2.836011268337557567e+01 7.189176828149656086e-04 0.000000000000000000e+00
2.846006766072591532e+01 -1.482205432187768757e-03 0.000000000000000000e+00
2.856002342132942928e+01 -1.606672812981598669e-03 0.000000000000000000e+00
2.865999923614900879e+01 8.630659498111048662e-04 0.000000000000000000e+00
2.876004741964181477e+01 -7.209323286087272265e-04 0.000000000000000000e+00
2.886004046337784956e+01 1.028226405814812667e-03 0.000000000000000000e+00
2.896008102924385952e+01 -1.723372922574446450e-03 0.000000000000000000e+00
2.906013056701853259e+01 -9.994814149502622824e-04 0.000000000000000000e+00
2.916008342699372236e+01 -2.739853671062418734e-03 0.000000000000000000e+00
2.926005396200691067e+01 -6.187846614913807041e-04 0.000000000000000000e+00
2.936006015490019294e+01 -1.212782870999092001e-03 0.000000000000000000e+00
2.946008302370103493e+01 -1.737105020205252691e-03 0.000000000000000000e+00
2.956005136911289100e+01 5.705324849006850399e-04 0.000000000000000000e+00
2.966004211127815182e+01 -8.276656821209302673e-04 0.000000000000000000e+00
2.976008309869055068e+01 1.489276271359896023e-03 0.000000000000000000e+00
2.986006866468150278e+01 -8.089989576058493346e-04 0.000000000000000000e+00
2.996000836426628311e+01 6.703475147972453706e-04 0.000000000000000000e+00
3.005998672307784148e+01 -2.725251675582535376e-04 0.000000000000000000e+00
3.015999329076658597e+01 -2.418597138489167377e-03 0.000000000000000000e+00
3.025997071981619158e+01 2.443509961032355651e-03 0.000000000000000000e+00
3.035998250913087304e+01 7.257801981238173536e-04 0.000000000000000000e+00
3.046003667608819399e+01 -1.473298369100154576e-03 0.000000000000000000e+00
3.056001139595522531e+01 -1.939845365393388444e-03 0.000000000000000000e+00
3.066003402547599066e+01 3.813034877705103885e-04 0.000000000000000000e+00
3.076012870266283983e+01 1.270622572698200609e-03 0.000000000000000000e+00
3.086005490868008394e+01 8.914130618172127780e-04 0.000000000000000000e+00
3.096001904061603582e+01 1.253527118793833651e-03 0.000000000000000000e+00
3.106011009671765066e+01 1.338453803330780885e-03 0.000000000000000000e+00
3.116010574269009226e+01 -1.374750202896066371e-03 0.000000000000000000e+00
3.126007157798853697e+01 -7.307013634739409911e-04 0.000000000000000000e+00
3.136002568220683173e+01 6.792084101060278517e-04 0.000000000000000000e+00
3.146005315939301639e+01 4.501483320034869724e-04 0.000000000000000000e+00
3.156011152172583678e+01 2.735585881764991331e-03 0.000000000000000000e+00
3.166012355668277323e+01 7.292066234459239392e-04 0.000000000000000000e+00
3.176010027308443640e+01 -1.142122301670346661e-03 0.000000000000000000e+00
3.186006179385135795e+01 8.680549649219531511e-04 0.000000000000000000e+00
3.196011793235989273e+01 -3.354710186971409497e-04 0.000000000000000000e+00
3.206002367541852749e+01 1.289454738929138138e-03 0.000000000000000000e+00
3.215992380861585787e+01 -1.368870858594186529e-03 0.000000000000000000e+00
