8.899641323548096450e-02 3.241666165865384755e+03 0.000000000000000000e+00
1.762294649249977474e-01 1.310891493055555429e+03 0.000000000000000000e+00
2.662437218389693272e-01 7.651730195063694282e+02 0.000000000000000000e+00
3.649346201087940722e-01 4.840141157670454959e+02 0.000000000000000000e+00
4.635470928990934603e-01 3.158565760334645347e+02 0.000000000000000000e+00
5.630121343059290018e-01 2.138155283888227984e+02 0.000000000000000000e+00
6.637476258980694599e-01 1.910076667444029681e+02 0.000000000000000000e+00
7.630437067904533022e-01 1.641914295786330342e+02 0.000000000000000000e+00
8.639090016071222511e-01 1.431297974413646159e+02 0.000000000000000000e+00
9.621426022616451634e-01 1.304667250437828443e+02 0.000000000000000000e+00
1.060650350388561591e+00 1.071621955524179270e+02 0.000000000000000000e+00
1.160695738208251893e+00 9.703176289566236790e+01 0.000000000000000000e+00
1.260988189711796936e+00 9.261397149176701760e+01 0.000000000000000000e+00
1.360965173221828639e+00 8.818169122409325666e+01 0.000000000000000000e+00
1.459516200429978205e+00 8.101233986435569534e+01 0.000000000000000000e+00
1.559771173841701275e+00 7.439380182586508283e+01 0.000000000000000000e+00
1.660823609444051829e+00 7.233232316029662456e+01 0.000000000000000000e+00
1.760863065096903490e+00 7.270950121034526603e+01 0.000000000000000000e+00
1.860831138252939221e+00 6.578194364988559073e+01 0.000000000000000000e+00
1.960558372004485239e+00 6.672397387100092203e+01 0.000000000000000000e+00
2.060584726315924708e+00 6.210418599257884864e+01 0.000000000000000000e+00
2.160729659345701492e+00 5.980527951623816563e+01 0.000000000000000000e+00
2.260719120019153650e+00 5.974684338558961372e+01 0.000000000000000000e+00
2.361163348282317553e+00 5.724117755661836782e+01 0.000000000000000000e+00
2.461248779664896524e+00 5.364276195303812500e+01 0.000000000000000000e+00
2.561100761153063843e+00 5.295733303249097190e+01 0.000000000000000000e+00
2.660769167700723692e+00 5.120936234248424768e+01 0.000000000000000000e+00
2.760458960728367384e+00 5.077785701378491723e+01 0.000000000000000000e+00
2.860591290042267865e+00 5.018772955731683538e+01 0.000000000000000000e+00
2.960639175481798446e+00 4.735148081669284181e+01 0.000000000000000000e+00
3.060358024137067812e+00 4.692493929971034561e+01 0.000000000000000000e+00
3.160794728097130246e+00 4.582129201925316409e+01 0.000000000000000000e+00
3.261199944599915135e+00 4.402006582638291121e+01 0.000000000000000000e+00
3.360749919420539911e+00 4.354713143498386785e+01 0.000000000000000000e+00
3.459835126459389176e+00 4.367228724293596542e+01 0.000000000000000000e+00
3.560188740940378516e+00 4.184503854153921765e+01 0.000000000000000000e+00
3.660846965852959656e+00 4.277912477823772974e+01 0.000000000000000000e+00
3.760451276577104540e+00 4.130746168287146958e+01 0.000000000000000000e+00
3.860212202906779577e+00 4.016597919655666971e+01 0.000000000000000000e+00
3.960532647077731117e+00 4.014313295632894096e+01 0.000000000000000000e+00
4.060962209834743319e+00 3.916875359988480199e+01 0.000000000000000000e+00
4.160148069051775366e+00 3.865191156761252955e+01 0.000000000000000000e+00
4.259582262654759255e+00 3.747896601952301410e+01 0.000000000000000000e+00
4.360164345516578166e+00 3.722453227796052744e+01 0.000000000000000000e+00
4.460573579149521350e+00 3.732649161123796233e+01 0.000000000000000000e+00
4.560530149156328150e+00 3.626366370789934024e+01 0.000000000000000000e+00
4.660287485696529508e+00 3.540789341767075626e+01 0.000000000000000000e+00
4.760262084699077079e+00 3.478244381045160338e+01 0.000000000000000000e+00
4.860447565083823029e+00 3.461231660553517742e+01 0.000000000000000000e+00
4.960628913369701465e+00 3.379697833432081211e+01 0.000000000000000000e+00
5.060804152253668420e+00 3.310309996919285425e+01 0.000000000000000000e+00
5.160609437996754423e+00 3.250767238684903759e+01 0.000000000000000000e+00
5.260521321794523253e+00 3.215254599305120564e+01 0.000000000000000000e+00
5.360542927541686709e+00 3.070686014197666580e+01 0.000000000000000000e+00
5.460351121480531589e+00 3.082452251702215307e+01 0.000000000000000000e+00
5.560202561635490426e+00 3.020328560470468204e+01 0.000000000000000000e+00
5.660212261175133541e+00 2.990495369744075305e+01 0.000000000000000000e+00
5.760666909301913385e+00 2.960521946204027444e+01 0.000000000000000000e+00
5.860488403937768709e+00 2.911540694973520260e+01 0.000000000000000000e+00
5.960286234654308402e+00 2.811262240966249593e+01 0.000000000000000000e+00
6.060495439198260392e+00 2.754508170216435303e+01 0.000000000000000000e+00
6.160172772110693806e+00 2.731812441949050907e+01 0.000000000000000000e+00
6.260000307388036589e+00 2.666355269793242400e+01 0.000000000000000000e+00
6.360019877723115833e+00 2.643653801192378339e+01 0.000000000000000000e+00
6.460393176898672429e+00 2.601078094879872182e+01 0.000000000000000000e+00
6.560712870799073393e+00 2.543407568807339203e+01 0.000000000000000000e+00
6.660315614630555103e+00 2.510946252363838482e+01 0.000000000000000000e+00
6.760348783000822870e+00 2.442547829444063012e+01 0.000000000000000000e+00
6.860507314965895276e+00 2.414381314512126409e+01 0.000000000000000000e+00
6.960389334265283168e+00 2.388171403428720652e+01 0.000000000000000000e+00
7.060034423048193730e+00 2.323775077006559542e+01 0.000000000000000000e+00
7.159957956516346478e+00 2.315670120052336500e+01 0.000000000000000000e+00
7.260192657847024833e+00 2.262942849851382476e+01 0.000000000000000000e+00
7.360108533827269817e+00 2.229021923533395011e+01 0.000000000000000000e+00
7.460339090618184343e+00 2.167868784647584590e+01 0.000000000000000000e+00
7.560411676181439056e+00 2.183375878576567430e+01 0.000000000000000000e+00
7.660346114771154014e+00 2.130180649585521024e+01 0.000000000000000000e+00
7.760391007741484160e+00 2.110649653797733905e+01 0.000000000000000000e+00
7.860072651402888688e+00 2.079938293427607121e+01 0.000000000000000000e+00
7.959955397583765802e+00 2.063691023379463019e+01 0.000000000000000000e+00
8.060172532623253616e+00 2.011276092233010004e+01 0.000000000000000000e+00
8.160169871096277561e+00 2.014634001555292997e+01 0.000000000000000000e+00
8.260209309247560583e+00 1.956067858793621639e+01 0.000000000000000000e+00
8.360295260333263201e+00 1.935012105444345920e+01 0.000000000000000000e+00
8.460314428833417111e+00 1.914299691978184370e+01 0.000000000000000000e+00
8.560221857099927334e+00 1.890271651207937964e+01 0.000000000000000000e+00
8.660164637941472066e+00 1.835186462452153933e+01 0.000000000000000000e+00
8.760181857056902999e+00 1.806851868995453358e+01 0.000000000000000000e+00
8.860218717977446090e+00 1.802602772070311588e+01 0.000000000000000000e+00
8.960267699615021897e+00 1.801533840431394040e+01 0.000000000000000000e+00
9.060158543440742562e+00 1.785895818182693873e+01 0.000000000000000000e+00
9.160314747803932178e+00 1.728124765829898735e+01 0.000000000000000000e+00
9.260376927016194415e+00 1.729286473251409006e+01 0.000000000000000000e+00
9.360208025918709041e+00 1.672382530839454517e+01 0.000000000000000000e+00
9.460075101117821461e+00 1.686882456357887250e+01 0.000000000000000000e+00
9.559992906282033687e+00 1.663944542325569387e+01 0.000000000000000000e+00
9.660236476231109037e+00 1.641127932408924295e+01 0.000000000000000000e+00
9.760211827678935137e+00 1.621893333776529644e+01 0.000000000000000000e+00
9.860087741133007455e+00 1.597749323081794692e+01 0.000000000000000000e+00
9.960113214171899543e+00 1.581475467252523437e+01 0.000000000000000000e+00
1.006014253496011435e+01 1.572625081322825480e+01 0.000000000000000000e+00
1.016015305856116946e+01 1.545470859060197100e+01 0.000000000000000000e+00
1.026012791460989426e+01 1.526358054292200883e+01 0.000000000000000000e+00
1.036009715580952850e+01 1.504156153191614642e+01 0.000000000000000000e+00
1.045999384679854316e+01 1.474397161840109760e+01 0.000000000000000000e+00
1.055998031172832619e+01 1.451170090819355529e+01 0.000000000000000000e+00
1.066015733025465018e+01 1.404437040759739297e+01 0.000000000000000000e+00
1.076005445242803127e+01 1.414225117769500528e+01 0.000000000000000000e+00
1.086017199500644104e+01 1.400687929228262263e+01 0.000000000000000000e+00
1.096035721378511774e+01 1.392323361504080559e+01 0.000000000000000000e+00
1.106014543005698059e+01 1.391071122730254572e+01 0.000000000000000000e+00
1.116013746602539669e+01 1.358761904158857270e+01 0.000000000000000000e+00
1.126001995331923311e+01 1.337899108995026332e+01 0.000000000000000000e+00
1.135997563511528519e+01 1.338139441902767857e+01 0.000000000000000000e+00
1.146027771572255105e+01 1.326634349196457485e+01 0.000000000000000000e+00
1.156025344308602243e+01 1.320269557356885670e+01 0.000000000000000000e+00
1.166020264054967370e+01 1.306741434664688484e+01 0.000000000000000000e+00
1.176010824919332443e+01 1.279527524079450096e+01 0.000000000000000000e+00
1.186009918100251248e+01 1.266869521929064035e+01 0.000000000000000000e+00
1.196022404466052436e+01 1.268254713853091431e+01 0.000000000000000000e+00
1.206014086953631015e+01 1.251323521030047559e+01 0.000000000000000000e+00
1.216012200167176260e+01 1.238629707224781562e+01 0.000000000000000000e+00
1.225991162114084787e+01 1.232731723125808543e+01 0.000000000000000000e+00
1.235998963976033949e+01 1.201563078822803021e+01 0.000000000000000000e+00
1.246019708267939308e+01 1.202586632278281442e+01 0.000000000000000000e+00
1.256029988740128189e+01 1.181124370683393465e+01 0.000000000000000000e+00
1.266021832804886849e+01 1.179221132762810775e+01 0.000000000000000000e+00
1.276011783806912625e+01 1.165859373678244637e+01 0.000000000000000000e+00
1.286027643411210342e+01 1.150725933530703848e+01 0.000000000000000000e+00
1.296020505403111756e+01 1.142293763001590889e+01 0.000000000000000000e+00
1.306004381250698110e+01 1.128908697900842562e+01 0.000000000000000000e+00
1.316008799938249751e+01 1.124881443861452013e+01 0.000000000000000000e+00
1.326024158855983259e+01 1.122578011265116160e+01 0.000000000000000000e+00
1.336025563904201441e+01 1.108824831935378086e+01 0.000000000000000000e+00
1.346008251893918484e+01 1.095122779507921074e+01 0.000000000000000000e+00
1.356002845306179871e+01 1.088774256359889492e+01 0.000000000000000000e+00
1.366017449007571649e+01 1.078117106385854740e+01 0.000000000000000000e+00
1.376018618598503629e+01 1.062086043282631564e+01 0.000000000000000000e+00
1.386016602641027795e+01 1.058483819022815275e+01 0.000000000000000000e+00
1.396016603220776808e+01 1.042375376075042759e+01 0.000000000000000000e+00
1.406021375009726349e+01 1.045816708826416352e+01 0.000000000000000000e+00
1.416017889984025935e+01 1.031039335816067215e+01 0.000000000000000000e+00
1.426021760910094116e+01 1.021250902796199433e+01 0.000000000000000000e+00
1.436020568897167315e+01 1.012466784425159183e+01 0.000000000000000000e+00
1.446009957908403720e+01 1.000980384759756170e+01 0.000000000000000000e+00
1.456020661983343167e+01 1.001071654451430604e+01 0.000000000000000000e+00
1.466035845314601893e+01 9.937987808456325567e+00 0.000000000000000000e+00
1.476027873150629333e+01 9.918185056032156055e+00 0.000000000000000000e+00
1.486011958734484217e+01 9.887706149608272099e+00 0.000000000000000000e+00
1.496014783579061636e+01 9.711518165945173919e+00 0.000000000000000000e+00
1.506017080873394143e+01 9.631486701673571460e+00 0.000000000000000000e+00
1.516008530228541495e+01 9.658610209582485950e+00 0.000000000000000000e+00
1.526016901980520579e+01 9.570116368911257609e+00 0.000000000000000000e+00
1.536028844696910411e+01 9.478995592825279815e+00 0.000000000000000000e+00
1.546018238599979000e+01 9.358243608167125416e+00 0.000000000000000000e+00
1.556018596824832123e+01 9.361926161684605674e+00 0.000000000000000000e+00
1.566018715656100824e+01 9.226184875357686721e+00 0.000000000000000000e+00
1.576017128895625774e+01 9.162126874858040892e+00 0.000000000000000000e+00
1.586022654335216053e+01 8.996593744605389631e+00 0.000000000000000000e+00
1.596027194439420605e+01 8.967739089382318340e+00 0.000000000000000000e+00
1.606019988436615265e+01 8.854983451943091666e+00 0.000000000000000000e+00
1.616001619001476186e+01 8.830957166992615015e+00 0.000000000000000000e+00
1.626011267441217711e+01 8.785333504177740949e+00 0.000000000000000000e+00
1.636015423131000901e+01 8.739591149449056573e+00 0.000000000000000000e+00
1.646013567016607482e+01 8.638896690216165908e+00 0.000000000000000000e+00
1.656007240838085437e+01 8.646493330253509413e+00 0.000000000000000000e+00
1.665992901383054914e+01 8.541219634655783821e+00 0.000000000000000000e+00
1.676002219346689159e+01 8.492642643485288190e+00 0.000000000000000000e+00
1.686003790855481910e+01 8.527906255562477611e+00 0.000000000000000000e+00
1.696008931641028283e+01 8.440829115284511630e+00 0.000000000000000000e+00
1.706015857686212200e+01 8.380889967022161713e+00 0.000000000000000000e+00
1.716002510614071497e+01 8.271974529987263125e+00 0.000000000000000000e+00
1.726005228275917602e+01 8.165830312491731746e+00 0.000000000000000000e+00
1.736004143261135368e+01 8.184762579730687548e+00 0.000000000000000000e+00
1.746000211235884692e+01 8.074365326278888588e+00 0.000000000000000000e+00
1.756012122361867966e+01 8.097776271706605300e+00 0.000000000000000000e+00
1.766014398804343344e+01 8.054109352222772245e+00 0.000000000000000000e+00
1.776015571561410411e+01 8.003521038675138755e+00 0.000000000000000000e+00
1.786014681601529830e+01 7.968117737419786017e+00 0.000000000000000000e+00
1.796008276126707415e+01 7.954789619970895842e+00 0.000000000000000000e+00
1.806015261825141849e+01 7.835816149873300773e+00 0.000000000000000000e+00
1.816009831592651835e+01 7.796639994050539535e+00 0.000000000000000000e+00
1.826011438206822390e+01 7.805932830265374989e+00 0.000000000000000000e+00
1.836018372585242631e+01 7.718956656840092023e+00 0.000000000000000000e+00
1.846011248160125007e+01 7.659998168143552277e+00 0.000000000000000000e+00
1.856012405487159711e+01 7.574782987105197485e+00 0.000000000000000000e+00
1.866007499050376595e+01 7.590334572068619501e+00 0.000000000000000000e+00
1.876012430072754356e+01 7.529160882998254145e+00 0.000000000000000000e+00
1.886008617154970324e+01 7.489668600802211529e+00 0.000000000000000000e+00
1.896000428863321119e+01 7.444616988586479245e+00 0.000000000000000000e+00
1.906004619657873178e+01 7.374594405457623125e+00 0.000000000000000000e+00
1.916012450871170714e+01 7.356209925618513168e+00 0.000000000000000000e+00
1.926014135632459556e+01 7.245490083620810928e+00 0.000000000000000000e+00
1.936003992471836455e+01 7.240371762718184279e+00 0.000000000000000000e+00
1.946009659168149142e+01 7.212628640473313979e+00 0.000000000000000000e+00
1.956009751796509732e+01 7.203108220852813659e+00 0.000000000000000000e+00
1.966003308899824376e+01 7.100822122189123675e+00 0.000000000000000000e+00
1.976006350907396580e+01 7.066894266898307464e+00 0.000000000000000000e+00
1.986013807476350834e+01 7.023954147447229346e+00 0.000000000000000000e+00
1.996016270699268702e+01 7.006385834013907576e+00 0.000000000000000000e+00
2.006011812007354322e+01 6.918625570740402075e+00 0.000000000000000000e+00
2.016010605821437096e+01 6.874065380398310943e+00 0.000000000000000000e+00
2.026020834532102199e+01 6.866624354759417237e+00 0.000000000000000000e+00
2.036015264346706388e+01 6.807298952259188241e+00 0.000000000000000000e+00
2.046014229129198014e+01 6.789830419172493414e+00 0.000000000000000000e+00
2.056020556242132713e+01 6.791226144485042582e+00 0.000000000000000000e+00
2.066006737361054846e+01 6.703307168604548671e+00 0.000000000000000000e+00
2.076011273190236039e+01 6.676207533032401997e+00 0.000000000000000000e+00
2.086019097974652325e+01 6.623293000587422874e+00 0.000000000000000000e+00
2.096013179077616329e+01 6.593280200256073975e+00 0.000000000000000000e+00
2.106005425085002614e+01 6.553762679246795564e+00 0.000000000000000000e+00
2.116004591121704337e+01 6.525971045695438733e+00 0.000000000000000000e+00
2.126006410376831823e+01 6.459846916834777630e+00 0.000000000000000000e+00
2.136004018857844144e+01 6.436071698847542599e+00 0.000000000000000000e+00
2.146015210129004203e+01 6.383965758970679971e+00 0.000000000000000000e+00
2.156018961599651362e+01 6.313358831492067225e+00 0.000000000000000000e+00
2.166014215802494647e+01 6.309341538150717632e+00 0.000000000000000000e+00
2.176005975325295339e+01 6.300570616506298016e+00 0.000000000000000000e+00
2.186002365495255262e+01 6.222970625205819672e+00 0.000000000000000000e+00
2.196015797577956619e+01 6.204930093252593259e+00 0.000000000000000000e+00
2.206015327450682051e+01 6.186624651850744172e+00 0.000000000000000000e+00
2.216022562432646836e+01 6.126415510465955450e+00 0.000000000000000000e+00
2.226023762596713595e+01 6.107037695868576144e+00 0.000000000000000000e+00
2.236012187475994395e+01 6.022201797337237927e+00 0.000000000000000000e+00
2.246005770765591691e+01 6.008665620610955216e+00 0.000000000000000000e+00
2.256004550991068669e+01 5.971403519507247459e+00 0.000000000000000000e+00
2.266007914369372855e+01 5.898319407929168534e+00 0.000000000000000000e+00
2.276000806581113878e+01 5.897317223003027742e+00 0.000000000000000000e+00
2.286010844514616380e+01 5.863303958547096961e+00 0.000000000000000000e+00
2.296007356234825281e+01 5.839226330129986486e+00 0.000000000000000000e+00
2.306005103070280882e+01 5.797483779758708877e+00 0.000000000000000000e+00
2.316011535778469366e+01 5.783096970268660542e+00 0.000000000000000000e+00
2.326004152122711943e+01 5.787376178922597703e+00 0.000000000000000000e+00
2.336003177061514791e+01 5.692290295874089523e+00 0.000000000000000000e+00
2.345997616252074280e+01 5.717523404744127014e+00 0.000000000000000000e+00
2.355996558789114559e+01 5.676096103650611013e+00 0.000000000000000000e+00
2.366005677356592685e+01 5.602062471640310015e+00 0.000000000000000000e+00
2.376008499752514425e+01 5.575206441030089444e+00 0.000000000000000000e+00
2.386008650357267769e+01 5.540245791278471721e+00 0.000000000000000000e+00
2.396008208139831552e+01 5.512023629044905171e+00 0.000000000000000000e+00
2.406007349624439229e+01 5.545262151689962948e+00 0.000000000000000000e+00
2.416005355753632244e+01 5.490208567993761335e+00 0.000000000000000000e+00
2.426000100264842274e+01 5.439762451217900363e+00 0.000000000000000000e+00
2.436013464581442989e+01 5.419773446123800298e+00 0.000000000000000000e+00
2.446023033168192740e+01 5.362036829103974611e+00 0.000000000000000000e+00
2.456010370727704029e+01 5.374228283290412023e+00 0.000000000000000000e+00
2.466007991705158631e+01 5.350067656891986267e+00 0.000000000000000000e+00
2.476007853616273735e+01 5.290332255431228425e+00 0.000000000000000000e+00
2.486010699666847046e+01 5.276654179483578844e+00 0.000000000000000000e+00
2.496012068606717094e+01 5.229682779839341933e+00 0.000000000000000000e+00
2.506011884904720333e+01 5.213022306563070529e+00 0.000000000000000000e+00
2.516016461492254663e+01 5.161557630378331929e+00 0.000000000000000000e+00
2.526004864631245894e+01 5.126237858584480556e+00 0.000000000000000000e+00
2.536000880997600149e+01 5.109504497102085097e+00 0.000000000000000000e+00
2.546000763258749444e+01 5.112896333099643975e+00 0.000000000000000000e+00
2.556005256491409483e+01 5.063036601216522214e+00 0.000000000000000000e+00
2.566007495662108084e+01 5.046439568991607949e+00 0.000000000000000000e+00
2.576001284207799458e+01 5.040135877629253969e+00 0.000000000000000000e+00
2.586005665426739952e+01 5.029092797620453581e+00 0.000000000000000000e+00
2.595995283772588991e+01 5.002035869579892768e+00 0.000000000000000000e+00
2.605992768761304035e+01 4.966631374379192998e+00 0.000000000000000000e+00
2.616008588888359654e+01 4.943689989126629492e+00 0.000000000000000000e+00
2.626013639090650997e+01 4.910170653703759491e+00 0.000000000000000000e+00
2.636010086664784069e+01 4.904043721560302771e+00 0.000000000000000000e+00
2.646009292255724077e+01 4.854261188244414882e+00 0.000000000000000000e+00
2.656009163346045199e+01 4.794613729437079641e+00 0.000000000000000000e+00
2.666007616590135143e+01 4.779654821477774540e+00 0.000000000000000000e+00
2.676007911660554939e+01 4.766986551182716525e+00 0.000000000000000000e+00
2.686008193545500689e+01 4.760581257621767648e+00 0.000000000000000000e+00
2.696008527403073884e+01 4.744852445736420066e+00 0.000000000000000000e+00
2.706014568371496409e+01 4.726350430325241270e+00 0.000000000000000000e+00
2.716014672685720654e+01 4.699141297200273293e+00 0.000000000000000000e+00
2.726011201775047255e+01 4.679289874819719586e+00 0.000000000000000000e+00
2.736011629044526217e+01 4.635321163832484714e+00 0.000000000000000000e+00
2.746009456312569696e+01 4.638664807578628313e+00 0.000000000000000000e+00
2.756010111326260414e+01 4.625351805275520256e+00 0.000000000000000000e+00
2.766000659215977819e+01 4.594503985406833912e+00 0.000000000000000000e+00
2.775996930878592650e+01 4.578816709431992926e+00 0.000000000000000000e+00
2.786001736508387339e+01 4.513344644280219420e+00 0.000000000000000000e+00
2.796003666424917711e+01 4.504119050729414653e+00 0.000000000000000000e+00
2.806007318658330973e+01 4.484867397826588054e+00 0.000000000000000000e+00
2.816002575392253959e+01 4.440834727251087521e+00 0.000000000000000000e+00
2.826008618070721923e+01 4.429713030995337419e+00 0.000000000000000000e+00
2.836011268337557567e+01 4.421409987600488201e+00 0.000000000000000000e+00
2.846006766072591532e+01 4.404924843266107892e+00 0.000000000000000000e+00
2.856002342132942928e+01 4.383720389252897753e+00 0.000000000000000000e+00
2.865999923614900879e+01 4.373410078215820285e+00 0.000000000000000000e+00
2.876004741964181477e+01 4.376604011340964107e+00 0.000000000000000000e+00
2.886004046337784956e+01 4.344581566119549265e+00 0.000000000000000000e+00
2.896008102924385952e+01 4.320294301206297760e+00 0.000000000000000000e+00
2.906013056701853259e+01 4.292810338959596628e+00 0.000000000000000000e+00
2.916008342699372236e+01 4.293711940404603133e+00 0.000000000000000000e+00
2.926005396200691067e+01 4.291975774321592496e+00 0.000000000000000000e+00
2.936006015490019294e+01 4.238950238294973083e+00 0.000000000000000000e+00
2.946008302370103493e+01 4.224537118092583476e+00 0.000000000000000000e+00
2.956005136911289100e+01 4.211469657230713537e+00 0.000000000000000000e+00
2.966004211127815182e+01 4.190657345266232348e+00 0.000000000000000000e+00
2.976008309869055068e+01 4.177179198667595905e+00 0.000000000000000000e+00
2.986006866468150278e+01 4.144060320592648061e+00 0.000000000000000000e+00
2.996000836426628311e+01 4.130042203714472393e+00 0.000000000000000000e+00
3.005998672307784148e+01 4.121362339701876820e+00 0.000000000000000000e+00
3.015999329076658597e+01 4.106341462144097676e+00 0.000000000000000000e+00
3.025997071981619158e+01 4.086928411287672702e+00 0.000000000000000000e+00
3.035998250913087304e+01 4.060604011362717536e+00 0.000000000000000000e+00
3.046003667608819399e+01 4.050328166148360332e+00 0.000000000000000000e+00
3.056001139595522531e+01 4.020550078543957184e+00 0.000000000000000000e+00
3.066003402547599066e+01 4.011289154722128991e+00 0.000000000000000000e+00
3.076012870266283983e+01 3.990367189872741527e+00 0.000000000000000000e+00
3.086005490868008394e+01 3.986005392760250565e+00 0.000000000000000000e+00
3.096001904061603582e+01 3.972495102155051860e+00 0.000000000000000000e+00
3.106011009671765066e+01 3.946518058704587162e+00 0.000000000000000000e+00
3.116010574269009226e+01 3.921217879982175969e+00 0.000000000000000000e+00
3.126007157798853697e+01 3.918825324081405714e+00 0.000000000000000000e+00
3.136002568220683173e+01 3.907496011477623377e+00 0.000000000000000000e+00
3.146005315939301639e+01 3.906935237123916327e+00 0.000000000000000000e+00
3.156011152172583678e+01 3.891755380286155752e+00 0.000000000000000000e+00
3.166012355668277323e+01 3.861442555022751577e+00 0.000000000000000000e+00
3.176010027308443640e+01 3.856723851817958515e+00 0.000000000000000000e+00
3.186006179385135795e+01 3.862518317606792539e+00 0.000000000000000000e+00
3.196011793235989273e+01 3.836024001272982265e+00 0.000000000000000000e+00
3.206002367541852749e+01 3.815429222724507241e+00 0.000000000000000000e+00
3.215992380861585787e+01 3.813628198030202476e+00 0.000000000000000000e+00
