8.899641323548096450e-02 1.448783353365384755e+03 0.000000000000000000e+00
1.762294649249977474e-01 5.565205078125000000e+02 0.000000000000000000e+00
2.662437218389693272e-01 3.346990943471337800e+02 0.000000000000000000e+00
3.649346201087940722e-01 1.838822354403409065e+02 0.000000000000000000e+00
4.635470928990934603e-01 1.106482375738188892e+02 0.000000000000000000e+00
5.630121343059290018e-01 8.329825914090368144e+01 0.000000000000000000e+00
6.637476258980694599e-01 6.084692018423507420e+01 0.000000000000000000e+00
7.630437067904533022e-01 4.798005142667551581e+01 0.000000000000000000e+00
8.639090016071222511e-01 3.891614472281450077e+01 0.000000000000000000e+00
9.621426022616451634e-01 3.263634933231173108e+01 0.000000000000000000e+00
1.060650350388561591e+00 2.779838620720084563e+01 0.000000000000000000e+00
1.160695738208251893e+00 2.358594665885111041e+01 0.000000000000000000e+00
1.260988189711796936e+00 2.158982166994347196e+01 0.000000000000000000e+00
1.360965173221828639e+00 1.928934416828583664e+01 0.000000000000000000e+00
1.459516200429978205e+00 1.772916323238507985e+01 0.000000000000000000e+00
1.559771173841701275e+00 1.615974824589379466e+01 0.000000000000000000e+00
1.660823609444051829e+00 1.494413260303764801e+01 0.000000000000000000e+00
1.760863065096903490e+00 1.382615022614345790e+01 0.000000000000000000e+00
1.860831138252939221e+00 1.251324728260869712e+01 0.000000000000000000e+00
1.960558372004485239e+00 1.203707260698487858e+01 0.000000000000000000e+00
2.060584726315924708e+00 1.120654423701298619e+01 0.000000000000000000e+00
2.160729659345701492e+00 1.063461497801082700e+01 0.000000000000000000e+00
2.260719120019153650e+00 1.024897313499111817e+01 0.000000000000000000e+00
2.361163348282317553e+00 9.571238922492614876e+00 0.000000000000000000e+00
2.461248779664896524e+00 9.067682443259858616e+00 0.000000000000000000e+00
2.561100761153063843e+00 8.723710138387485102e+00 0.000000000000000000e+00
2.660769167700723692e+00 8.306893775315030481e+00 0.000000000000000000e+00
2.760458960728367384e+00 8.074569866797460804e+00 0.000000000000000000e+00
2.860591290042267865e+00 7.687626860622462033e+00 0.000000000000000000e+00
2.960639175481798446e+00 7.468302669957370021e+00 0.000000000000000000e+00
3.060358024137067812e+00 7.250577717669108857e+00 0.000000000000000000e+00
3.160794728097130246e+00 6.983542863519913269e+00 0.000000000000000000e+00
3.261199944599915135e+00 6.852065957287653220e+00 0.000000000000000000e+00
3.360749919420539911e+00 6.538547438280263968e+00 0.000000000000000000e+00
3.459835126459389176e+00 6.432542112522989797e+00 0.000000000000000000e+00
3.560188740940378516e+00 6.164242207573717991e+00 0.000000000000000000e+00
3.660846965852959656e+00 6.041634942341809200e+00 0.000000000000000000e+00
3.760451276577104540e+00 5.992181151755442414e+00 0.000000000000000000e+00
3.860212202906779577e+00 5.731936888915457828e+00 0.000000000000000000e+00
3.960532647077731117e+00 5.681805619566029364e+00 0.000000000000000000e+00
4.060962209834743319e+00 5.543006623788039100e+00 0.000000000000000000e+00
4.160148069051775366e+00 5.360314464137165835e+00 0.000000000000000000e+00
4.259582262654759255e+00 5.289478118138140061e+00 0.000000000000000000e+00
4.360164345516578166e+00 5.214812268708881149e+00 0.000000000000000000e+00
4.460573579149521350e+00 5.035212945497866244e+00 0.000000000000000000e+00
4.560530149156328150e+00 4.956845337090397763e+00 0.000000000000000000e+00
4.660287485696529508e+00 4.870433748336645330e+00 0.000000000000000000e+00
4.760262084699077079e+00 4.767565757428154249e+00 0.000000000000000000e+00
4.860447565083823029e+00 4.680759211403801245e+00 0.000000000000000000e+00
4.960628913369701465e+00 4.612199554836747595e+00 0.000000000000000000e+00
5.060804152253668420e+00 4.495460278034503432e+00 0.000000000000000000e+00
5.160609437996754423e+00 4.456313533465299237e+00 0.000000000000000000e+00
5.260521321794523253e+00 4.381688927493307517e+00 0.000000000000000000e+00
5.360542927541686709e+00 4.306199527432313268e+00 0.000000000000000000e+00
5.460351121480531589e+00 4.226573387706887175e+00 0.000000000000000000e+00
5.560202561635490426e+00 4.200965226284838039e+00 0.000000000000000000e+00
5.660212261175133541e+00 4.130405808419317815e+00 0.000000000000000000e+00
5.760666909301913385e+00 4.064485809421386264e+00 0.000000000000000000e+00
5.860488403937768709e+00 4.033885620877079248e+00 0.000000000000000000e+00
5.960286234654308402e+00 3.955217315102067754e+00 0.000000000000000000e+00
6.060495439198260392e+00 3.937767445244459985e+00 0.000000000000000000e+00
6.160172772110693806e+00 3.861238989887394446e+00 0.000000000000000000e+00
6.260000307388036589e+00 3.823651979324256267e+00 0.000000000000000000e+00
6.360019877723115833e+00 3.741251388185325322e+00 0.000000000000000000e+00
6.460393176898672429e+00 3.667973341482909877e+00 0.000000000000000000e+00
6.560712870799073393e+00 3.640422018348623556e+00 0.000000000000000000e+00
6.660315614630555103e+00 3.609210735635480560e+00 0.000000000000000000e+00
6.760348783000822870e+00 3.566025008579272182e+00 0.000000000000000000e+00
6.860507314965895276e+00 3.527254401756496627e+00 0.000000000000000000e+00
6.960389334265283168e+00 3.492691918307150978e+00 0.000000000000000000e+00
7.060034423048193730e+00 3.433602291044895338e+00 0.000000000000000000e+00
7.159957956516346478e+00 3.408176509070876214e+00 0.000000000000000000e+00
7.260192657847024833e+00 3.382434154231842793e+00 0.000000000000000000e+00
7.360108533827269817e+00 3.348528935277884866e+00 0.000000000000000000e+00
7.460339090618184343e+00 3.311073880670890368e+00 0.000000000000000000e+00
7.560411676181439056e+00 3.259267642440090818e+00 0.000000000000000000e+00
7.660346114771154014e+00 3.246094931794192728e+00 0.000000000000000000e+00
7.760391007741484160e+00 3.232908721936634588e+00 0.000000000000000000e+00
7.860072651402888688e+00 3.171692913385826706e+00 0.000000000000000000e+00
7.959955397583765802e+00 3.154880594859499787e+00 0.000000000000000000e+00
8.060172532623253616e+00 3.100293158373786717e+00 0.000000000000000000e+00
8.160169871096277561e+00 3.091125442991386141e+00 0.000000000000000000e+00
8.260209309247560583e+00 3.040157730529235103e+00 0.000000000000000000e+00
8.360295260333263201e+00 3.023345307094523982e+00 0.000000000000000000e+00
8.460314428833417111e+00 2.999853027225154012e+00 0.000000000000000000e+00
8.560221857099927334e+00 2.970622910375323666e+00 0.000000000000000000e+00
8.660164637941472066e+00 2.933903299092828654e+00 0.000000000000000000e+00
8.760181857056902999e+00 2.899423203521981574e+00 0.000000000000000000e+00
8.860218717977446090e+00 2.871696926006118922e+00 0.000000000000000000e+00
8.960267699615021897e+00 2.866485771077698086e+00 0.000000000000000000e+00
9.060158543440742562e+00 2.835296695675626033e+00 0.000000000000000000e+00
9.160314747803932178e+00 2.813726173192206748e+00 0.000000000000000000e+00
9.260376927016194415e+00 2.783796948627922152e+00 0.000000000000000000e+00
9.360208025918709041e+00 2.755037730198119927e+00 0.000000000000000000e+00
9.460075101117821461e+00 2.736252789906737259e+00 0.000000000000000000e+00
9.559992906282033687e+00 2.709953218087283400e+00 0.000000000000000000e+00
9.660236476231109037e+00 2.693689937340606910e+00 0.000000000000000000e+00
9.760211827678935137e+00 2.686057708288321244e+00 0.000000000000000000e+00
9.860087741133007455e+00 2.654268085996013937e+00 0.000000000000000000e+00
9.960113214171899543e+00 2.625709435794568503e+00 0.000000000000000000e+00
1.006014253496011435e+01 2.595865489125142034e+00 0.000000000000000000e+00
1.016015305856116946e+01 2.585087531983023990e+00 0.000000000000000000e+00
1.026012791460989426e+01 2.568721995983905604e+00 0.000000000000000000e+00
1.036009715580952850e+01 2.546734161641686089e+00 0.000000000000000000e+00
1.045999384679854316e+01 2.515978867263667151e+00 0.000000000000000000e+00
1.055998031172832619e+01 2.496240920717922140e+00 0.000000000000000000e+00
1.066015733025465018e+01 2.478037484403160740e+00 0.000000000000000000e+00
1.076005445242803127e+01 2.442986423983895872e+00 0.000000000000000000e+00
1.086017199500644104e+01 2.438421437717212648e+00 0.000000000000000000e+00
1.096035721378511774e+01 2.420198310414386711e+00 0.000000000000000000e+00
1.106014543005698059e+01 2.393164830619387562e+00 0.000000000000000000e+00
1.116013746602539669e+01 2.379093835481991714e+00 0.000000000000000000e+00
1.126001995331923311e+01 2.360712913323836037e+00 0.000000000000000000e+00
1.135997563511528519e+01 2.351003856260815539e+00 0.000000000000000000e+00
1.146027771572255105e+01 2.321668122251117516e+00 0.000000000000000000e+00
1.156025344308602243e+01 2.306405136260576860e+00 0.000000000000000000e+00
1.166020264054967370e+01 2.299549675177912977e+00 0.000000000000000000e+00
1.176010824919332443e+01 2.272158323995770335e+00 0.000000000000000000e+00
1.186009918100251248e+01 2.261264480006264677e+00 0.000000000000000000e+00
1.196022404466052436e+01 2.250239699153385509e+00 0.000000000000000000e+00
1.206014086953631015e+01 2.230112749661418370e+00 0.000000000000000000e+00
1.216012200167176260e+01 2.214903584064647823e+00 0.000000000000000000e+00
1.225991162114084787e+01 2.195417047613276385e+00 0.000000000000000000e+00
1.235998963976033949e+01 2.184193796305823998e+00 0.000000000000000000e+00
1.246019708267939308e+01 2.170508017173844451e+00 0.000000000000000000e+00
1.256029988740128189e+01 2.145548419625941783e+00 0.000000000000000000e+00
1.266021832804886849e+01 2.132691041739879001e+00 0.000000000000000000e+00
1.276011783806912625e+01 2.126122057092585393e+00 0.000000000000000000e+00
1.286027643411210342e+01 2.111654808518766302e+00 0.000000000000000000e+00
1.296020505403111756e+01 2.084594026798573196e+00 0.000000000000000000e+00
1.306004381250698110e+01 2.074508955801963150e+00 0.000000000000000000e+00
1.316008799938249751e+01 2.061171500604716211e+00 0.000000000000000000e+00
1.326024158855983259e+01 2.041949771310517470e+00 0.000000000000000000e+00
1.336025563904201441e+01 2.027585903386092347e+00 0.000000000000000000e+00
1.346008251893918484e+01 2.008779051483531308e+00 0.000000000000000000e+00
1.356002845306179871e+01 1.995296962821747400e+00 0.000000000000000000e+00
1.366017449007571649e+01 1.987095920875890265e+00 0.000000000000000000e+00
1.376018618598503629e+01 1.973109647245508080e+00 0.000000000000000000e+00
1.386016602641027795e+01 1.965923515203299443e+00 0.000000000000000000e+00
1.396016603220776808e+01 1.946448686649715709e+00 0.000000000000000000e+00
1.406021375009726349e+01 1.932786952288995330e+00 0.000000000000000000e+00
1.416017889984025935e+01 1.918999325401208544e+00 0.000000000000000000e+00
1.426021760910094116e+01 1.904635676956768497e+00 0.000000000000000000e+00
1.436020568897167315e+01 1.888540866676906349e+00 0.000000000000000000e+00
1.446009957908403720e+01 1.884283357131674164e+00 0.000000000000000000e+00
1.456020661983343167e+01 1.872862876223073902e+00 0.000000000000000000e+00
1.466035845314601893e+01 1.853843027456647530e+00 0.000000000000000000e+00
1.476027873150629333e+01 1.849556340165252610e+00 0.000000000000000000e+00
1.486011958734484217e+01 1.831078953958430233e+00 0.000000000000000000e+00
1.496014783579061636e+01 1.815778983496395993e+00 0.000000000000000000e+00
1.506017080873394143e+01 1.813541626740908130e+00 0.000000000000000000e+00
1.516008530228541495e+01 1.799557847481984663e+00 0.000000000000000000e+00
1.526016901980520579e+01 1.786430164282538202e+00 0.000000000000000000e+00
1.536028844696910411e+01 1.774010478761168574e+00 0.000000000000000000e+00
1.546018238599979000e+01 1.759731204844580121e+00 0.000000000000000000e+00
1.556018596824832123e+01 1.744734589598915919e+00 0.000000000000000000e+00
1.566018715656100824e+01 1.733477965249671460e+00 0.000000000000000000e+00
1.576017128895625774e+01 1.723929486436217129e+00 0.000000000000000000e+00
1.586022654335216053e+01 1.718230057594827498e+00 0.000000000000000000e+00
1.596027194439420605e+01 1.703785533515467021e+00 0.000000000000000000e+00
1.606019988436615265e+01 1.696859706862992034e+00 0.000000000000000000e+00
1.616001619001476186e+01 1.680156439773787813e+00 0.000000000000000000e+00
1.626011267441217711e+01 1.673878759073625933e+00 0.000000000000000000e+00
1.636015423131000901e+01 1.658322501550914430e+00 0.000000000000000000e+00
1.646013567016607482e+01 1.648564656834569098e+00 0.000000000000000000e+00
1.656007240838085437e+01 1.642384290004042402e+00 0.000000000000000000e+00
1.665992901383054914e+01 1.635307219978863857e+00 0.000000000000000000e+00
1.676002219346689159e+01 1.617849235923654261e+00 0.000000000000000000e+00
1.686003790855481910e+01 1.607301586418654393e+00 0.000000000000000000e+00
1.696008931641028283e+01 1.595709090859304569e+00 0.000000000000000000e+00
1.706015857686212200e+01 1.587842036422312031e+00 0.000000000000000000e+00
1.716002510614071497e+01 1.575343306940766297e+00 0.000000000000000000e+00
1.726005228275917602e+01 1.578661723070409861e+00 0.000000000000000000e+00
1.736004143261135368e+01 1.561921870488489850e+00 0.000000000000000000e+00
1.746000211235884692e+01 1.550861862658223789e+00 0.000000000000000000e+00
1.756012122361867966e+01 1.542890207411575121e+00 0.000000000000000000e+00
1.766014398804343344e+01 1.533940958259929044e+00 0.000000000000000000e+00
1.776015571561410411e+01 1.524699023115024810e+00 0.000000000000000000e+00
1.786014681601529830e+01 1.515069621664478117e+00 0.000000000000000000e+00
1.796008276126707415e+01 1.507791875594350017e+00 0.000000000000000000e+00
1.806015261825141849e+01 1.495205536588196660e+00 0.000000000000000000e+00
1.816009831592651835e+01 1.482588081406855496e+00 0.000000000000000000e+00
1.826011438206822390e+01 1.478188506323011131e+00 0.000000000000000000e+00
1.836018372585242631e+01 1.472326144624051425e+00 0.000000000000000000e+00
1.846011248160125007e+01 1.464224162418421571e+00 0.000000000000000000e+00
1.856012405487159711e+01 1.451138888252674120e+00 0.000000000000000000e+00
1.866007499050376595e+01 1.442506389535127775e+00 0.000000000000000000e+00
1.876012430072754356e+01 1.435063862893475983e+00 0.000000000000000000e+00
1.886008617154970324e+01 1.426884947678202842e+00 0.000000000000000000e+00
1.896000428863321119e+01 1.420837906057945466e+00 0.000000000000000000e+00
1.906004619657873178e+01 1.411791065292842928e+00 0.000000000000000000e+00
1.916012450871170714e+01 1.401748324564784154e+00 0.000000000000000000e+00
1.926014135632459556e+01 1.391954428576910985e+00 0.000000000000000000e+00
1.936003992471836455e+01 1.384216911443284959e+00 0.000000000000000000e+00
1.946009659168149142e+01 1.371476188492146253e+00 0.000000000000000000e+00
1.956009751796509732e+01 1.365241118926465047e+00 0.000000000000000000e+00
1.966003308899824376e+01 1.358136659291922399e+00 0.000000000000000000e+00
1.976006350907396580e+01 1.352651281766393376e+00 0.000000000000000000e+00
1.986013807476350834e+01 1.344376569941749144e+00 0.000000000000000000e+00
1.996016270699268702e+01 1.337213762399004136e+00 0.000000000000000000e+00
2.006011812007354322e+01 1.330061799947391821e+00 0.000000000000000000e+00
2.016010605821437096e+01 1.321859852947032010e+00 0.000000000000000000e+00
2.026020834532102199e+01 1.312117608538683644e+00 0.000000000000000000e+00
2.036015264346706388e+01 1.307634338170210908e+00 0.000000000000000000e+00
2.046014229129198014e+01 1.294537783105143003e+00 0.000000000000000000e+00
2.056020556242132713e+01 1.290745808572465014e+00 0.000000000000000000e+00
2.066006737361054846e+01 1.279266135405018989e+00 0.000000000000000000e+00
2.076011273190236039e+01 1.273202635282077555e+00 0.000000000000000000e+00
2.086019097974652325e+01 1.267635854046726962e+00 0.000000000000000000e+00
2.096013179077616329e+01 1.260366389851965918e+00 0.000000000000000000e+00
2.106005425085002614e+01 1.251975222847367952e+00 0.000000000000000000e+00
2.116004591121704337e+01 1.246646751846422596e+00 0.000000000000000000e+00
2.126006410376831823e+01 1.235612944504074884e+00 0.000000000000000000e+00
2.136004018857844144e+01 1.233707755843369558e+00 0.000000000000000000e+00
2.146015210129004203e+01 1.224903086177764999e+00 0.000000000000000000e+00
2.156018961599651362e+01 1.218825654286095350e+00 0.000000000000000000e+00
2.166014215802494647e+01 1.213784598289447070e+00 0.000000000000000000e+00
2.176005975325295339e+01 1.206002140020640434e+00 0.000000000000000000e+00
2.186002365495255262e+01 1.199410581066459036e+00 0.000000000000000000e+00
2.196015797577956619e+01 1.188407451215684363e+00 0.000000000000000000e+00
2.206015327450682051e+01 1.182360153449652396e+00 0.000000000000000000e+00
2.216022562432646836e+01 1.177665309968722429e+00 0.000000000000000000e+00
2.226023762596713595e+01 1.168787195668176793e+00 0.000000000000000000e+00
2.236012187475994395e+01 1.164976875924351063e+00 0.000000000000000000e+00
2.246005770765591691e+01 1.152719464003561400e+00 0.000000000000000000e+00
2.256004550991068669e+01 1.151312844055883966e+00 0.000000000000000000e+00
2.266007914369372855e+01 1.141611778305923863e+00 0.000000000000000000e+00
2.276000806581113878e+01 1.138536690304229548e+00 0.000000000000000000e+00
2.286010844514616380e+01 1.128260371330067846e+00 0.000000000000000000e+00
2.296007356234825281e+01 1.124012503717544798e+00 0.000000000000000000e+00
2.306005103070280882e+01 1.117541669783214342e+00 0.000000000000000000e+00
2.316011535778469366e+01 1.112318361297967684e+00 0.000000000000000000e+00
2.326004152122711943e+01 1.104388146013098204e+00 0.000000000000000000e+00
2.336003177061514791e+01 1.099830366680079052e+00 0.000000000000000000e+00
2.345997616252074280e+01 1.095612507897306243e+00 0.000000000000000000e+00
2.355996558789114559e+01 1.089323999832289669e+00 0.000000000000000000e+00
2.366005677356592685e+01 1.081946380105800909e+00 0.000000000000000000e+00
2.376008499752514425e+01 1.073965521462522332e+00 0.000000000000000000e+00
2.386008650357267769e+01 1.071368699397238666e+00 0.000000000000000000e+00
2.396008208139831552e+01 1.062119532619252515e+00 0.000000000000000000e+00
2.406007349624439229e+01 1.058533029156146998e+00 0.000000000000000000e+00
2.416005355753632244e+01 1.050392706483125993e+00 0.000000000000000000e+00
2.426000100264842274e+01 1.045159795968889638e+00 0.000000000000000000e+00
2.436013464581442989e+01 1.038477905822790204e+00 0.000000000000000000e+00
2.446023033168192740e+01 1.035066247473613199e+00 0.000000000000000000e+00
2.456010370727704029e+01 1.028516075369496408e+00 0.000000000000000000e+00
2.466007991705158631e+01 1.023437793931248008e+00 0.000000000000000000e+00
2.476007853616273735e+01 1.016064800407708635e+00 0.000000000000000000e+00
2.486010699666847046e+01 1.012015616424368547e+00 0.000000000000000000e+00
2.496012068606717094e+01 1.004352059464354019e+00 0.000000000000000000e+00
2.506011884904720333e+01 1.000799175603802382e+00 0.000000000000000000e+00
2.516016461492254663e+01 9.942713543082782879e-01 0.000000000000000000e+00
2.526004864631245894e+01 9.899365375612690920e-01 0.000000000000000000e+00
2.536000880997600149e+01 9.860306390373478891e-01 0.000000000000000000e+00
2.546000763258749444e+01 9.769545371414637414e-01 0.000000000000000000e+00
2.556005256491409483e+01 9.747339422981232682e-01 0.000000000000000000e+00
2.566007495662108084e+01 9.704420334065132492e-01 0.000000000000000000e+00
2.576001284207799458e+01 9.624464693404094495e-01 0.000000000000000000e+00
2.586005665426739952e+01 9.563155083685466185e-01 0.000000000000000000e+00
2.595995283772588991e+01 9.521990385388702238e-01 0.000000000000000000e+00
2.605992768761304035e+01 9.439354731604476800e-01 0.000000000000000000e+00
2.616008588888359654e+01 9.389486549962220430e-01 0.000000000000000000e+00
2.626013639090650997e+01 9.355076390603419556e-01 0.000000000000000000e+00
2.636010086664784069e+01 9.328622836764659532e-01 0.000000000000000000e+00
2.646009292255724077e+01 9.249749101416591124e-01 0.000000000000000000e+00
2.656009163346045199e+01 9.199926894856219617e-01 0.000000000000000000e+00
2.666007616590135143e+01 9.157724630467437565e-01 0.000000000000000000e+00
2.676007911660554939e+01 9.097570610010752290e-01 0.000000000000000000e+00
2.686008193545500689e+01 9.068473577507220051e-01 0.000000000000000000e+00
2.696008527403073884e+01 9.015495464483871402e-01 0.000000000000000000e+00
2.706014568371496409e+01 8.968786603507040711e-01 0.000000000000000000e+00
2.716014672685720654e+01 8.934267548359597910e-01 0.000000000000000000e+00
2.726011201775047255e+01 8.872109206713466589e-01 0.000000000000000000e+00
2.736011629044526217e+01 8.824321426536713142e-01 0.000000000000000000e+00
2.746009456312569696e+01 8.791878567273522238e-01 0.000000000000000000e+00
2.756010111326260414e+01 8.738043427425222776e-01 0.000000000000000000e+00
2.766000659215977819e+01 8.697401988360212721e-01 0.000000000000000000e+00
2.775996930878592650e+01 8.646858603249483188e-01 0.000000000000000000e+00
2.786001736508387339e+01 8.599901376956812227e-01 0.000000000000000000e+00
2.796003666424917711e+01 8.555150213076957444e-01 0.000000000000000000e+00
2.806007318658330973e+01 8.494960314673034585e-01 0.000000000000000000e+00
2.816002575392253959e+01 8.434931222047985511e-01 0.000000000000000000e+00
2.826008618070721923e+01 8.421400817682961337e-01 0.000000000000000000e+00
2.836011268337557567e+01 8.328875928243966165e-01 0.000000000000000000e+00
2.846006766072591532e+01 8.305001839628273208e-01 0.000000000000000000e+00
2.856002342132942928e+01 8.294052044159268000e-01 0.000000000000000000e+00
2.865999923614900879e+01 8.248084939240966085e-01 0.000000000000000000e+00
2.876004741964181477e+01 8.198927477017365906e-01 0.000000000000000000e+00
2.886004046337784956e+01 8.164445325549692933e-01 0.000000000000000000e+00
2.896008102924385952e+01 8.108759900614083138e-01 0.000000000000000000e+00
2.906013056701853259e+01 8.050282232577969932e-01 0.000000000000000000e+00
2.916008342699372236e+01 8.028758616620385036e-01 0.000000000000000000e+00
2.926005396200691067e+01 7.991607980787676091e-01 0.000000000000000000e+00
2.936006015490019294e+01 7.951873825467706824e-01 0.000000000000000000e+00
2.946008302370103493e+01 7.882614558014001682e-01 0.000000000000000000e+00
2.956005136911289100e+01 7.854574590756986385e-01 0.000000000000000000e+00
2.966004211127815182e+01 7.830738089184655637e-01 0.000000000000000000e+00
2.976008309869055068e+01 7.792928871897016885e-01 0.000000000000000000e+00
2.986006866468150278e+01 7.735535975887352089e-01 0.000000000000000000e+00
2.996000836426628311e+01 7.723493804589802725e-01 0.000000000000000000e+00
3.005998672307784148e+01 7.683673021526807867e-01 0.000000000000000000e+00
3.015999329076658597e+01 7.640680937846873189e-01 0.000000000000000000e+00
3.025997071981619158e+01 7.615104891364825601e-01 0.000000000000000000e+00
3.035998250913087304e+01 7.577033683685204801e-01 0.000000000000000000e+00
3.046003667608819399e+01 7.531712414003116640e-01 0.000000000000000000e+00
3.056001139595522531e+01 7.499845535859379630e-01 0.000000000000000000e+00
3.066003402547599066e+01 7.479927643083935651e-01 0.000000000000000000e+00
3.076012870266283983e+01 7.413515908946790578e-01 0.000000000000000000e+00
3.086005490868008394e+01 7.391632088376505205e-01 0.000000000000000000e+00
3.096001904061603582e+01 7.339699502807000009e-01 0.000000000000000000e+00
3.106011009671765066e+01 7.314459105555913832e-01 0.000000000000000000e+00
3.116010574269009226e+01 7.302932792378890037e-01 0.000000000000000000e+00
3.126007157798853697e+01 7.249581263553890320e-01 0.000000000000000000e+00
3.136002568220683173e+01 7.209091480692980669e-01 0.000000000000000000e+00
3.146005315939301639e+01 7.184206778270015858e-01 0.000000000000000000e+00
3.156011152172583678e+01 7.152047084935199139e-01 0.000000000000000000e+00
3.166012355668277323e+01 7.127216649414740424e-01 0.000000000000000000e+00
3.176010027308443640e+01 7.098046182703111606e-01 0.000000000000000000e+00
3.186006179385135795e+01 7.069124106378784633e-01 0.000000000000000000e+00
3.196011793235989273e+01 7.033190998286726892e-01 0.000000000000000000e+00
3.206002367541852749e+01 6.999944648096665389e-01 0.000000000000000000e+00
3.215992380861585787e+01 6.986993082023509327e-01 0.000000000000000000e+00
