8.899641323548096450e-02 2.095174278846153811e+03 0.000000000000000000e+00
1.762294649249977474e-01 8.379845920138888005e+02 0.000000000000000000e+00
2.662437218389693272e-01 4.988091162420382148e+02 0.000000000000000000e+00
3.649346201087940722e-01 3.040743519176136260e+02 0.000000000000000000e+00
4.635470928990934603e-01 1.920474593996063106e+02 0.000000000000000000e+00
5.630121343059290018e-01 1.406907699167657313e+02 0.000000000000000000e+00
6.637476258980694599e-01 1.109809060167910388e+02 0.000000000000000000e+00
7.630437067904533022e-01 9.011982622760450568e+01 0.000000000000000000e+00
8.639090016071222511e-01 7.451843183635394041e+01 0.000000000000000000e+00
9.621426022616451634e-01 6.685338222416812926e+01 0.000000000000000000e+00
1.060650350388561591e+00 5.745611983762795916e+01 0.000000000000000000e+00
1.160695738208251893e+00 4.964423358733880320e+01 0.000000000000000000e+00
1.260988189711796936e+00 4.570970293683951269e+01 0.000000000000000000e+00
1.360965173221828639e+00 4.173932021804835557e+01 0.000000000000000000e+00
1.459516200429978205e+00 3.782802197155237423e+01 0.000000000000000000e+00
1.559771173841701275e+00 3.560929277627172240e+01 0.000000000000000000e+00
1.660823609444051829e+00 3.324071680690244790e+01 0.000000000000000000e+00
1.760863065096903490e+00 3.150063901452414328e+01 0.000000000000000000e+00
1.860831138252939221e+00 2.835934639588100836e+01 0.000000000000000000e+00
1.960558372004485239e+00 2.736154330830161641e+01 0.000000000000000000e+00
2.060584726315924708e+00 2.565777481447124231e+01 0.000000000000000000e+00
2.160729659345701492e+00 2.435764388108931300e+01 0.000000000000000000e+00
2.260719120019153650e+00 2.348828094833577751e+01 0.000000000000000000e+00
2.361163348282317553e+00 2.296431020537346868e+01 0.000000000000000000e+00
2.461248779664896524e+00 2.194940193930276351e+01 0.000000000000000000e+00
2.561100761153063843e+00 2.110247254813477724e+01 0.000000000000000000e+00
2.660769167700723692e+00 2.041962477497749617e+01 0.000000000000000000e+00
2.760458960728367384e+00 1.916846023284630007e+01 0.000000000000000000e+00
2.860591290042267865e+00 1.883209845592499221e+01 0.000000000000000000e+00
2.960639175481798446e+00 1.810299528831052029e+01 0.000000000000000000e+00
3.060358024137067812e+00 1.744356869781904962e+01 0.000000000000000000e+00
3.160794728097130246e+00 1.706328968053722761e+01 0.000000000000000000e+00
3.261199944599915135e+00 1.664187268579122403e+01 0.000000000000000000e+00
3.360749919420539911e+00 1.605786663627437250e+01 0.000000000000000000e+00
3.459835126459389176e+00 1.581697145126233117e+01 0.000000000000000000e+00
3.560188740940378516e+00 1.519273446103022174e+01 0.000000000000000000e+00
3.660846965852959656e+00 1.481391188645771706e+01 0.000000000000000000e+00
3.760451276577104540e+00 1.447392666507887427e+01 0.000000000000000000e+00
3.860212202906779577e+00 1.410405374887082175e+01 0.000000000000000000e+00
3.960532647077731117e+00 1.366612845967962997e+01 0.000000000000000000e+00
4.060962209834743319e+00 1.330565571901699151e+01 0.000000000000000000e+00
4.160148069051775366e+00 1.293224593308069004e+01 0.000000000000000000e+00
4.259582262654759255e+00 1.259298840141748421e+01 0.000000000000000000e+00
4.360164345516578166e+00 1.252458110608552566e+01 0.000000000000000000e+00
4.460573579149521350e+00 1.237583515338032392e+01 0.000000000000000000e+00
4.560530149156328150e+00 1.193691315669429009e+01 0.000000000000000000e+00
4.660287485696529508e+00 1.167450190488342976e+01 0.000000000000000000e+00
4.760262084699077079e+00 1.145958223157748179e+01 0.000000000000000000e+00
4.860447565083823029e+00 1.121445273424474820e+01 0.000000000000000000e+00
4.960628913369701465e+00 1.110731757113804896e+01 0.000000000000000000e+00
5.060804152253668420e+00 1.087010743992606265e+01 0.000000000000000000e+00
5.160609437996754423e+00 1.068808045215734737e+01 0.000000000000000000e+00
5.260521321794523253e+00 1.040336297488181394e+01 0.000000000000000000e+00
5.360542927541686709e+00 1.025283918941228123e+01 0.000000000000000000e+00
5.460351121480531589e+00 1.008867612120568680e+01 0.000000000000000000e+00
5.560202561635490426e+00 9.858879602403478160e+00 0.000000000000000000e+00
5.660212261175133541e+00 9.681433934303248279e+00 0.000000000000000000e+00
5.760666909301913385e+00 9.507767443509502314e+00 0.000000000000000000e+00
5.860488403937768709e+00 9.297362782216854526e+00 0.000000000000000000e+00
5.960286234654308402e+00 9.219836437506209847e+00 0.000000000000000000e+00
6.060495439198260392e+00 8.977214608303873078e+00 0.000000000000000000e+00
6.160172772110693806e+00 8.821086974671523251e+00 0.000000000000000000e+00
6.260000307388036589e+00 8.740298159354512819e+00 0.000000000000000000e+00
6.360019877723115833e+00 8.566512951525544040e+00 0.000000000000000000e+00
6.460393176898672429e+00 8.434804175090507172e+00 0.000000000000000000e+00
6.560712870799073393e+00 8.299887614678898018e+00 0.000000000000000000e+00
6.660315614630555103e+00 8.109736437617071303e+00 0.000000000000000000e+00
6.760348783000822870e+00 8.017801990391214773e+00 0.000000000000000000e+00
6.860507314965895276e+00 7.926682257535353493e+00 0.000000000000000000e+00
6.960389334265283168e+00 7.787926349325338116e+00 0.000000000000000000e+00
7.060034423048193730e+00 7.609887462693713189e+00 0.000000000000000000e+00
7.159957956516346478e+00 7.619872525689976861e+00 0.000000000000000000e+00
7.260192657847024833e+00 7.475813079833067754e+00 0.000000000000000000e+00
7.360108533827269817e+00 7.411209143664310162e+00 0.000000000000000000e+00
7.460339090618184343e+00 7.269430047233849557e+00 0.000000000000000000e+00
7.560411676181439056e+00 7.178275810780895050e+00 0.000000000000000000e+00
7.660346114771154014e+00 7.067778050436665183e+00 0.000000000000000000e+00
7.760391007741484160e+00 6.961998891890473828e+00 0.000000000000000000e+00
7.860072651402888688e+00 6.891440623493491735e+00 0.000000000000000000e+00
7.959955397583765802e+00 6.764376133568536176e+00 0.000000000000000000e+00
8.060172532623253616e+00 6.715387591019418068e+00 0.000000000000000000e+00
8.160169871096277561e+00 6.641318704476512735e+00 0.000000000000000000e+00
8.260209309247560583e+00 6.508948174254680197e+00 0.000000000000000000e+00
8.360295260333263201e+00 6.473371549666183000e+00 0.000000000000000000e+00
8.460314428833417111e+00 6.382656384552539919e+00 0.000000000000000000e+00
8.560221857099927334e+00 6.266869337791199257e+00 0.000000000000000000e+00
8.660164637941472066e+00 6.189246357887864924e+00 0.000000000000000000e+00
8.760181857056902999e+00 6.148587452940813769e+00 0.000000000000000000e+00
8.860218717977446090e+00 6.072417071492085761e+00 0.000000000000000000e+00
8.960267699615021897e+00 6.033614106903880447e+00 0.000000000000000000e+00
9.060158543440742562e+00 5.992690368286962332e+00 0.000000000000000000e+00
9.160314747803932178e+00 5.879134273136005895e+00 0.000000000000000000e+00
9.260376927016194415e+00 5.836953709692322079e+00 0.000000000000000000e+00
9.360208025918709041e+00 5.717131604192093874e+00 0.000000000000000000e+00
9.460075101117821461e+00 5.675938493627498360e+00 0.000000000000000000e+00
9.559992906282033687e+00 5.600500342464278525e+00 0.000000000000000000e+00
9.660236476231109037e+00 5.545382142072995180e+00 0.000000000000000000e+00
9.760211827678935137e+00 5.490909978560388538e+00 0.000000000000000000e+00
9.860087741133007455e+00 5.429357952723302461e+00 0.000000000000000000e+00
9.960113214171899543e+00 5.337660095679307659e+00 0.000000000000000000e+00
1.006014253496011435e+01 5.312449112363796466e+00 0.000000000000000000e+00
1.016015305856116946e+01 5.267945445004519556e+00 0.000000000000000000e+00
1.026012791460989426e+01 5.188615477697938516e+00 0.000000000000000000e+00
1.036009715580952850e+01 5.151814886712317687e+00 0.000000000000000000e+00
1.045999384679854316e+01 5.078170361811222833e+00 0.000000000000000000e+00
1.055998031172832619e+01 4.994444080821089038e+00 0.000000000000000000e+00
1.066015733025465018e+01 4.946691737141272860e+00 0.000000000000000000e+00
1.076005445242803127e+01 4.889467418246056241e+00 0.000000000000000000e+00
1.086017199500644104e+01 4.879044515024028250e+00 0.000000000000000000e+00
1.096035721378511774e+01 4.814649063245744820e+00 0.000000000000000000e+00
1.106014543005698059e+01 4.774424706981073463e+00 0.000000000000000000e+00
1.116013746602539669e+01 4.711018628742212222e+00 0.000000000000000000e+00
1.126001995331923311e+01 4.640456686911099027e+00 0.000000000000000000e+00
1.135997563511528519e+01 4.620816025686023565e+00 0.000000000000000000e+00
1.146027771572255105e+01 4.592723475905708064e+00 0.000000000000000000e+00
1.156025344308602243e+01 4.550701678991123877e+00 0.000000000000000000e+00
1.166020264054967370e+01 4.489026026333480246e+00 0.000000000000000000e+00
1.176010824919332443e+01 4.464003693949545770e+00 0.000000000000000000e+00
1.186009918100251248e+01 4.417924024365005309e+00 0.000000000000000000e+00
1.196022404466052436e+01 4.394611120935476123e+00 0.000000000000000000e+00
1.206014086953631015e+01 4.338162812220958564e+00 0.000000000000000000e+00
1.216012200167176260e+01 4.328357989588789145e+00 0.000000000000000000e+00
1.225991162114084787e+01 4.272013664016947487e+00 0.000000000000000000e+00
1.235998963976033949e+01 4.213042164025520009e+00 0.000000000000000000e+00
1.246019708267939308e+01 4.179948290246111142e+00 0.000000000000000000e+00
1.256029988740128189e+01 4.142987472325045495e+00 0.000000000000000000e+00
1.266021832804886849e+01 4.094920732341105207e+00 0.000000000000000000e+00
1.276011783806912625e+01 4.048585918032430619e+00 0.000000000000000000e+00
1.286027643411210342e+01 4.021631470251169738e+00 0.000000000000000000e+00
1.296020505403111756e+01 3.976531834483278072e+00 0.000000000000000000e+00
1.306004381250698110e+01 3.942331732274515943e+00 0.000000000000000000e+00
1.316008799938249751e+01 3.924076898944248271e+00 0.000000000000000000e+00
1.326024158855983259e+01 3.880599191118907498e+00 0.000000000000000000e+00
1.336025563904201441e+01 3.859060985979114733e+00 0.000000000000000000e+00
1.346008251893918484e+01 3.822636898496158508e+00 0.000000000000000000e+00
1.356002845306179871e+01 3.786104689688004843e+00 0.000000000000000000e+00
1.366017449007571649e+01 3.746386889525306074e+00 0.000000000000000000e+00
1.376018618598503629e+01 3.730535604296944197e+00 0.000000000000000000e+00
1.386016602641027795e+01 3.681353056680660707e+00 0.000000000000000000e+00
1.396016603220776808e+01 3.638978848627895779e+00 0.000000000000000000e+00
1.406021375009726349e+01 3.625120195185011163e+00 0.000000000000000000e+00
1.416017889984025935e+01 3.605273163197676656e+00 0.000000000000000000e+00
1.426021760910094116e+01 3.562805571099678215e+00 0.000000000000000000e+00
1.436020568897167315e+01 3.535654663620305449e+00 0.000000000000000000e+00
1.446009957908403720e+01 3.508391037236701315e+00 0.000000000000000000e+00
1.456020661983343167e+01 3.483262956211168770e+00 0.000000000000000000e+00
1.466035845314601893e+01 3.449364886226930160e+00 0.000000000000000000e+00
1.476027873150629333e+01 3.432327792204016514e+00 0.000000000000000000e+00
1.486011958734484217e+01 3.390306496619325483e+00 0.000000000000000000e+00
1.496014783579061636e+01 3.371536348628282109e+00 0.000000000000000000e+00
1.506017080873394143e+01 3.340778325801157411e+00 0.000000000000000000e+00
1.516008530228541495e+01 3.319259602425876032e+00 0.000000000000000000e+00
1.526016901980520579e+01 3.292385554227439393e+00 0.000000000000000000e+00
1.536028844696910411e+01 3.267082406799640903e+00 0.000000000000000000e+00
1.546018238599979000e+01 3.249510721544127012e+00 0.000000000000000000e+00
1.556018596824832123e+01 3.219954930155586315e+00 0.000000000000000000e+00
1.566018715656100824e+01 3.185738355868629412e+00 0.000000000000000000e+00
1.576017128895625774e+01 3.158769086106474333e+00 0.000000000000000000e+00
1.586022654335216053e+01 3.137470378682067018e+00 0.000000000000000000e+00
1.596027194439420605e+01 3.111296620204474728e+00 0.000000000000000000e+00
1.606019988436615265e+01 3.074850599291411690e+00 0.000000000000000000e+00
1.616001619001476186e+01 3.047643004829471369e+00 0.000000000000000000e+00
1.626011267441217711e+01 3.036447779717987405e+00 0.000000000000000000e+00
1.636015423131000901e+01 3.023120439573424800e+00 0.000000000000000000e+00
1.646013567016607482e+01 2.994657707670928204e+00 0.000000000000000000e+00
1.656007240838085437e+01 2.970117695039556693e+00 0.000000000000000000e+00
1.665992901383054914e+01 2.951577596886765242e+00 0.000000000000000000e+00
1.676002219346689159e+01 2.932319755989427179e+00 0.000000000000000000e+00
1.686003790855481910e+01 2.910549447645959464e+00 0.000000000000000000e+00
1.696008931641028283e+01 2.885225488196081045e+00 0.000000000000000000e+00
1.706015857686212200e+01 2.878828852077821132e+00 0.000000000000000000e+00
1.716002510614071497e+01 2.841661376073274514e+00 0.000000000000000000e+00
1.726005228275917602e+01 2.819577038075834263e+00 0.000000000000000000e+00
1.736004143261135368e+01 2.803697797726855345e+00 0.000000000000000000e+00
1.746000211235884692e+01 2.780125091360675871e+00 0.000000000000000000e+00
1.756012122361867966e+01 2.766656862995831023e+00 0.000000000000000000e+00
1.766014398804343344e+01 2.743931244197842734e+00 0.000000000000000000e+00
1.776015571561410411e+01 2.727270225646670099e+00 0.000000000000000000e+00
1.786014681601529830e+01 2.706685599960357624e+00 0.000000000000000000e+00
1.796008276126707415e+01 2.691309424295867281e+00 0.000000000000000000e+00
1.806015261825141849e+01 2.672512125945412986e+00 0.000000000000000000e+00
1.816009831592651835e+01 2.659164868434152229e+00 0.000000000000000000e+00
1.826011438206822390e+01 2.643010124380519965e+00 0.000000000000000000e+00
1.836018372585242631e+01 2.622374828347401099e+00 0.000000000000000000e+00
1.846011248160125007e+01 2.603876695191840618e+00 0.000000000000000000e+00
1.856012405487159711e+01 2.587384049838528988e+00 0.000000000000000000e+00
1.866007499050376595e+01 2.562352609235219791e+00 0.000000000000000000e+00
1.876012430072754356e+01 2.554082523619755740e+00 0.000000000000000000e+00
1.886008617154970324e+01 2.537966542978420392e+00 0.000000000000000000e+00
1.896000428863321119e+01 2.516169337137839968e+00 0.000000000000000000e+00
1.906004619657873178e+01 2.499436025271283945e+00 0.000000000000000000e+00
1.916012450871170714e+01 2.487451545758731175e+00 0.000000000000000000e+00
1.926014135632459556e+01 2.466042637658787839e+00 0.000000000000000000e+00
1.936003992471836455e+01 2.459712187779461878e+00 0.000000000000000000e+00
1.946009659168149142e+01 2.439108266322236762e+00 0.000000000000000000e+00
1.956009751796509732e+01 2.426573419352706651e+00 0.000000000000000000e+00
1.966003308899824376e+01 2.404212801397965560e+00 0.000000000000000000e+00
1.976006350907396580e+01 2.393130580582603084e+00 0.000000000000000000e+00
1.986013807476350834e+01 2.382343776103173383e+00 0.000000000000000000e+00
1.996016270699268702e+01 2.365195767489434608e+00 0.000000000000000000e+00
2.006011812007354322e+01 2.346918394428239019e+00 0.000000000000000000e+00
2.016010605821437096e+01 2.337767809365279170e+00 0.000000000000000000e+00
2.026020834532102199e+01 2.321397022675597555e+00 0.000000000000000000e+00
2.036015264346706388e+01 2.315547297290845741e+00 0.000000000000000000e+00
2.046014229129198014e+01 2.295733852939626729e+00 0.000000000000000000e+00
2.056020556242132713e+01 2.282377912869169023e+00 0.000000000000000000e+00
2.066006737361054846e+01 2.268765001950079796e+00 0.000000000000000000e+00
2.076011273190236039e+01 2.253042818764962707e+00 0.000000000000000000e+00
2.086019097974652325e+01 2.238719799241162267e+00 0.000000000000000000e+00
2.096013179077616329e+01 2.222872099379954225e+00 0.000000000000000000e+00
2.106005425085002614e+01 2.216657311754669735e+00 0.000000000000000000e+00
2.116004591121704337e+01 2.196387010557027786e+00 0.000000000000000000e+00
2.126006410376831823e+01 2.180730610689424864e+00 0.000000000000000000e+00
2.136004018857844144e+01 2.176421111807822939e+00 0.000000000000000000e+00
2.146015210129004203e+01 2.159358079133377739e+00 0.000000000000000000e+00
2.156018961599651362e+01 2.146590761350320342e+00 0.000000000000000000e+00
2.166014215802494647e+01 2.137186847599164885e+00 0.000000000000000000e+00
2.176005975325295339e+01 2.119369190716501983e+00 0.000000000000000000e+00
2.186002365495255262e+01 2.113214819534555922e+00 0.000000000000000000e+00
2.196015797577956619e+01 2.101626157483095447e+00 0.000000000000000000e+00
2.206015327450682051e+01 2.087811791060899758e+00 0.000000000000000000e+00
2.216022562432646836e+01 2.079225679685620332e+00 0.000000000000000000e+00
2.226023762596713595e+01 2.062594111926725482e+00 0.000000000000000000e+00
2.236012187475994395e+01 2.049406441261215850e+00 0.000000000000000000e+00
2.246005770765591691e+01 2.040679588746488804e+00 0.000000000000000000e+00
2.256004550991068669e+01 2.029415204723659549e+00 0.000000000000000000e+00
2.266007914369372855e+01 2.010099253138603270e+00 0.000000000000000000e+00
2.276000806581113878e+01 2.001197566225317193e+00 0.000000000000000000e+00
2.286010844514616380e+01 1.996423458313763000e+00 0.000000000000000000e+00
2.296007356234825281e+01 1.981878471585942103e+00 0.000000000000000000e+00
2.306005103070280882e+01 1.965380772987716407e+00 0.000000000000000000e+00
2.316011535778469366e+01 1.960807383017232564e+00 0.000000000000000000e+00
2.326004152122711943e+01 1.947694693252093545e+00 0.000000000000000000e+00
2.336003177061514791e+01 1.936532605203053592e+00 0.000000000000000000e+00
2.345997616252074280e+01 1.929441516857159256e+00 0.000000000000000000e+00
2.355996558789114559e+01 1.913666181301872049e+00 0.000000000000000000e+00
2.366005677356592685e+01 1.900369063489065979e+00 0.000000000000000000e+00
2.376008499752514425e+01 1.895223264094125115e+00 0.000000000000000000e+00
2.386008650357267769e+01 1.884700234753827308e+00 0.000000000000000000e+00
2.396008208139831552e+01 1.875338766436190685e+00 0.000000000000000000e+00
2.406007349624439229e+01 1.867341167759490883e+00 0.000000000000000000e+00
2.416005355753632244e+01 1.852642163605250580e+00 0.000000000000000000e+00
2.426000100264842274e+01 1.845181532809547109e+00 0.000000000000000000e+00
2.436013464581442989e+01 1.834470458839262852e+00 0.000000000000000000e+00
2.446023033168192740e+01 1.824204600996023773e+00 0.000000000000000000e+00
2.456010370727704029e+01 1.814629369510971202e+00 0.000000000000000000e+00
2.466007991705158631e+01 1.806700756745255765e+00 0.000000000000000000e+00
2.476007853616273735e+01 1.795334223746189783e+00 0.000000000000000000e+00
2.486010699666847046e+01 1.783975136252823779e+00 0.000000000000000000e+00
2.496012068606717094e+01 1.779255484422439304e+00 0.000000000000000000e+00
2.506011884904720333e+01 1.762088924735843332e+00 0.000000000000000000e+00
2.516016461492254663e+01 1.758225583762169641e+00 0.000000000000000000e+00
2.526004864631245894e+01 1.748630457630218960e+00 0.000000000000000000e+00
2.536000880997600149e+01 1.740677588317100177e+00 0.000000000000000000e+00
2.546000763258749444e+01 1.732454659066662739e+00 0.000000000000000000e+00
2.556005256491409483e+01 1.725396183968082031e+00 0.000000000000000000e+00
2.566007495662108084e+01 1.717129575140635023e+00 0.000000000000000000e+00
2.576001284207799458e+01 1.707213979315057362e+00 0.000000000000000000e+00
2.586005665426739952e+01 1.699557523429569672e+00 0.000000000000000000e+00
2.595995283772588991e+01 1.692526750140450176e+00 0.000000000000000000e+00
2.605992768761304035e+01 1.682100367086227122e+00 0.000000000000000000e+00
2.616008588888359654e+01 1.674931839857356275e+00 0.000000000000000000e+00
2.626013639090650997e+01 1.664917319652471583e+00 0.000000000000000000e+00
2.636010086664784069e+01 1.654739798075305801e+00 0.000000000000000000e+00
2.646009292255724077e+01 1.645125660723095518e+00 0.000000000000000000e+00
2.656009163346045199e+01 1.640521968487540727e+00 0.000000000000000000e+00
2.666007616590135143e+01 1.633637240349489428e+00 0.000000000000000000e+00
2.676007911660554939e+01 1.624341075188935557e+00 0.000000000000000000e+00
2.686008193545500689e+01 1.616828835623786320e+00 0.000000000000000000e+00
2.696008527403073884e+01 1.604426817939219374e+00 0.000000000000000000e+00
2.706014568371496409e+01 1.603104300666257975e+00 0.000000000000000000e+00
2.716014672685720654e+01 1.591296878982665364e+00 0.000000000000000000e+00
2.726011201775047255e+01 1.583629218825116647e+00 0.000000000000000000e+00
2.736011629044526217e+01 1.575466537389458299e+00 0.000000000000000000e+00
2.746009456312569696e+01 1.566663542588945690e+00 0.000000000000000000e+00
2.756010111326260414e+01 1.563553337213411387e+00 0.000000000000000000e+00
2.766000659215977819e+01 1.555637996004252122e+00 0.000000000000000000e+00
2.775996930878592650e+01 1.547254491638376805e+00 0.000000000000000000e+00
2.786001736508387339e+01 1.537890866325573924e+00 0.000000000000000000e+00
2.796003666424917711e+01 1.529020733707014523e+00 0.000000000000000000e+00
2.806007318658330973e+01 1.522502859751753368e+00 0.000000000000000000e+00
2.816002575392253959e+01 1.513555155072209057e+00 0.000000000000000000e+00
2.826008618070721923e+01 1.508477216047200864e+00 0.000000000000000000e+00
2.836011268337557567e+01 1.501721144606605440e+00 0.000000000000000000e+00
2.846006766072591532e+01 1.492634908103867231e+00 0.000000000000000000e+00
2.856002342132942928e+01 1.487165970418330430e+00 0.000000000000000000e+00
2.865999923614900879e+01 1.483441260826161345e+00 0.000000000000000000e+00
2.876004741964181477e+01 1.476341131041593258e+00 0.000000000000000000e+00
2.886004046337784956e+01 1.470277154736828074e+00 0.000000000000000000e+00
2.896008102924385952e+01 1.460897718384936539e+00 0.000000000000000000e+00
2.906013056701853259e+01 1.453304229608380682e+00 0.000000000000000000e+00
2.916008342699372236e+01 1.447411262225414497e+00 0.000000000000000000e+00
2.926005396200691067e+01 1.440056939751213738e+00 0.000000000000000000e+00
2.936006015490019294e+01 1.433953736706950366e+00 0.000000000000000000e+00
2.946008302370103493e+01 1.426548718846563979e+00 0.000000000000000000e+00
2.956005136911289100e+01 1.423266595821651270e+00 0.000000000000000000e+00
2.966004211127815182e+01 1.415837905922371576e+00 0.000000000000000000e+00
2.976008309869055068e+01 1.410308608733021662e+00 0.000000000000000000e+00
2.986006866468150278e+01 1.404631747139590159e+00 0.000000000000000000e+00
2.996000836426628311e+01 1.396811323819632022e+00 0.000000000000000000e+00
3.005998672307784148e+01 1.391688822934444847e+00 0.000000000000000000e+00
3.015999329076658597e+01 1.387287253045970781e+00 0.000000000000000000e+00
3.025997071981619158e+01 1.381493978418749435e+00 0.000000000000000000e+00
3.035998250913087304e+01 1.375317955344367737e+00 0.000000000000000000e+00
3.046003667608819399e+01 1.368261876246146702e+00 0.000000000000000000e+00
3.056001139595522531e+01 1.362578543957532196e+00 0.000000000000000000e+00
3.066003402547599066e+01 1.356917217197785686e+00 0.000000000000000000e+00
3.076012870266283983e+01 1.353096412372716717e+00 0.000000000000000000e+00
3.086005490868008394e+01 1.345461508602884937e+00 0.000000000000000000e+00
3.096001904061603582e+01 1.341666255083057591e+00 0.000000000000000000e+00
3.106011009671765066e+01 1.336441029272165348e+00 0.000000000000000000e+00
3.116010574269009226e+01 1.331711962106059799e+00 0.000000000000000000e+00
3.126007157798853697e+01 1.325168746949869636e+00 0.000000000000000000e+00
3.136002568220683173e+01 1.320604580041036202e+00 0.000000000000000000e+00
3.146005315939301639e+01 1.313777847718001102e+00 0.000000000000000000e+00
3.156011152172583678e+01 1.309904185327573245e+00 0.000000000000000000e+00
3.166012355668277323e+01 1.305815625008612813e+00 0.000000000000000000e+00
3.176010027308443640e+01 1.301392889098519134e+00 0.000000000000000000e+00
3.186006179385135795e+01 1.296976861008585225e+00 0.000000000000000000e+00
3.196011793235989273e+01 1.290982509628471719e+00 0.000000000000000000e+00
3.206002367541852749e+01 1.286233355923327437e+00 0.000000000000000000e+00
3.215992380861585787e+01 1.283948783041882979e+00 0.000000000000000000e+00
