8.899641323548096450e-02 2.699425180288461888e+03 0.000000000000000000e+00
1.762294649249977474e-01 1.140301432291666515e+03 0.000000000000000000e+00
2.662437218389693272e-01 6.933783837579618421e+02 0.000000000000000000e+00
3.649346201087940722e-01 3.808631036931818130e+02 0.000000000000000000e+00
4.635470928990934603e-01 1.922116449311023700e+02 0.000000000000000000e+00
5.630121343059290018e-01 1.751751263376932002e+02 0.000000000000000000e+00
6.637476258980694599e-01 1.202657124533582049e+02 0.000000000000000000e+00
7.630437067904533022e-01 1.060100053915062972e+02 0.000000000000000000e+00
8.639090016071222511e-01 7.460046308635394041e+01 0.000000000000000000e+00
9.621426022616451634e-01 7.705653458844133752e+01 0.000000000000000000e+00
1.060650350388561591e+00 5.882531216907871396e+01 0.000000000000000000e+00
1.160695738208251893e+00 5.529242379835873322e+01 0.000000000000000000e+00
1.260988189711796936e+00 5.106984209879576753e+01 0.000000000000000000e+00
1.360965173221828639e+00 4.966493280440414537e+01 0.000000000000000000e+00
1.459516200429978205e+00 4.389758383571967215e+01 0.000000000000000000e+00
1.559771173841701275e+00 4.002737800988677463e+01 0.000000000000000000e+00
1.660823609444051829e+00 3.588599900171134749e+01 0.000000000000000000e+00
1.760863065096903490e+00 3.411515798190852422e+01 0.000000000000000000e+00
1.860831138252939221e+00 3.269842677345538107e+01 0.000000000000000000e+00
1.960558372004485239e+00 3.204049223330932961e+01 0.000000000000000000e+00
2.060584726315924708e+00 3.027636827458255908e+01 0.000000000000000000e+00
2.160729659345701492e+00 2.968922847598105719e+01 0.000000000000000000e+00
2.260719120019153650e+00 3.268082236080005742e+01 0.000000000000000000e+00
2.361163348282317553e+00 2.775779381769588028e+01 0.000000000000000000e+00
2.461248779664896524e+00 2.586214762247367105e+01 0.000000000000000000e+00
2.561100761153063843e+00 2.741844351684716941e+01 0.000000000000000000e+00
2.660769167700723692e+00 2.594870365942844259e+01 0.000000000000000000e+00
2.760458960728367384e+00 2.538745708348391972e+01 0.000000000000000000e+00
2.860591290042267865e+00 2.554087932534312699e+01 0.000000000000000000e+00
2.960639175481798446e+00 2.306782869643257783e+01 0.000000000000000000e+00
3.060358024137067812e+00 2.308030009371272939e+01 0.000000000000000000e+00
3.160794728097130246e+00 2.364829982144243559e+01 0.000000000000000000e+00
3.261199944599915135e+00 2.411603770056475682e+01 0.000000000000000000e+00
3.360749919420539911e+00 2.281125946836863605e+01 0.000000000000000000e+00
3.459835126459389176e+00 2.208970071894331966e+01 0.000000000000000000e+00
3.560188740940378516e+00 2.170563708246665868e+01 0.000000000000000000e+00
3.660846965852959656e+00 2.005460341513897049e+01 0.000000000000000000e+00
3.760451276577104540e+00 2.065353120008966314e+01 0.000000000000000000e+00
3.860212202906779577e+00 2.040566714490674372e+01 0.000000000000000000e+00
3.960532647077731117e+00 2.041534528287785477e+01 0.000000000000000000e+00
4.060962209834743319e+00 2.063358122540078909e+01 0.000000000000000000e+00
4.160148069051775366e+00 1.949304175524540028e+01 0.000000000000000000e+00
4.259582262654759255e+00 1.960611833380437830e+01 0.000000000000000000e+00
4.360164345516578166e+00 1.862643015008223557e+01 0.000000000000000000e+00
4.460573579149521350e+00 1.935715898937754531e+01 0.000000000000000000e+00
4.560530149156328150e+00 1.799664881585950127e+01 0.000000000000000000e+00
4.660287485696529508e+00 1.827683926065003206e+01 0.000000000000000000e+00
4.760262084699077079e+00 1.786210293299004803e+01 0.000000000000000000e+00
4.860447565083823029e+00 1.777399758252751027e+01 0.000000000000000000e+00
4.960628913369701465e+00 1.744372207721501056e+01 0.000000000000000000e+00
5.060804152253668420e+00 1.680582447627849518e+01 0.000000000000000000e+00
5.160609437996754423e+00 1.657368765720579162e+01 0.000000000000000000e+00
5.260521321794523253e+00 1.643145718232044317e+01 0.000000000000000000e+00
5.360542927541686709e+00 1.584799760620735043e+01 0.000000000000000000e+00
5.460351121480531589e+00 1.570552340628857380e+01 0.000000000000000000e+00
5.560202561635490426e+00 1.583859626693940292e+01 0.000000000000000000e+00
5.660212261175133541e+00 1.532061294012027552e+01 0.000000000000000000e+00
5.760666909301913385e+00 1.528021443934953183e+01 0.000000000000000000e+00
5.860488403937768709e+00 1.497499680618786577e+01 0.000000000000000000e+00
5.960286234654308402e+00 1.431557680205791705e+01 0.000000000000000000e+00
6.060495439198260392e+00 1.422174511727170909e+01 0.000000000000000000e+00
6.160172772110693806e+00 1.411245969046451343e+01 0.000000000000000000e+00
6.260000307388036589e+00 1.454719616742309540e+01 0.000000000000000000e+00
6.360019877723115833e+00 1.397805205938510831e+01 0.000000000000000000e+00
6.460393176898672429e+00 1.372816305421035388e+01 0.000000000000000000e+00
6.560712870799073393e+00 1.345423394495412772e+01 0.000000000000000000e+00
6.660315614630555103e+00 1.316774066339837113e+01 0.000000000000000000e+00
6.760348783000822870e+00 1.332210771276595729e+01 0.000000000000000000e+00
6.860507314965895276e+00 1.317703978195216763e+01 0.000000000000000000e+00
6.960389334265283168e+00 1.317925310442604925e+01 0.000000000000000000e+00
7.060034423048193730e+00 1.295846832756116740e+01 0.000000000000000000e+00
7.159957956516346478e+00 1.280465671459068311e+01 0.000000000000000000e+00
7.260192657847024833e+00 1.292089406881436275e+01 0.000000000000000000e+00
7.360108533827269817e+00 1.268595594177994990e+01 0.000000000000000000e+00
7.460339090618184343e+00 1.272827985349021240e+01 0.000000000000000000e+00
7.560411676181439056e+00 1.224087525596325143e+01 0.000000000000000000e+00
7.660346114771154014e+00 1.217291970606624929e+01 0.000000000000000000e+00
7.760391007741484160e+00 1.191119879091481337e+01 0.000000000000000000e+00
7.860072651402888688e+00 1.175994536397235990e+01 0.000000000000000000e+00
7.959955397583765802e+00 1.143174054013764263e+01 0.000000000000000000e+00
8.060172532623253616e+00 1.183565306432038966e+01 0.000000000000000000e+00
8.160169871096277561e+00 1.185269831470345459e+01 0.000000000000000000e+00
8.260209309247560583e+00 1.119476759302056834e+01 0.000000000000000000e+00
8.360295260333263201e+00 1.129144068896626862e+01 0.000000000000000000e+00
8.460314428833417111e+00 1.117030280531696462e+01 0.000000000000000000e+00
8.560221857099927334e+00 1.124532395923209727e+01 0.000000000000000000e+00
8.660164637941472066e+00 1.128115473514065670e+01 0.000000000000000000e+00
8.760181857056902999e+00 1.108750437161842406e+01 0.000000000000000000e+00
8.860218717977446090e+00 1.083950074601747282e+01 0.000000000000000000e+00
8.960267699615021897e+00 1.072696779304101256e+01 0.000000000000000000e+00
9.060158543440742562e+00 1.079514248423932088e+01 0.000000000000000000e+00
9.160314747803932178e+00 1.059044351817160035e+01 0.000000000000000000e+00
9.260376927016194415e+00 1.042340963688441313e+01 0.000000000000000000e+00
9.360208025918709041e+00 1.027131739304710401e+01 0.000000000000000000e+00
9.460075101117821461e+00 1.025831436491980142e+01 0.000000000000000000e+00
9.559992906282033687e+00 1.043848566173144832e+01 0.000000000000000000e+00
9.660236476231109037e+00 1.014108074785927727e+01 0.000000000000000000e+00
9.760211827678935137e+00 1.016023097442204559e+01 0.000000000000000000e+00
9.860087741133007455e+00 9.902510585092780815e+00 0.000000000000000000e+00
9.960113214171899543e+00 9.672911293660650500e+00 0.000000000000000000e+00
1.006014253496011435e+01 9.677317846610543839e+00 0.000000000000000000e+00
1.016015305856116946e+01 9.606541773276747520e+00 0.000000000000000000e+00
1.026012791460989426e+01 9.482819208319909876e+00 0.000000000000000000e+00
1.036009715580952850e+01 9.403859258795403520e+00 0.000000000000000000e+00
1.045999384679854316e+01 9.378826641149707655e+00 0.000000000000000000e+00
1.055998031172832619e+01 9.240266195882526290e+00 0.000000000000000000e+00
1.066015733025465018e+01 9.087584916123665479e+00 0.000000000000000000e+00
1.076005445242803127e+01 9.099751451577564154e+00 0.000000000000000000e+00
1.086017199500644104e+01 8.811957696592779499e+00 0.000000000000000000e+00
1.096035721378511774e+01 9.021563146861444338e+00 0.000000000000000000e+00
1.106014543005698059e+01 8.822400800126676046e+00 0.000000000000000000e+00
1.116013746602539669e+01 8.763431753710552385e+00 0.000000000000000000e+00
1.126001995331923311e+01 8.811912661518082501e+00 0.000000000000000000e+00
1.135997563511528519e+01 8.718721100934232027e+00 0.000000000000000000e+00
1.146027771572255105e+01 8.695627554138752657e+00 0.000000000000000000e+00
1.156025344308602243e+01 8.576322224033431141e+00 0.000000000000000000e+00
1.166020264054967370e+01 8.475029845383527771e+00 0.000000000000000000e+00
1.176010824919332443e+01 8.281190804386888260e+00 0.000000000000000000e+00
1.186009918100251248e+01 8.228363192956745564e+00 0.000000000000000000e+00
1.196022404466052436e+01 8.196413769093039647e+00 0.000000000000000000e+00
1.206014086953631015e+01 8.083679152338586249e+00 0.000000000000000000e+00
1.216012200167176260e+01 7.924131909185167189e+00 0.000000000000000000e+00
1.225991162114084787e+01 7.881845511768286627e+00 0.000000000000000000e+00
1.235998963976033949e+01 7.909378858818686631e+00 0.000000000000000000e+00
1.246019708267939308e+01 7.695947664540284450e+00 0.000000000000000000e+00
1.256029988740128189e+01 7.656463646279762614e+00 0.000000000000000000e+00
1.266021832804886849e+01 7.605731870894934410e+00 0.000000000000000000e+00
1.276011783806912625e+01 7.470310502261033214e+00 0.000000000000000000e+00
1.286027643411210342e+01 7.488367873173527478e+00 0.000000000000000000e+00
1.296020505403111756e+01 7.443132453853177566e+00 0.000000000000000000e+00
1.306004381250698110e+01 7.434806910451256634e+00 0.000000000000000000e+00
1.316008799938249751e+01 7.318663668852131821e+00 0.000000000000000000e+00
1.326024158855983259e+01 7.177153034649990104e+00 0.000000000000000000e+00
1.336025563904201441e+01 7.180786272286829863e+00 0.000000000000000000e+00
1.346008251893918484e+01 7.094502221038057499e+00 0.000000000000000000e+00
1.356002845306179871e+01 7.001470017434342274e+00 0.000000000000000000e+00
1.366017449007571649e+01 6.974059313514289649e+00 0.000000000000000000e+00
1.376018618598503629e+01 6.831806888056039639e+00 0.000000000000000000e+00
1.386016602641027795e+01 6.871047696706294339e+00 0.000000000000000000e+00
1.396016603220776808e+01 6.827835124649249465e+00 0.000000000000000000e+00
1.406021375009726349e+01 6.790592058539544063e+00 0.000000000000000000e+00
1.416017889984025935e+01 6.597357229647630383e+00 0.000000000000000000e+00
1.426021760910094116e+01 6.609662872179548287e+00 0.000000000000000000e+00
1.436020568897167315e+01 6.494384071883879450e+00 0.000000000000000000e+00
1.446009957908403720e+01 6.447643021112932082e+00 0.000000000000000000e+00
1.456020661983343167e+01 6.384047025558986732e+00 0.000000000000000000e+00
1.466035845314601893e+01 6.321408005927056095e+00 0.000000000000000000e+00
1.476027873150629333e+01 6.304756055234422618e+00 0.000000000000000000e+00
1.486011958734484217e+01 6.199441026007942668e+00 0.000000000000000000e+00
1.496014783579061636e+01 6.181925056336365465e+00 0.000000000000000000e+00
1.506017080873394143e+01 6.179759992473631058e+00 0.000000000000000000e+00
1.516008530228541495e+01 6.067554767864018928e+00 0.000000000000000000e+00
1.526016901980520579e+01 6.062820276560024979e+00 0.000000000000000000e+00
1.536028844696910411e+01 6.004289962626086385e+00 0.000000000000000000e+00
1.546018238599979000e+01 5.990016817784186820e+00 0.000000000000000000e+00
1.556018596824832123e+01 5.927751426858825390e+00 0.000000000000000000e+00
1.566018715656100824e+01 5.874981068417932661e+00 0.000000000000000000e+00
1.576017128895625774e+01 5.875410789080357077e+00 0.000000000000000000e+00
1.586022654335216053e+01 5.772715431333469205e+00 0.000000000000000000e+00
1.596027194439420605e+01 5.751455780944051632e+00 0.000000000000000000e+00
1.606019988436615265e+01 5.674369393156043273e+00 0.000000000000000000e+00
1.616001619001476186e+01 5.733516196802838749e+00 0.000000000000000000e+00
1.626011267441217711e+01 5.623863189386986150e+00 0.000000000000000000e+00
1.636015423131000901e+01 5.604583690289799414e+00 0.000000000000000000e+00
1.646013567016607482e+01 5.537188320806746944e+00 0.000000000000000000e+00
1.656007240838085437e+01 5.537092163769706588e+00 0.000000000000000000e+00
1.665992901383054914e+01 5.342742044454053207e+00 0.000000000000000000e+00
1.676002219346689159e+01 5.430967960985245924e+00 0.000000000000000000e+00
1.686003790855481910e+01 5.370309788292097153e+00 0.000000000000000000e+00
1.696008931641028283e+01 5.298362662292766423e+00 0.000000000000000000e+00
1.706015857686212200e+01 5.280666809733624234e+00 0.000000000000000000e+00
1.716002510614071497e+01 5.312111678274654025e+00 0.000000000000000000e+00
1.726005228275917602e+01 5.198680311168734747e+00 0.000000000000000000e+00
1.736004143261135368e+01 5.238918090663307048e+00 0.000000000000000000e+00
1.746000211235884692e+01 5.133104904693836623e+00 0.000000000000000000e+00
1.756012122361867966e+01 5.142268100560087873e+00 0.000000000000000000e+00
1.766014398804343344e+01 5.063462144920634955e+00 0.000000000000000000e+00
1.776015571561410411e+01 5.011144118677139936e+00 0.000000000000000000e+00
1.786014681601529830e+01 5.012687061767548080e+00 0.000000000000000000e+00
1.796008276126707415e+01 4.944322327734866462e+00 0.000000000000000000e+00
1.806015261825141849e+01 4.959940857303132056e+00 0.000000000000000000e+00
1.816009831592651835e+01 4.868160069282430058e+00 0.000000000000000000e+00
1.826011438206822390e+01 4.948570734773843682e+00 0.000000000000000000e+00
1.836018372585242631e+01 4.827438755758856281e+00 0.000000000000000000e+00
1.846011248160125007e+01 4.873799003609221359e+00 0.000000000000000000e+00
1.856012405487159711e+01 4.800969686905935063e+00 0.000000000000000000e+00
1.866007499050376595e+01 4.806933284283503305e+00 0.000000000000000000e+00
1.876012430072754356e+01 4.821027179510141814e+00 0.000000000000000000e+00
1.886008617154970324e+01 4.776394274365379111e+00 0.000000000000000000e+00
1.896000428863321119e+01 4.705741878841088521e+00 0.000000000000000000e+00
1.906004619657873178e+01 4.691162439935061101e+00 0.000000000000000000e+00
1.916012450871170714e+01 4.666353568089279591e+00 0.000000000000000000e+00
1.926014135632459556e+01 4.590153553564651823e+00 0.000000000000000000e+00
1.936003992471836455e+01 4.567498517436318295e+00 0.000000000000000000e+00
1.946009659168149142e+01 4.541384213157785510e+00 0.000000000000000000e+00
1.956009751796509732e+01 4.511310694047480752e+00 0.000000000000000000e+00
1.966003308899824376e+01 4.479406580043226782e+00 0.000000000000000000e+00
1.976006350907396580e+01 4.410632903721062092e+00 0.000000000000000000e+00
1.986013807476350834e+01 4.428142559463966954e+00 0.000000000000000000e+00
1.996016270699268702e+01 4.338758434494406124e+00 0.000000000000000000e+00
2.006011812007354322e+01 4.349174855621817493e+00 0.000000000000000000e+00
2.016010605821437096e+01 4.289109320508848633e+00 0.000000000000000000e+00
2.026020834532102199e+01 4.284600546150064027e+00 0.000000000000000000e+00
2.036015264346706388e+01 4.279591063123208805e+00 0.000000000000000000e+00
2.046014229129198014e+01 4.295190505581188312e+00 0.000000000000000000e+00
2.056020556242132713e+01 4.233614351268367493e+00 0.000000000000000000e+00
2.066006737361054846e+01 4.190304629331979669e+00 0.000000000000000000e+00
2.076011273190236039e+01 4.139523748606516840e+00 0.000000000000000000e+00
2.086019097974652325e+01 4.139148427349759629e+00 0.000000000000000000e+00
2.096013179077616329e+01 4.122272464070435127e+00 0.000000000000000000e+00
2.106005425085002614e+01 4.096589020897090982e+00 0.000000000000000000e+00
2.116004591121704337e+01 4.086689811552122187e+00 0.000000000000000000e+00
2.126006410376831823e+01 4.042198824561832993e+00 0.000000000000000000e+00
2.136004018857844144e+01 4.048065471685874606e+00 0.000000000000000000e+00
2.146015210129004203e+01 4.030725683168621565e+00 0.000000000000000000e+00
2.156018961599651362e+01 3.994836495393931042e+00 0.000000000000000000e+00
2.166014215802494647e+01 3.971141996094012860e+00 0.000000000000000000e+00
2.176005975325295339e+01 3.902070467882156279e+00 0.000000000000000000e+00
2.186002365495255262e+01 3.920842147312228132e+00 0.000000000000000000e+00
2.196015797577956619e+01 3.941162910841104594e+00 0.000000000000000000e+00
2.206015327450682051e+01 3.889231476510230490e+00 0.000000000000000000e+00
2.216022562432646836e+01 3.855918678322239224e+00 0.000000000000000000e+00
2.226023762596713595e+01 3.834803329027272056e+00 0.000000000000000000e+00
2.236012187475994395e+01 3.827272196072579291e+00 0.000000000000000000e+00
2.246005770765591691e+01 3.811771105036115603e+00 0.000000000000000000e+00
2.256004550991068669e+01 3.773695947353786107e+00 0.000000000000000000e+00
2.266007914369372855e+01 3.731690582034689285e+00 0.000000000000000000e+00
2.276000806581113878e+01 3.706985936361502088e+00 0.000000000000000000e+00
2.286010844514616380e+01 3.686070259744077759e+00 0.000000000000000000e+00
2.296007356234825281e+01 3.666412321520303053e+00 0.000000000000000000e+00
2.306005103070280882e+01 3.626029108677283119e+00 0.000000000000000000e+00
2.316011535778469366e+01 3.620342502903565851e+00 0.000000000000000000e+00
2.326004152122711943e+01 3.602043161792874759e+00 0.000000000000000000e+00
2.336003177061514791e+01 3.587472608271506047e+00 0.000000000000000000e+00
2.345997616252074280e+01 3.573059416460858007e+00 0.000000000000000000e+00
2.355996558789114559e+01 3.579792408837760842e+00 0.000000000000000000e+00
2.366005677356592685e+01 3.529133680178796251e+00 0.000000000000000000e+00
2.376008499752514425e+01 3.518046845762931252e+00 0.000000000000000000e+00
2.386008650357267769e+01 3.458626891168790962e+00 0.000000000000000000e+00
2.396008208139831552e+01 3.472214961576663317e+00 0.000000000000000000e+00
2.406007349624439229e+01 3.449937921399833129e+00 0.000000000000000000e+00
2.416005355753632244e+01 3.474897651951652566e+00 0.000000000000000000e+00
2.426000100264842274e+01 3.416056883433508773e+00 0.000000000000000000e+00
2.436013464581442989e+01 3.443643462893775986e+00 0.000000000000000000e+00
2.446023033168192740e+01 3.424635077475858935e+00 0.000000000000000000e+00
2.456010370727704029e+01 3.386881520551473734e+00 0.000000000000000000e+00
2.466007991705158631e+01 3.368264636397721112e+00 0.000000000000000000e+00
2.476007853616273735e+01 3.365873348757706385e+00 0.000000000000000000e+00
2.486010699666847046e+01 3.322579039401635903e+00 0.000000000000000000e+00
2.496012068606717094e+01 3.293802456798045952e+00 0.000000000000000000e+00
2.506011884904720333e+01 3.256471139537410853e+00 0.000000000000000000e+00
2.516016461492254663e+01 3.285461634209797310e+00 0.000000000000000000e+00
2.526004864631245894e+01 3.257865219049272731e+00 0.000000000000000000e+00
2.536000880997600149e+01 3.209386888132899074e+00 0.000000000000000000e+00
2.546000763258749444e+01 3.221505166580303392e+00 0.000000000000000000e+00
2.556005256491409483e+01 3.206749979644210935e+00 0.000000000000000000e+00
2.566007495662108084e+01 3.197634786201198231e+00 0.000000000000000000e+00
2.576001284207799458e+01 3.143322115261672156e+00 0.000000000000000000e+00
2.586005665426739952e+01 3.150767510209862898e+00 0.000000000000000000e+00
2.595995283772588991e+01 3.139426833442034326e+00 0.000000000000000000e+00
2.605992768761304035e+01 3.131688991360355612e+00 0.000000000000000000e+00
2.616008588888359654e+01 3.126964463426770813e+00 0.000000000000000000e+00
2.626013639090650997e+01 3.085470633826335352e+00 0.000000000000000000e+00
2.636010086664784069e+01 3.071961526572508205e+00 0.000000000000000000e+00
2.646009292255724077e+01 3.046740432729579506e+00 0.000000000000000000e+00
2.656009163346045199e+01 3.040490509765638283e+00 0.000000000000000000e+00
2.666007616590135143e+01 3.018641340094394110e+00 0.000000000000000000e+00
2.676007911660554939e+01 3.026024120023653730e+00 0.000000000000000000e+00
2.686008193545500689e+01 2.992098539466799156e+00 0.000000000000000000e+00
2.696008527403073884e+01 2.964409487039016966e+00 0.000000000000000000e+00
2.706014568371496409e+01 2.980509019750673172e+00 0.000000000000000000e+00
2.716014672685720654e+01 2.941821225316846089e+00 0.000000000000000000e+00
2.726011201775047255e+01 2.935078898371036082e+00 0.000000000000000000e+00
2.736011629044526217e+01 2.939332467499582879e+00 0.000000000000000000e+00
2.746009456312569696e+01 2.915218988249104193e+00 0.000000000000000000e+00
2.756010111326260414e+01 2.889657340622337145e+00 0.000000000000000000e+00
2.766000659215977819e+01 2.875896561423247011e+00 0.000000000000000000e+00
2.775996930878592650e+01 2.903544704049445979e+00 0.000000000000000000e+00
2.786001736508387339e+01 2.846221587352637528e+00 0.000000000000000000e+00
2.796003666424917711e+01 2.851125053401640130e+00 0.000000000000000000e+00
2.806007318658330973e+01 2.827196740886422255e+00 0.000000000000000000e+00
2.816002575392253959e+01 2.818600299084371485e+00 0.000000000000000000e+00
2.826008618070721923e+01 2.794907401008231762e+00 0.000000000000000000e+00
2.836011268337557567e+01 2.772866389855588309e+00 0.000000000000000000e+00
2.846006766072591532e+01 2.791814263332431878e+00 0.000000000000000000e+00
2.856002342132942928e+01 2.758401504284107908e+00 0.000000000000000000e+00
2.865999923614900879e+01 2.748463797872917613e+00 0.000000000000000000e+00
2.876004741964181477e+01 2.746025173503384487e+00 0.000000000000000000e+00
2.886004046337784956e+01 2.758342797446490469e+00 0.000000000000000000e+00
2.896008102924385952e+01 2.739513144459959193e+00 0.000000000000000000e+00
2.906013056701853259e+01 2.707194569839589615e+00 0.000000000000000000e+00
2.916008342699372236e+01 2.702094564112952124e+00 0.000000000000000000e+00
2.926005396200691067e+01 2.694059046171553451e+00 0.000000000000000000e+00
2.936006015490019294e+01 2.706755689956443778e+00 0.000000000000000000e+00
2.946008302370103493e+01 2.663673632727677987e+00 0.000000000000000000e+00
2.956005136911289100e+01 2.654361490458533090e+00 0.000000000000000000e+00
2.966004211127815182e+01 2.633410413799690541e+00 0.000000000000000000e+00
2.976008309869055068e+01 2.592118989070794743e+00 0.000000000000000000e+00
2.986006866468150278e+01 2.619776065202642279e+00 0.000000000000000000e+00
2.996000836426628311e+01 2.586857022866251743e+00 0.000000000000000000e+00
3.005998672307784148e+01 2.582865023783778025e+00 0.000000000000000000e+00
3.015999329076658597e+01 2.580843082856221660e+00 0.000000000000000000e+00
3.025997071981619158e+01 2.567262843897806235e+00 0.000000000000000000e+00
3.035998250913087304e+01 2.569938833588068849e+00 0.000000000000000000e+00
3.046003667608819399e+01 2.544331776146115054e+00 0.000000000000000000e+00
3.056001139595522531e+01 2.520313938844049861e+00 0.000000000000000000e+00
3.066003402547599066e+01 2.494010786035592897e+00 0.000000000000000000e+00
3.076012870266283983e+01 2.502613666325130826e+00 0.000000000000000000e+00
3.086005490868008394e+01 2.491656997199833246e+00 0.000000000000000000e+00
3.096001904061603582e+01 2.480776164370030124e+00 0.000000000000000000e+00
3.106011009671765066e+01 2.431754016020748033e+00 0.000000000000000000e+00
3.116010574269009226e+01 2.440650732384221477e+00 0.000000000000000000e+00
3.126007157798853697e+01 2.442228510114313078e+00 0.000000000000000000e+00
3.136002568220683173e+01 2.444754294566891417e+00 0.000000000000000000e+00
3.146005315939301639e+01 2.417648839877613476e+00 0.000000000000000000e+00
3.156011152172583678e+01 2.405360072926162385e+00 0.000000000000000000e+00
3.166012355668277323e+01 2.393141148580623767e+00 0.000000000000000000e+00
3.176010027308443640e+01 2.397260252506812517e+00 0.000000000000000000e+00
3.186006179385135795e+01 2.359729025781314604e+00 0.000000000000000000e+00
3.196011793235989273e+01 2.353008231126573868e+00 0.000000000000000000e+00
3.206002367541852749e+01 2.373051998059314105e+00 0.000000000000000000e+00
3.215992380861585787e+01 2.354854272860535502e+00 0.000000000000000000e+00
