8.899641323548096450e-02 2.715053185096153811e+03 0.000000000000000000e+00
1.762294649249977474e-01 1.191299913194444343e+03 0.000000000000000000e+00
2.662437218389693272e-01 6.705877786624204191e+02 0.000000000000000000e+00
3.649346201087940722e-01 4.038342063210227479e+02 0.000000000000000000e+00
4.635470928990934603e-01 1.994134781003936894e+02 0.000000000000000000e+00
5.630121343059290018e-01 1.800559973246135428e+02 0.000000000000000000e+00
6.637476258980694599e-01 1.380920155083955194e+02 0.000000000000000000e+00
7.630437067904533022e-01 1.023035625414731271e+02 0.000000000000000000e+00
8.639090016071222511e-01 9.176885660980809689e+01 0.000000000000000000e+00
9.621426022616451634e-01 8.262329657399300231e+01 0.000000000000000000e+00
1.060650350388561591e+00 6.820870102364983723e+01 0.000000000000000000e+00
1.160695738208251893e+00 6.166722688305978295e+01 0.000000000000000000e+00
1.260988189711796936e+00 5.239865062054558109e+01 0.000000000000000000e+00
1.360965173221828639e+00 5.404557966321243612e+01 0.000000000000000000e+00
1.459516200429978205e+00 4.710457093067068968e+01 0.000000000000000000e+00
1.559771173841701275e+00 4.196215715196937879e+01 0.000000000000000000e+00
1.660823609444051829e+00 4.309603180262406852e+01 0.000000000000000000e+00
1.760863065096903490e+00 3.873121177857051833e+01 0.000000000000000000e+00
1.860831138252939221e+00 3.695450514874141845e+01 0.000000000000000000e+00
1.960558372004485239e+00 3.599893272297089197e+01 0.000000000000000000e+00
2.060584726315924708e+00 3.321927759740259489e+01 0.000000000000000000e+00
2.160729659345701492e+00 3.065810797953315614e+01 0.000000000000000000e+00
2.260719120019153650e+00 2.906458751641052984e+01 0.000000000000000000e+00
2.361163348282317553e+00 2.756672439864959756e+01 0.000000000000000000e+00
2.461248779664896524e+00 2.774490033684347878e+01 0.000000000000000000e+00
2.561100761153063843e+00 2.624317651925391104e+01 0.000000000000000000e+00
2.660769167700723692e+00 2.653674195544554237e+01 0.000000000000000000e+00
2.760458960728367384e+00 2.656217570602509426e+01 0.000000000000000000e+00
2.860591290042267865e+00 2.535221341581287291e+01 0.000000000000000000e+00
2.960639175481798446e+00 2.454831164460399151e+01 0.000000000000000000e+00
3.060358024137067812e+00 2.332530030669620302e+01 0.000000000000000000e+00
3.160794728097130246e+00 2.355075789923142793e+01 0.000000000000000000e+00
3.261199944599915135e+00 2.406968573512360976e+01 0.000000000000000000e+00
3.360749919420539911e+00 2.223655140973488642e+01 0.000000000000000000e+00
3.459835126459389176e+00 2.243367747868249396e+01 0.000000000000000000e+00
3.560188740940378516e+00 2.113931925241649523e+01 0.000000000000000000e+00
3.660846965852959656e+00 2.099128843879361384e+01 0.000000000000000000e+00
3.760451276577104540e+00 2.054999439603238898e+01 0.000000000000000000e+00
3.860212202906779577e+00 1.986154783729209683e+01 0.000000000000000000e+00
3.960532647077731117e+00 1.933855035998106686e+01 0.000000000000000000e+00
4.060962209834743319e+00 1.950564131947777824e+01 0.000000000000000000e+00
4.160148069051775366e+00 1.838580708706904332e+01 0.000000000000000000e+00
4.259582262654759255e+00 1.895086907841815815e+01 0.000000000000000000e+00
4.360164345516578166e+00 1.841203227796052744e+01 0.000000000000000000e+00
4.460573579149521350e+00 1.774317234190410275e+01 0.000000000000000000e+00
4.560530149156328150e+00 1.838127114536607820e+01 0.000000000000000000e+00
4.660287485696529508e+00 1.777517134836581292e+01 0.000000000000000000e+00
4.760262084699077079e+00 1.755088372416672371e+01 0.000000000000000000e+00
4.860447565083823029e+00 1.781519881627209045e+01 0.000000000000000000e+00
4.960628913369701465e+00 1.738240003843135995e+01 0.000000000000000000e+00
5.060804152253668420e+00 1.734092151879235999e+01 0.000000000000000000e+00
5.160609437996754423e+00 1.696528077512688171e+01 0.000000000000000000e+00
5.260521321794523253e+00 1.669854972375690494e+01 0.000000000000000000e+00
5.360542927541686709e+00 1.656698320217917697e+01 0.000000000000000000e+00
5.460351121480531589e+00 1.632146981139588249e+01 0.000000000000000000e+00
5.560202561635490426e+00 1.602603873689593428e+01 0.000000000000000000e+00
5.660212261175133541e+00 1.558251448107928461e+01 0.000000000000000000e+00
5.760666909301913385e+00 1.573952916706060279e+01 0.000000000000000000e+00
5.860488403937768709e+00 1.581456726749047625e+01 0.000000000000000000e+00
5.960286234654308402e+00 1.528115029201673636e+01 0.000000000000000000e+00
6.060495439198260392e+00 1.516155444295938715e+01 0.000000000000000000e+00
6.160172772110693806e+00 1.512000109579319940e+01 0.000000000000000000e+00
6.260000307388036589e+00 1.468496722138174526e+01 0.000000000000000000e+00
6.360019877723115833e+00 1.445185675875774578e+01 0.000000000000000000e+00
6.460393176898672429e+00 1.441524049085523629e+01 0.000000000000000000e+00
6.560712870799073393e+00 1.435175344036697176e+01 0.000000000000000000e+00
6.660315614630555103e+00 1.396100226749240569e+01 0.000000000000000000e+00
6.760348783000822870e+00 1.391839396019217467e+01 0.000000000000000000e+00
6.860507314965895276e+00 1.377198354546448833e+01 0.000000000000000000e+00
6.960389334265283168e+00 1.359398222084609920e+01 0.000000000000000000e+00
7.060034423048193730e+00 1.342920882742550681e+01 0.000000000000000000e+00
7.159957956516346478e+00 1.322370364135799292e+01 0.000000000000000000e+00
7.260192657847024833e+00 1.316906731317740942e+01 0.000000000000000000e+00
7.360108533827269817e+00 1.321508690048856494e+01 0.000000000000000000e+00
7.460339090618184343e+00 1.295029750961647252e+01 0.000000000000000000e+00
7.560411676181439056e+00 1.279275451048757439e+01 0.000000000000000000e+00
7.660346114771154014e+00 1.274538627547213032e+01 0.000000000000000000e+00
7.760391007741484160e+00 1.240051766418380197e+01 0.000000000000000000e+00
7.860072651402888688e+00 1.219973083721677654e+01 0.000000000000000000e+00
7.959955397583765802e+00 1.206654124947203677e+01 0.000000000000000000e+00
8.060172532623253616e+00 1.201351334951456451e+01 0.000000000000000000e+00
8.160169871096277561e+00 1.200222460331123031e+01 0.000000000000000000e+00
8.260209309247560583e+00 1.190305350127108852e+01 0.000000000000000000e+00
8.360295260333263201e+00 1.173652458054212033e+01 0.000000000000000000e+00
8.460314428833417111e+00 1.141758898408001954e+01 0.000000000000000000e+00
8.560221857099927334e+00 1.157184803710094911e+01 0.000000000000000000e+00
8.660164637941472066e+00 1.135634125024350993e+01 0.000000000000000000e+00
8.760181857056902999e+00 1.120941080869797801e+01 0.000000000000000000e+00
8.860218717977446090e+00 1.103788110943096790e+01 0.000000000000000000e+00
8.960267699615021897e+00 1.128833248051641291e+01 0.000000000000000000e+00
9.060158543440742562e+00 1.097249286013571634e+01 0.000000000000000000e+00
9.160314747803932178e+00 1.099820508617459680e+01 0.000000000000000000e+00
9.260376927016194415e+00 1.091479026148018150e+01 0.000000000000000000e+00
9.360208025918709041e+00 1.068841003976814719e+01 0.000000000000000000e+00
9.460075101117821461e+00 1.072411807948134310e+01 0.000000000000000000e+00
9.559992906282033687e+00 1.045975290879250252e+01 0.000000000000000000e+00
9.660236476231109037e+00 1.054611841105237424e+01 0.000000000000000000e+00
9.760211827678935137e+00 1.039929199421629136e+01 0.000000000000000000e+00
9.860087741133007455e+00 1.029265092129887194e+01 0.000000000000000000e+00
9.960113214171899543e+00 1.009549025694908941e+01 0.000000000000000000e+00
1.006014253496011435e+01 1.009384556649382780e+01 0.000000000000000000e+00
1.016015305856116946e+01 9.867027225788659095e+00 0.000000000000000000e+00
1.026012791460989426e+01 9.980304466406419550e+00 0.000000000000000000e+00
1.036009715580952850e+01 9.824314766996835147e+00 0.000000000000000000e+00
1.045999384679854316e+01 9.690575575937026898e+00 0.000000000000000000e+00
1.055998031172832619e+01 9.585705238652888482e+00 0.000000000000000000e+00
1.066015733025465018e+01 9.553267537779010610e+00 0.000000000000000000e+00
1.076005445242803127e+01 9.366437746494304051e+00 0.000000000000000000e+00
1.086017199500644104e+01 9.404368358913814063e+00 0.000000000000000000e+00
1.096035721378511774e+01 9.302808614711194579e+00 0.000000000000000000e+00
1.106014543005698059e+01 9.133016212582930393e+00 0.000000000000000000e+00
1.116013746602539669e+01 9.065477622714148254e+00 0.000000000000000000e+00
1.126001995331923311e+01 9.024738509409912623e+00 0.000000000000000000e+00
1.135997563511528519e+01 8.975582101578213567e+00 0.000000000000000000e+00
1.146027771572255105e+01 8.716740769147801160e+00 0.000000000000000000e+00
1.156025344308602243e+01 8.825361953735125553e+00 0.000000000000000000e+00
1.166020264054967370e+01 8.815549734578919328e+00 0.000000000000000000e+00
1.176010824919332443e+01 8.691052274114555942e+00 0.000000000000000000e+00
1.186009918100251248e+01 8.556347570491272592e+00 0.000000000000000000e+00
1.196022404466052436e+01 8.556689885939123386e+00 0.000000000000000000e+00
1.206014086953631015e+01 8.448425697993480199e+00 0.000000000000000000e+00
1.216012200167176260e+01 8.406318477226811581e+00 0.000000000000000000e+00
1.225991162114084787e+01 8.362116868711087392e+00 0.000000000000000000e+00
1.235998963976033949e+01 8.254185532002470183e+00 0.000000000000000000e+00
1.246019708267939308e+01 8.226513139822360543e+00 0.000000000000000000e+00
1.256029988740128189e+01 8.143977780162892088e+00 0.000000000000000000e+00
1.266021832804886849e+01 8.112662532110453739e+00 0.000000000000000000e+00
1.276011783806912625e+01 8.021882832345214709e+00 0.000000000000000000e+00
1.286027643411210342e+01 7.957789967529367736e+00 0.000000000000000000e+00
1.296020505403111756e+01 7.858326195205060927e+00 0.000000000000000000e+00
1.306004381250698110e+01 7.761970833053089436e+00 0.000000000000000000e+00
1.316008799938249751e+01 7.720983868181033216e+00 0.000000000000000000e+00
1.326024158855983259e+01 7.673884199452221999e+00 0.000000000000000000e+00
1.336025563904201441e+01 7.691828383656766910e+00 0.000000000000000000e+00
1.346008251893918484e+01 7.505244663612102407e+00 0.000000000000000000e+00
1.356002845306179871e+01 7.433471256923878556e+00 0.000000000000000000e+00
1.366017449007571649e+01 7.435007307533095577e+00 0.000000000000000000e+00
1.376018618598503629e+01 7.274335257701823210e+00 0.000000000000000000e+00
1.386016602641027795e+01 7.302633362636279379e+00 0.000000000000000000e+00
1.396016603220776808e+01 7.256380360019043962e+00 0.000000000000000000e+00
1.406021375009726349e+01 7.247951195767534216e+00 0.000000000000000000e+00
1.416017889984025935e+01 7.276973595966608421e+00 0.000000000000000000e+00
1.426021760910094116e+01 7.128371326611818048e+00 0.000000000000000000e+00
1.436020568897167315e+01 7.087523039705090788e+00 0.000000000000000000e+00
1.446009957908403720e+01 7.077276388336109392e+00 0.000000000000000000e+00
1.456020661983343167e+01 6.961113694705904464e+00 0.000000000000000000e+00
1.466035845314601893e+01 6.968317207534990843e+00 0.000000000000000000e+00
1.476027873150629333e+01 6.919607893020103262e+00 0.000000000000000000e+00
1.486011958734484217e+01 6.910712177583802074e+00 0.000000000000000000e+00
1.496014783579061636e+01 6.826866323803281844e+00 0.000000000000000000e+00
1.506017080873394143e+01 6.831273019014533432e+00 0.000000000000000000e+00
1.516008530228541495e+01 6.806003836844710442e+00 0.000000000000000000e+00
1.526016901980520579e+01 6.691031495517184347e+00 0.000000000000000000e+00
1.536028844696910411e+01 6.646271483302299998e+00 0.000000000000000000e+00
1.546018238599979000e+01 6.549171761336294750e+00 0.000000000000000000e+00
1.556018596824832123e+01 6.483473033019728327e+00 0.000000000000000000e+00
1.566018715656100824e+01 6.448743345750303391e+00 0.000000000000000000e+00
1.576017128895625774e+01 6.381826961105878659e+00 0.000000000000000000e+00
1.586022654335216053e+01 6.335631110622871098e+00 0.000000000000000000e+00
1.596027194439420605e+01 6.305369208027304495e+00 0.000000000000000000e+00
1.606019988436615265e+01 6.344737625799004022e+00 0.000000000000000000e+00
1.616001619001476186e+01 6.249107236039077584e+00 0.000000000000000000e+00
1.626011267441217711e+01 6.214191210651155650e+00 0.000000000000000000e+00
1.636015423131000901e+01 6.144834347582050604e+00 0.000000000000000000e+00
1.646013567016607482e+01 6.087762385314426261e+00 0.000000000000000000e+00
1.656007240838085437e+01 6.074496159842929011e+00 0.000000000000000000e+00
1.665992901383054914e+01 5.977580956471895135e+00 0.000000000000000000e+00
1.676002219346689159e+01 5.973279074465876803e+00 0.000000000000000000e+00
1.686003790855481910e+01 5.942269824670701972e+00 0.000000000000000000e+00
1.696008931641028283e+01 5.785619522640551793e+00 0.000000000000000000e+00
1.706015857686212200e+01 5.801673204283315677e+00 0.000000000000000000e+00
1.716002510614071497e+01 5.763822542088739453e+00 0.000000000000000000e+00
1.726005228275917602e+01 5.711114492101711626e+00 0.000000000000000000e+00
1.736004143261135368e+01 5.666383179777935375e+00 0.000000000000000000e+00
1.746000211235884692e+01 5.707826941859036829e+00 0.000000000000000000e+00
1.756012122361867966e+01 5.621267358891076427e+00 0.000000000000000000e+00
1.766014398804343344e+01 5.642576341509441207e+00 0.000000000000000000e+00
1.776015571561410411e+01 5.619652774303297349e+00 0.000000000000000000e+00
1.786014681601529830e+01 5.539800178390030361e+00 0.000000000000000000e+00
1.796008276126707415e+01 5.467540685058422056e+00 0.000000000000000000e+00
1.806015261825141849e+01 5.453703793256862831e+00 0.000000000000000000e+00
1.816009831592651835e+01 5.391388155535217663e+00 0.000000000000000000e+00
1.826011438206822390e+01 5.332976671858050466e+00 0.000000000000000000e+00
1.836018372585242631e+01 5.333581341069612236e+00 0.000000000000000000e+00
1.846011248160125007e+01 5.345300302720074725e+00 0.000000000000000000e+00
1.856012405487159711e+01 5.248399028881610917e+00 0.000000000000000000e+00
1.866007499050376595e+01 5.192056198388394606e+00 0.000000000000000000e+00
1.876012430072754356e+01 5.219514283795280818e+00 0.000000000000000000e+00
1.886008617154970324e+01 5.239050252290643250e+00 0.000000000000000000e+00
1.896000428863321119e+01 5.190590430201931227e+00 0.000000000000000000e+00
1.906004619657873178e+01 5.153211504649803487e+00 0.000000000000000000e+00
1.916012450871170714e+01 5.134846368790047855e+00 0.000000000000000000e+00
1.926014135632459556e+01 5.090826762923700954e+00 0.000000000000000000e+00
1.936003992471836455e+01 5.019514014045117989e+00 0.000000000000000000e+00
1.946009659168149142e+01 4.969832506978876019e+00 0.000000000000000000e+00
1.956009751796509732e+01 4.907705397412810200e+00 0.000000000000000000e+00
1.966003308899824376e+01 4.915671416819527018e+00 0.000000000000000000e+00
1.976006350907396580e+01 4.895348167750798396e+00 0.000000000000000000e+00
1.986013807476350834e+01 4.846450068474720041e+00 0.000000000000000000e+00
1.996016270699268702e+01 4.878022938653177043e+00 0.000000000000000000e+00
2.006011812007354322e+01 4.780174156796080709e+00 0.000000000000000000e+00
2.016010605821437096e+01 4.766967855592469938e+00 0.000000000000000000e+00
2.026020834532102199e+01 4.689914851287408482e+00 0.000000000000000000e+00
2.036015264346706388e+01 4.669068873227467442e+00 0.000000000000000000e+00
2.046014229129198014e+01 4.620462226303469144e+00 0.000000000000000000e+00
2.056020556242132713e+01 4.625570325852403464e+00 0.000000000000000000e+00
2.066006737361054846e+01 4.602142957062114625e+00 0.000000000000000000e+00
2.076011273190236039e+01 4.576939454302893395e+00 0.000000000000000000e+00
2.086019097974652325e+01 4.539683735828534239e+00 0.000000000000000000e+00
2.096013179077616329e+01 4.531760710535023051e+00 0.000000000000000000e+00
2.106005425085002614e+01 4.508070616221417026e+00 0.000000000000000000e+00
2.116004591121704337e+01 4.485488491571291370e+00 0.000000000000000000e+00
2.126006410376831823e+01 4.427396065323875085e+00 0.000000000000000000e+00
2.136004018857844144e+01 4.402915090056001013e+00 0.000000000000000000e+00
2.146015210129004203e+01 4.380735868856275417e+00 0.000000000000000000e+00
2.156018961599651362e+01 4.288387234378837398e+00 0.000000000000000000e+00
2.166014215802494647e+01 4.317101740857970604e+00 0.000000000000000000e+00
2.176005975325295339e+01 4.277428668761877439e+00 0.000000000000000000e+00
2.186002365495255262e+01 4.301248249240478216e+00 0.000000000000000000e+00
2.196015797577956619e+01 4.228279208464667427e+00 0.000000000000000000e+00
2.206015327450682051e+01 4.191363705404608453e+00 0.000000000000000000e+00
2.216022562432646836e+01 4.167451279172347256e+00 0.000000000000000000e+00
2.226023762596713595e+01 4.175729621923547796e+00 0.000000000000000000e+00
2.236012187475994395e+01 4.133334359841728478e+00 0.000000000000000000e+00
2.246005770765591691e+01 4.101974756721508797e+00 0.000000000000000000e+00
2.256004550991068669e+01 4.095535125748141603e+00 0.000000000000000000e+00
2.266007914369372855e+01 4.028494486278807685e+00 0.000000000000000000e+00
2.276000806581113878e+01 4.015063611059452420e+00 0.000000000000000000e+00
2.286010844514616380e+01 3.977193892436865497e+00 0.000000000000000000e+00
2.296007356234825281e+01 3.936248989879266524e+00 0.000000000000000000e+00
2.306005103070280882e+01 3.956770955603824191e+00 0.000000000000000000e+00
2.316011535778469366e+01 3.898558313042760126e+00 0.000000000000000000e+00
2.326004152122711943e+01 3.899528248536038522e+00 0.000000000000000000e+00
2.336003177061514791e+01 3.883886209621625341e+00 0.000000000000000000e+00
2.345997616252074280e+01 3.839625811268738254e+00 0.000000000000000000e+00
2.355996558789114559e+01 3.879193910697141590e+00 0.000000000000000000e+00
2.366005677356592685e+01 3.841519008390240408e+00 0.000000000000000000e+00
2.376008499752514425e+01 3.836352158143796931e+00 0.000000000000000000e+00
2.386008650357267769e+01 3.836192647892830987e+00 0.000000000000000000e+00
2.396008208139831552e+01 3.784431739078995438e+00 0.000000000000000000e+00
2.406007349624439229e+01 3.784321693283307031e+00 0.000000000000000000e+00
2.416005355753632244e+01 3.721548664060130740e+00 0.000000000000000000e+00
2.426000100264842274e+01 3.703812400330883214e+00 0.000000000000000000e+00
2.436013464581442989e+01 3.659333672093911805e+00 0.000000000000000000e+00
2.446023033168192740e+01 3.658285227407827911e+00 0.000000000000000000e+00
2.456010370727704029e+01 3.631668192785141080e+00 0.000000000000000000e+00
2.466007991705158631e+01 3.609298314350915415e+00 0.000000000000000000e+00
2.476007853616273735e+01 3.546194193760796143e+00 0.000000000000000000e+00
2.486010699666847046e+01 3.579158742517262848e+00 0.000000000000000000e+00
2.496012068606717094e+01 3.544769792493652538e+00 0.000000000000000000e+00
2.506011884904720333e+01 3.548212478634733547e+00 0.000000000000000000e+00
2.516016461492254663e+01 3.499610243183308711e+00 0.000000000000000000e+00
2.526004864631245894e+01 3.508211673740439629e+00 0.000000000000000000e+00
2.536000880997600149e+01 3.480381744733350047e+00 0.000000000000000000e+00
2.546000763258749444e+01 3.450516962843295676e+00 0.000000000000000000e+00
2.556005256491409483e+01 3.444882856203690391e+00 0.000000000000000000e+00
2.566007495662108084e+01 3.432306053429284187e+00 0.000000000000000000e+00
2.576001284207799458e+01 3.420606620347270699e+00 0.000000000000000000e+00
2.586005665426739952e+01 3.373748259011827066e+00 0.000000000000000000e+00
2.595995283772588991e+01 3.349659426258138506e+00 0.000000000000000000e+00
2.605992768761304035e+01 3.292651425970944512e+00 0.000000000000000000e+00
2.616008588888359654e+01 3.292671647223604836e+00 0.000000000000000000e+00
2.626013639090650997e+01 3.292678749314744469e+00 0.000000000000000000e+00
2.636010086664784069e+01 3.313583038234773070e+00 0.000000000000000000e+00
2.646009292255724077e+01 3.313690887307068955e+00 0.000000000000000000e+00
2.656009163346045199e+01 3.269286939368631462e+00 0.000000000000000000e+00
2.666007616590135143e+01 3.256458764787968807e+00 0.000000000000000000e+00
2.676007911660554939e+01 3.270026216458557400e+00 0.000000000000000000e+00
2.686008193545500689e+01 3.206140763785958026e+00 0.000000000000000000e+00
2.696008527403073884e+01 3.197761751159330146e+00 0.000000000000000000e+00
2.706014568371496409e+01 3.179254411816999415e+00 0.000000000000000000e+00
2.716014672685720654e+01 3.156104415176056666e+00 0.000000000000000000e+00
2.726011201775047255e+01 3.142749344616291740e+00 0.000000000000000000e+00
2.736011629044526217e+01 3.166146709233895074e+00 0.000000000000000000e+00
2.746009456312569696e+01 3.136790360946165812e+00 0.000000000000000000e+00
2.756010111326260414e+01 3.133240142177139642e+00 0.000000000000000000e+00
2.766000659215977819e+01 3.128044379273402509e+00 0.000000000000000000e+00
2.775996930878592650e+01 3.115038898112783006e+00 0.000000000000000000e+00
2.786001736508387339e+01 3.080979289160930445e+00 0.000000000000000000e+00
2.796003666424917711e+01 3.095396639895652946e+00 0.000000000000000000e+00
2.806007318658330973e+01 3.076129601942624081e+00 0.000000000000000000e+00
2.816002575392253959e+01 3.051379169366111199e+00 0.000000000000000000e+00
2.826008618070721923e+01 3.049433683956945362e+00 0.000000000000000000e+00
2.836011268337557567e+01 3.013626935827122377e+00 0.000000000000000000e+00
2.846006766072591532e+01 3.037768177598444641e+00 0.000000000000000000e+00
2.856002342132942928e+01 3.022616843717287338e+00 0.000000000000000000e+00
2.865999923614900879e+01 2.997819762207386773e+00 0.000000000000000000e+00
2.876004741964181477e+01 2.991877559592565738e+00 0.000000000000000000e+00
2.886004046337784956e+01 2.967874470783856022e+00 0.000000000000000000e+00
2.896008102924385952e+01 2.972047123184073936e+00 0.000000000000000000e+00
2.906013056701853259e+01 2.943266202777351737e+00 0.000000000000000000e+00
2.916008342699372236e+01 2.911733331598820307e+00 0.000000000000000000e+00
2.926005396200691067e+01 2.922051841549971218e+00 0.000000000000000000e+00
2.936006015490019294e+01 2.907722744440089269e+00 0.000000000000000000e+00
2.946008302370103493e+01 2.879916052560373974e+00 0.000000000000000000e+00
2.956005136911289100e+01 2.898909966537035032e+00 0.000000000000000000e+00
2.966004211127815182e+01 2.861471963381621908e+00 0.000000000000000000e+00
2.976008309869055068e+01 2.857192340818593745e+00 0.000000000000000000e+00
2.986006866468150278e+01 2.843761126768547420e+00 0.000000000000000000e+00
2.996000836426628311e+01 2.832309019057484001e+00 0.000000000000000000e+00
3.005998672307784148e+01 2.830180068442778030e+00 0.000000000000000000e+00
3.015999329076658597e+01 2.817871416993363187e+00 0.000000000000000000e+00
3.025997071981619158e+01 2.811711826728902519e+00 0.000000000000000000e+00
3.035998250913087304e+01 2.797100940629931642e+00 0.000000000000000000e+00
3.046003667608819399e+01 2.778557387395970135e+00 0.000000000000000000e+00
3.056001139595522531e+01 2.798350238340284957e+00 0.000000000000000000e+00
3.066003402547599066e+01 2.769626991670443683e+00 0.000000000000000000e+00
3.076012870266283983e+01 2.760968011894789242e+00 0.000000000000000000e+00
3.086005490868008394e+01 2.736339274779608921e+00 0.000000000000000000e+00
3.096001904061603582e+01 2.745155249337350334e+00 0.000000000000000000e+00
3.106011009671765066e+01 2.731897347508950968e+00 0.000000000000000000e+00
3.116010574269009226e+01 2.727254378129597256e+00 0.000000000000000000e+00
3.126007157798853697e+01 2.702130728185305752e+00 0.000000000000000000e+00
3.136002568220683173e+01 2.714145785263820887e+00 0.000000000000000000e+00
3.146005315939301639e+01 2.701392186703212683e+00 0.000000000000000000e+00
3.156011152172583678e+01 2.668550394356149269e+00 0.000000000000000000e+00
3.166012355668277323e+01 2.683482209123269957e+00 0.000000000000000000e+00
3.176010027308443640e+01 2.675956968539287217e+00 0.000000000000000000e+00
3.186006179385135795e+01 2.674569465769355059e+00 0.000000000000000000e+00
3.196011793235989273e+01 2.672894211175979251e+00 0.000000000000000000e+00
3.206002367541852749e+01 2.645926677499595758e+00 0.000000000000000000e+00
3.215992380861585787e+01 2.660891666843199221e+00 0.000000000000000000e+00
