8.899641323548096450e-02 1.006826642990112305e+03 2.980232238769531250e-02
1.448080953624513445e-01 4.745554117979826287e+02 2.980232238769531250e-02
1.950822866625256113e-01 3.358664216359456418e+02 2.980232238769531250e-02
2.418344986082902603e-01 2.497329075656720079e+02 2.980232238769531250e-02
2.844150324662526597e-01 2.050278148651123047e+02 2.980232238769531250e-02
3.311492092627331685e-01 1.625549750507325939e+02 2.980232238769531250e-02
3.854527006682739732e-01 1.190446750606031685e+02 2.980232238769531250e-02
4.379760757023590800e-01 8.998176290686994605e+01 2.980232238769531250e-02
4.845354905265206735e-01 7.664288472958362775e+01 2.980232238769531250e-02
5.331869425000370644e-01 6.552247808301771670e+01 2.980232238769531250e-02
5.864416905016403003e-01 5.560876588355710481e+01 2.980232238769531250e-02
6.393143479449987510e-01 5.094064604717752331e+01 2.980232238769531250e-02
6.875509482501400704e-01 4.256296571973938114e+01 2.980232238769531250e-02
7.360532472319636366e-01 3.921854652513003714e+01 2.980232238769531250e-02
7.867697342078286971e-01 3.462991800569833600e+01 2.980232238769531250e-02
8.376194660778666368e-01 3.146874434217459537e+01 2.980232238769531250e-02
8.876896880604894235e-01 2.847627318522651763e+01 2.980232238769531250e-02
9.363402658038668669e-01 2.892448069290175638e+01 2.980232238769531250e-02
9.849243849049101884e-01 2.470885892555130070e+01 2.980232238769531250e-02
1.033922473950819487e+00 2.362078953367291234e+01 2.980232238769531250e-02
1.083968788523273830e+00 2.135159019248342105e+01 2.980232238769531250e-02
1.133915541218776246e+00 1.950652011989566859e+01 2.980232238769531250e-02
1.183819436428001248e+00 1.882314048550416530e+01 2.980232238769531250e-02
1.235159589274556602e+00 1.856639473015126640e+01 2.980232238769531250e-02
1.285686788879907949e+00 1.647612841679499951e+01 2.980232238769531250e-02
1.335577748586906033e+00 1.629151231365313990e+01 2.980232238769531250e-02
1.385007992768898966e+00 1.522930240911713895e+01 2.980232238769531250e-02
1.434761006508366910e+00 1.436105149560393635e+01 2.980232238769531250e-02
1.483809371322070803e+00 1.397486651393182733e+01 2.980232238769531250e-02
1.534060792161507925e+00 1.337600624369408209e+01 2.980232238769531250e-02
1.585002278264664888e+00 1.291506463061388388e+01 2.980232238769531250e-02
1.635527410472897403e+00 1.244664551933892405e+01 2.980232238769531250e-02
1.685676391865528423e+00 1.183258657533636438e+01 2.980232238769531250e-02
1.734789433360194755e+00 1.158296716007310678e+01 2.980232238769531250e-02
1.784875565396764951e+00 1.134009641721093509e+01 2.980232238769531250e-02
1.835586570008190588e+00 1.040670730970964009e+01 2.980232238769531250e-02
1.885448157908552691e+00 1.014623757874224808e+01 2.980232238769531250e-02
1.935207439362316428e+00 1.020202139019342269e+01 2.980232238769531250e-02
1.985052992803765015e+00 9.524656048870395963e+00 2.980232238769531250e-02
2.035079590713408937e+00 9.234287000381593558e+00 2.980232238769531250e-02
2.085261259228671005e+00 8.899347613732034645e+00 2.980232238769531250e-02
2.135521812674741060e+00 8.682361999862944657e+00 2.980232238769531250e-02
2.185539865877868859e+00 8.438682847103830653e+00 2.980232238769531250e-02
2.234928417494250752e+00 8.334692713030960931e+00 2.980232238769531250e-02
2.285020483940173541e+00 8.056503127964786515e+00 2.980232238769531250e-02
2.335227126917563290e+00 8.087071408944767725e+00 2.980232238769531250e-02
2.385597458206195398e+00 7.677472768105406686e+00 2.980232238769531250e-02
2.435604585857625182e+00 7.570448090403785635e+00 2.980232238769531250e-02
2.485423401501763330e+00 7.456024988603410009e+00 2.980232238769531250e-02
2.535218303430096576e+00 7.250365445480565718e+00 2.980232238769531250e-02
2.585301717955153844e+00 6.980939069217845905e+00 2.980232238769531250e-02
2.635310621692829258e+00 6.865602153152955189e+00 2.980232238769531250e-02
2.684883533713459336e+00 6.825691673394975290e+00 2.980232238769531250e-02
2.734760511342632316e+00 6.632308292166990249e+00 2.980232238769531250e-02
2.784962555331770062e+00 6.260223837471103892e+00 2.980232238769531250e-02
2.835387565949985422e+00 6.291345409314867965e+00 2.980232238769531250e-02
2.885384254562536110e+00 6.161797910691587887e+00 2.980232238769531250e-02
2.935452697317705084e+00 5.986101670307768963e+00 2.980232238769531250e-02
2.985584946861008060e+00 5.826263041358284767e+00 2.980232238769531250e-02
3.035281973877222761e+00 5.741277882261662135e+00 2.980232238769531250e-02
3.084822103129104764e+00 5.566758284151057445e+00 2.980232238769531250e-02
3.135015350087773989e+00 5.490175945116439138e+00 2.980232238769531250e-02
3.185847982026314362e+00 5.434839014198604268e+00 2.980232238769531250e-02
3.235464408484991061e+00 5.301889464545886277e+00 2.980232238769531250e-02
3.285149658618915502e+00 5.195898766138552283e+00 2.980232238769531250e-02
3.335370615645364634e+00 5.081567809802372437e+00 2.980232238769531250e-02
3.385209898508314996e+00 4.940114091771108384e+00 2.980232238769531250e-02
3.434934112077638879e+00 4.912767474566619441e+00 2.980232238769531250e-02
3.484151880424383396e+00 4.841887821366436029e+00 2.980232238769531250e-02
3.534737654629889203e+00 4.691294152736225520e+00 2.980232238769531250e-02
3.585624261789238432e+00 4.601355557864277301e+00 2.980232238769531250e-02
3.635262333854326844e+00 4.547619709461182325e+00 2.980232238769531250e-02
3.685039256951247122e+00 4.434196268189305457e+00 2.980232238769531250e-02
3.735233298459508244e+00 4.394089291894783145e+00 2.980232238769531250e-02
3.785147580586893934e+00 4.278279938718178244e+00 2.980232238769531250e-02
3.835695018070195861e+00 4.222807971729951149e+00 2.980232238769531250e-02
3.885539873192506377e+00 4.157713291640285469e+00 2.980232238769531250e-02
3.934696648644303352e+00 4.005411152549775977e+00 2.980232238769531250e-02
3.985162965584265304e+00 3.981817203159749852e+00 2.980232238769531250e-02
4.035471487646510091e+00 3.906611064380690390e+00 2.980232238769531250e-02
4.085372705036187213e+00 3.807085450691938266e+00 2.980232238769531250e-02
4.135141121895999028e+00 3.751529671708729641e+00 2.980232238769531250e-02
4.184482326706712385e+00 3.699002446681743272e+00 2.980232238769531250e-02
4.234523823648805418e+00 3.603526161557658369e+00 2.980232238769531250e-02
4.284609124085813292e+00 3.560635690909137008e+00 2.980232238769531250e-02
4.334887301479964705e+00 3.537639720864685700e+00 2.980232238769531250e-02
4.385302499000811594e+00 3.501354133920993927e+00 2.980232238769531250e-02
4.435186196473425824e+00 3.454086877346154161e+00 2.980232238769531250e-02
4.485197364325797409e+00 3.411473296574247804e+00 2.980232238769531250e-02
4.535537527983671602e+00 3.317713278254865727e+00 2.980232238769531250e-02
4.585513271404134450e+00 3.268676391363207312e+00 2.980232238769531250e-02
4.634965284950676612e+00 3.192045244008570926e+00 2.980232238769531250e-02
4.684823536717123815e+00 3.186462213539373867e+00 2.980232238769531250e-02
4.735220518702936587e+00 3.103700868008905989e+00 2.980232238769531250e-02
4.785263605082985983e+00 3.075981888024263977e+00 2.980232238769531250e-02
4.835259232697663556e+00 3.049939120129482539e+00 2.980232238769531250e-02
4.885376870001424621e+00 2.953080670231312599e+00 2.980232238769531250e-02
4.935301902824286380e+00 2.967885810211579933e+00 2.980232238769531250e-02
4.985473083840958886e+00 2.906473946446562984e+00 2.980232238769531250e-02
5.035412558343983491e+00 2.854022434123576701e+00 2.980232238769531250e-02
5.085460294222076350e+00 2.822626651866183334e+00 2.980232238769531250e-02
5.135289803448600310e+00 2.787798336165155710e+00 2.980232238769531250e-02
5.185032520573041204e+00 2.736080353050901248e+00 2.980232238769531250e-02
5.234850251783559116e+00 2.709421713323463266e+00 2.980232238769531250e-02
5.284974752151396338e+00 2.641290710809402142e+00 2.980232238769531250e-02
5.335255304675732724e+00 2.610841390187155220e+00 2.980232238769531250e-02
5.385226941869014183e+00 2.595617368773982303e+00 2.980232238769531250e-02
5.435093414465236528e+00 2.539070800967302866e+00 2.980232238769531250e-02
5.485028900036975408e+00 2.523483564804306578e+00 2.980232238769531250e-02
5.535369898797608990e+00 2.473008556753440335e+00 2.980232238769531250e-02
5.585317464617740590e+00 2.425444903691658549e+00 2.980232238769531250e-02
5.634959412056486094e+00 2.404776834250768491e+00 2.980232238769531250e-02
5.685029758810561162e+00 2.357099309836152567e+00 2.980232238769531250e-02
5.734808126101578196e+00 2.338826922254165108e+00 2.980232238769531250e-02
5.785204671217075933e+00 2.284663353499629679e+00 2.980232238769531250e-02
5.835595383591638097e+00 2.268392555202418670e+00 2.980232238769531250e-02
5.885099705458816111e+00 2.223134334597776984e+00 2.980232238769531250e-02
5.934848410668140950e+00 2.208424013132454622e+00 2.980232238769531250e-02
5.985196547442282800e+00 2.183467506677269743e+00 2.980232238769531250e-02
6.035486174940983162e+00 2.122453619175663331e+00 2.980232238769531250e-02
6.085325279241985186e+00 2.111502988534869285e+00 2.980232238769531250e-02
6.135085486579567871e+00 2.081613492597689685e+00 2.980232238769531250e-02
6.184888436502457232e+00 2.044115535976023690e+00 2.980232238769531250e-02
6.235029371165762058e+00 2.032861431970689914e+00 2.980232238769531250e-02
6.285013590301256947e+00 2.011501107901203067e+00 2.980232238769531250e-02
6.334991409707096288e+00 1.979626446684188412e+00 2.980232238769531250e-02
6.385041519748988925e+00 1.952334534020463197e+00 2.980232238769531250e-02
6.434975721315313812e+00 1.924335695079802733e+00 2.980232238769531250e-02
6.485280363044087615e+00 1.905462086820798540e+00 2.980232238769531250e-02
6.535416874783217978e+00 1.878194983196249668e+00 2.980232238769531250e-02
6.585380878873609234e+00 1.856276463740781590e+00 2.980232238769531250e-02
6.635104421514804507e+00 1.831404105494820467e+00 2.980232238769531250e-02
6.684781936645507905e+00 1.778813019775660198e+00 2.980232238769531250e-02
6.735145019191668858e+00 1.775240761064479145e+00 2.980232238769531250e-02
6.785484310639345651e+00 1.754861621905387192e+00 2.980232238769531250e-02
6.835069983673240479e+00 1.748274357579969518e+00 2.980232238769531250e-02
6.884859417295578154e+00 1.723957021944781731e+00 2.980232238769531250e-02
6.935355612194037178e+00 1.702181501537364472e+00 2.980232238769531250e-02
6.985394515797676895e+00 1.671111475068289387e+00 2.980232238769531250e-02
7.034922173494991604e+00 1.637727477024192968e+00 2.980232238769531250e-02
7.084541644025414087e+00 1.620241629930937455e+00 2.980232238769531250e-02
7.134492388478031799e+00 1.618676306220009353e+00 2.980232238769531250e-02
7.184836085760269775e+00 1.605064668112841764e+00 2.980232238769531250e-02
7.235281431471350722e+00 1.575014067988240063e+00 2.980232238769531250e-02
7.285158542839955231e+00 1.570084049360550127e+00 2.980232238769531250e-02
7.334994866462388963e+00 1.549714116806925723e+00 2.980232238769531250e-02
7.385036014789000625e+00 1.529983716262451221e+00 2.980232238769531250e-02
7.435042277965444590e+00 1.508211359151139241e+00 2.980232238769531250e-02
7.485223592156194705e+00 1.492446969267866796e+00 2.980232238769531250e-02
7.535266472986156039e+00 1.479157776482361131e+00 2.980232238769531250e-02
7.585148990618067799e+00 1.465066646933122163e+00 2.980232238769531250e-02
7.635267236183615580e+00 1.444754165891976028e+00 2.980232238769531250e-02
7.685330414506132080e+00 1.418709055127034047e+00 2.980232238769531250e-02
7.735344685230187700e+00 1.412376163149739128e+00 2.980232238769531250e-02
7.785330483772995969e+00 1.393197438797350252e+00 2.980232238769531250e-02
7.834761832474934629e+00 1.382142811218829870e+00 2.980232238769531250e-02
7.884484420735616617e+00 1.362112035076253891e+00 2.980232238769531250e-02
7.934886275689092550e+00 1.352092898132036813e+00 2.980232238769531250e-02
7.985027633925892765e+00 1.325131297616528592e+00 2.980232238769531250e-02
8.034964647769141877e+00 1.320898974429070227e+00 2.980232238769531250e-02
8.085037081011565263e+00 1.306388767228407799e+00 2.980232238769531250e-02
8.135210740574738253e+00 1.293619052167464867e+00 2.980232238769531250e-02
8.185171412298620552e+00 1.281844361785932529e+00 2.980232238769531250e-02
8.234851685324960258e+00 1.258868085694991645e+00 2.980232238769531250e-02
8.284952683584384303e+00 1.253355475468493685e+00 2.980232238769531250e-02
8.335101055446942908e+00 1.236099661806971728e+00 2.980232238769531250e-02
8.385121635699965381e+00 1.223236086036022963e+00 2.980232238769531250e-02
8.435202770999854494e+00 1.206934527641722710e+00 2.980232238769531250e-02
8.485152015979231521e+00 1.193857607615049554e+00 2.980232238769531250e-02
8.534970558995501833e+00 1.180684585839083311e+00 2.980232238769531250e-02
8.584943353041420977e+00 1.163342674303979418e+00 2.980232238769531250e-02
8.635099409501286516e+00 1.151625410544667272e+00 2.980232238769531250e-02
8.685126877716973226e+00 1.141102446898041523e+00 2.980232238769531250e-02
8.735139517930596398e+00 1.129381779942723707e+00 2.980232238769531250e-02
8.785167076524256657e+00 1.124202554113655772e+00 2.980232238769531250e-02
8.834939158351296840e+00 1.113452841778979963e+00 2.980232238769531250e-02
8.884964740422104157e+00 1.097087931365162916e+00 2.980232238769531250e-02
8.935124000705533476e+00 1.090014909939835519e+00 2.980232238769531250e-02
8.985127489085840580e+00 1.079918809254852174e+00 2.980232238769531250e-02
9.035265046452737536e+00 1.076009221975005037e+00 2.980232238769531250e-02
9.085196565938222335e+00 1.067644875804889537e+00 2.980232238769531250e-02
9.134926709958008928e+00 1.044954826573962103e+00 2.980232238769531250e-02
9.185157474150241086e+00 1.043049770385588326e+00 2.980232238769531250e-02
9.235291320298310680e+00 1.028249952455218441e+00 2.980232238769531250e-02
9.285092122152331484e+00 1.024432986228803966e+00 2.980232238769531250e-02
9.334907817633720128e+00 1.006820150863858565e+00 2.980232238769531250e-02
9.384925913340945058e+00 9.986784419630807541e-01 2.980232238769531250e-02
9.435005700254814442e+00 9.939767521714806264e-01 2.980232238769531250e-02
9.484846973764282652e+00 9.736774354503232587e-01 2.980232238769531250e-02
9.535053339925784854e+00 9.692200009174148922e-01 2.980232238769531250e-02
9.585148484630341414e+00 9.541748532417932971e-01 2.980232238769531250e-02
9.635175604414920159e+00 9.540978906294812489e-01 2.980232238769531250e-02
9.685272388073006056e+00 9.412434818612306353e-01 2.980232238769531250e-02
9.735267651789188292e+00 9.394847183462985418e-01 2.980232238769531250e-02
9.785106718646577662e+00 9.231264846762361476e-01 2.980232238769531250e-02
9.835036654763204211e+00 9.188546723856823029e-01 2.980232238769531250e-02
9.885080117034645397e+00 9.075820546650079645e-01 2.980232238769531250e-02
9.935053116209049406e+00 8.943792145438280716e-01 2.980232238769531250e-02
9.985047954935728498e+00 8.879755240388628179e-01 2.980232238769531250e-02
1.003493641968782235e+01 8.817052240914323713e-01 2.980232238769531250e-02
1.008496760761574507e+01 8.754695142396901053e-01 2.980232238769531250e-02
1.013505517142033696e+01 8.666854966936584637e-01 2.980232238769531250e-02
1.018499348439089580e+01 8.614603075556783729e-01 2.980232238769531250e-02
1.023485181331652605e+01 8.566192627501707513e-01 2.980232238769531250e-02
1.028490076264209918e+01 8.396619037166777044e-01 2.980232238769531250e-02
1.033508016021523979e+01 8.341536990684921271e-01 2.980232238769531250e-02
1.038503814993866037e+01 8.310577680900714803e-01 2.980232238769531250e-02
1.043506092056377987e+01 8.208155191629460390e-01 2.980232238769531250e-02
1.048500648683518222e+01 8.057041731384929628e-01 2.980232238769531250e-02
1.053492467464587357e+01 7.989287649402826430e-01 2.980232238769531250e-02
1.058493633210190055e+01 7.937187391315906337e-01 2.980232238769531250e-02
1.063496141493038571e+01 7.837216468514328627e-01 2.980232238769531250e-02
1.068510956159988190e+01 7.818416283990680116e-01 2.980232238769531250e-02
1.073519324482465542e+01 7.683112310075752571e-01 2.980232238769531250e-02
1.078499374610442985e+01 7.661709282689406209e-01 2.980232238769531250e-02
1.083498852684137681e+01 7.591824987199994323e-01 2.980232238769531250e-02
1.088532717033764108e+01 7.547693157656947260e-01 2.980232238769531250e-02
1.093533967140946928e+01 7.436189904577685805e-01 2.980232238769531250e-02
1.098516814213459369e+01 7.401480872681018841e-01 2.980232238769531250e-02
1.103487009664334018e+01 7.354895621658043003e-01 2.980232238769531250e-02
1.108482779519205685e+01 7.274984993314957959e-01 2.980232238769531250e-02
1.113497951311520850e+01 7.186097529195089040e-01 2.980232238769531250e-02
1.118504655472112930e+01 7.133707911883822028e-01 2.980232238769531250e-02
1.123510664327012165e+01 7.051025330862052964e-01 2.980232238769531250e-02
1.128492672628014759e+01 6.977692891451194868e-01 2.980232238769531250e-02
1.133483676091637449e+01 6.933004436394369918e-01 2.980232238769531250e-02
1.138496869555097213e+01 6.905906701230015710e-01 2.980232238769531250e-02
1.143488632814817052e+01 6.848051797802984231e-01 2.980232238769531250e-02
1.148507158105109838e+01 6.803981222511753524e-01 2.980232238769531250e-02
1.153512077344084652e+01 6.733899261029496763e-01 2.980232238769531250e-02
1.158496874923152120e+01 6.691398913353744371e-01 2.980232238769531250e-02
1.163503447483404862e+01 6.597252865300545777e-01 2.980232238769531250e-02
1.168514574175370413e+01 6.553726913865286496e-01 2.980232238769531250e-02
1.173520144267176768e+01 6.524075856795672479e-01 2.980232238769531250e-02
1.178499978579660024e+01 6.482959358430756547e-01 2.980232238769531250e-02
1.183489361131316109e+01 6.405436650845667268e-01 2.980232238769531250e-02
1.188508688648073353e+01 6.365764685394197375e-01 2.980232238769531250e-02
1.193507368630230303e+01 6.364896678157502263e-01 2.980232238769531250e-02
1.198501534283204073e+01 6.291564213093917557e-01 2.980232238769531250e-02
1.203499287021151787e+01 6.230874171546919582e-01 2.980232238769531250e-02
1.208500207354710376e+01 6.159249783069252748e-01 2.980232238769531250e-02
1.213511755040241447e+01 6.149453459693623447e-01 2.980232238769531250e-02
1.218508185768859775e+01 6.114839782269154700e-01 2.980232238769531250e-02
1.223499578229461093e+01 6.075321139894989120e-01 2.980232238769531250e-02
1.228482496548857839e+01 5.986264371365909165e-01 2.980232238769531250e-02
1.233472258167685354e+01 5.925865156063939709e-01 2.980232238769531250e-02
1.238495919658963373e+01 5.887517087793490145e-01 2.980232238769531250e-02
1.243501623080759977e+01 5.840274926307886805e-01 2.980232238769531250e-02
1.248498520461935968e+01 5.793355301079765596e-01 2.980232238769531250e-02
1.253491772764473389e+01 5.728148876235271691e-01 2.980232238769531250e-02
1.258505667599542477e+01 5.731566550054955078e-01 2.980232238769531250e-02
1.263533194845266294e+01 5.634052744891764331e-01 2.980232238769531250e-02
1.268509781067005449e+01 5.602332942455662268e-01 2.980232238769531250e-02
1.273496424556897288e+01 5.556211828895798455e-01 2.980232238769531250e-02
1.278509996901004975e+01 5.493698165140399325e-01 2.980232238769531250e-02
1.283513809744099454e+01 5.473221764238578313e-01 2.980232238769531250e-02
1.288513662977390872e+01 5.418276013960500181e-01 2.980232238769531250e-02
1.293516775797505858e+01 5.387536772959788944e-01 2.980232238769531250e-02
1.298508564746807004e+01 5.318474115325735330e-01 2.980232238769531250e-02
1.303485050444322191e+01 5.307292260953087037e-01 2.980232238769531250e-02
1.308477248822843464e+01 5.254208321944833227e-01 2.980232238769531250e-02
1.313495048384857000e+01 5.232187574585490664e-01 2.980232238769531250e-02
1.318508214353928665e+01 5.194517024664306870e-01 2.980232238769531250e-02
1.323498058186023130e+01 5.145170344713723143e-01 2.980232238769531250e-02
1.328501693617584500e+01 5.103442095432221270e-01 2.980232238769531250e-02
1.333523870267546485e+01 5.073346534443402556e-01 2.980232238769531250e-02
1.338517858123485915e+01 5.054327498393645923e-01 2.980232238769531250e-02
1.343509981213488302e+01 4.996892335806091268e-01 2.980232238769531250e-02
1.348497851692220806e+01 4.964838471930672625e-01 2.980232238769531250e-02
1.353502032703213587e+01 4.923769967597827479e-01 2.980232238769531250e-02
1.358510348967521608e+01 4.883326867813370109e-01 2.980232238769531250e-02
1.363504968078970769e+01 4.853980157522910233e-01 2.980232238769531250e-02
1.368512606201380066e+01 4.809791847830944267e-01 2.980232238769531250e-02
1.373499467664954388e+01 4.802011095653414552e-01 2.980232238769531250e-02
1.378492307579496234e+01 4.742339726820947732e-01 2.980232238769531250e-02
1.383507424762243687e+01 4.706595028093432109e-01 2.980232238769531250e-02
1.388511084066553458e+01 4.676094783978905767e-01 2.980232238769531250e-02
1.393507568847607203e+01 4.624437765262545130e-01 2.980232238769531250e-02
1.398506445617934446e+01 4.604981501338998862e-01 2.980232238769531250e-02
1.403502933207308878e+01 4.579708894534749719e-01 2.980232238769531250e-02
1.408509116651932658e+01 4.542296564084390420e-01 2.980232238769531250e-02
1.413501876932126322e+01 4.532455798162710048e-01 2.980232238769531250e-02
1.418492186532934873e+01 4.489920017203941627e-01 2.980232238769531250e-02
1.423490351986086466e+01 4.447703487515778376e-01 2.980232238769531250e-02
1.428504941701871722e+01 4.406717622238830456e-01 2.980232238769531250e-02
1.433512393770669036e+01 4.373289504291326124e-01 2.980232238769531250e-02
1.438498778231173958e+01 4.352801847214903819e-01 2.980232238769531250e-02
1.443505469180176348e+01 4.325741678485899855e-01 2.980232238769531250e-02
1.448509396921661008e+01 4.304777418784216381e-01 2.980232238769531250e-02
1.453500725043747011e+01 4.263254253899201318e-01 2.980232238769531250e-02
1.458506203599850082e+01 4.241139531492785220e-01 2.980232238769531250e-02
1.463510945522735618e+01 4.203727644939606600e-01 2.980232238769531250e-02
1.468518338522024536e+01 4.176347427715841332e-01 2.980232238769531250e-02
1.473511674948366057e+01 4.166884671969673382e-01 2.980232238769531250e-02
1.478499469255191379e+01 4.118949246990975532e-01 2.980232238769531250e-02
1.483519165114115879e+01 4.092022954719834460e-01 2.980232238769531250e-02
1.488517752652281168e+01 4.056734828852034958e-01 2.980232238769531250e-02
1.493491330480827983e+01 4.038223724124454517e-01 2.980232238769531250e-02
1.498495676551141820e+01 4.007607672349461914e-01 2.980232238769531250e-02
1.503511884068045923e+01 3.966422922288692643e-01 2.980232238769531250e-02
1.508508315088700869e+01 3.952946114327937077e-01 2.980232238769531250e-02
1.513503556379768966e+01 3.929066943554500035e-01 2.980232238769531250e-02
1.518499676732287540e+01 3.902530850261882178e-01 2.980232238769531250e-02
1.523508436290063095e+01 3.879697592343597234e-01 2.980232238769531250e-02
1.528522781999686053e+01 3.845339780232640559e-01 2.980232238769531250e-02
1.533502167931889559e+01 3.822706558554998524e-01 2.980232238769531250e-02
1.538498481261066075e+01 3.801684145921698232e-01 2.980232238769531250e-02
1.543513611943905417e+01 3.782269427461957823e-01 2.980232238769531250e-02
1.548505834224075706e+01 3.741385365315176292e-01 2.980232238769531250e-02
1.553504763409418921e+01 3.722824270454557771e-01 2.980232238769531250e-02
1.558510724608531106e+01 3.701994311859458930e-01 2.980232238769531250e-02
1.563520755254619132e+01 3.662655211818889867e-01 2.980232238769531250e-02
1.568514954075441636e+01 3.646374858652400852e-01 2.980232238769531250e-02
1.573497001906558346e+01 3.615942547790193529e-01 2.980232238769531250e-02
1.578501951482137855e+01 3.587188468304075006e-01 2.980232238769531250e-02
1.583505996699327234e+01 3.573540274658133509e-01 2.980232238769531250e-02
1.588504732433563937e+01 3.543628613742939026e-01 2.980232238769531250e-02
1.593492601146461141e+01 3.516888020686440575e-01 2.980232238769531250e-02
1.598497954552474276e+01 3.492933761163182216e-01 2.980232238769531250e-02
1.603519544557364185e+01 3.458196302727946647e-01 2.980232238769531250e-02
1.608505934770346002e+01 3.448255456116312012e-01 2.980232238769531250e-02
1.613492369455208220e+01 3.414967060473153571e-01 2.980232238769531250e-02
1.618487545351322154e+01 3.393764691111093579e-01 2.980232238769531250e-02
1.623491462415037034e+01 3.376092889588383494e-01 2.980232238769531250e-02
1.628502566686339392e+01 3.365713740821992261e-01 2.980232238769531250e-02
1.633514483849683430e+01 3.342930164009137450e-01 2.980232238769531250e-02
1.638505554887958837e+01 3.324051789461567874e-01 2.980232238769531250e-02
1.643503370695393073e+01 3.298443453972458861e-01 2.980232238769531250e-02
1.648511919866944808e+01 3.269558762970309340e-01 2.980232238769531250e-02
1.653520949175244326e+01 3.257343797077983938e-01 2.980232238769531250e-02
1.658506906510178069e+01 3.229580485906464182e-01 2.980232238769531250e-02
1.663488141241765206e+01 3.226953763658719221e-01 2.980232238769531250e-02
1.668486705482716204e+01 3.187543003748777304e-01 2.980232238769531250e-02
1.673492103191636104e+01 3.175588113789365452e-01 2.980232238769531250e-02
1.678500937030894846e+01 3.149557661172698309e-01 2.980232238769531250e-02
1.683496483388560350e+01 3.139256825559554320e-01 2.980232238769531250e-02
1.688490029853898733e+01 3.116682483342442800e-01 2.980232238769531250e-02
1.693486900501934400e+01 3.092698840516986403e-01 2.980232238769531250e-02
1.698500806291582776e+01 3.078186397019471165e-01 2.980232238769531250e-02
1.703516048416506479e+01 3.068404244944024639e-01 2.980232238769531250e-02
1.708509007434781068e+01 3.048766728499090473e-01 2.980232238769531250e-02
1.713498442939637201e+01 3.020874781229908601e-01 2.980232238769531250e-02
1.718492428173238196e+01 2.990086857646822582e-01 2.980232238769531250e-02
1.723486141856428233e+01 2.980709411546782484e-01 2.980232238769531250e-02
1.728495617542862206e+01 2.954691763494625145e-01 2.980232238769531250e-02
1.733506984443393506e+01 2.947278419870502097e-01 2.980232238769531250e-02
1.738497568670722160e+01 2.926698828948583464e-01 2.980232238769531250e-02
1.743490614939463157e+01 2.907287935408379154e-01 2.980232238769531250e-02
1.748496913497200467e+01 2.889888778430066418e-01 2.980232238769531250e-02
1.753507445822357624e+01 2.879573610488154189e-01 2.980232238769531250e-02
1.758513482966695562e+01 2.847130749476417533e-01 2.980232238769531250e-02
1.763511755933055269e+01 2.836322572738721459e-01 2.980232238769531250e-02
1.768508466776422239e+01 2.827474013875470593e-01 2.980232238769531250e-02
1.773505073952180311e+01 2.811438224527626484e-01 2.980232238769531250e-02
1.778508782630178686e+01 2.787964428539649320e-01 2.980232238769531250e-02
1.783504284633070824e+01 2.776026255905795770e-01 2.980232238769531250e-02
1.788499742965798589e+01 2.757658092173306263e-01 2.980232238769531250e-02
1.793498972719416429e+01 2.749110090705223497e-01 2.980232238769531250e-02
1.798499848428144787e+01 2.726994734184722824e-01 2.980232238769531250e-02
1.803510953377203663e+01 2.709402088277536036e-01 2.980232238769531250e-02
1.808516677532512062e+01 2.692919853041476630e-01 2.980232238769531250e-02
1.813507550829074688e+01 2.681399642722817611e-01 2.980232238769531250e-02
1.818496845642778936e+01 2.665168039994662563e-01 2.980232238769531250e-02
1.823497139660265276e+01 2.647129312476096952e-01 2.980232238769531250e-02
1.828507879191377228e+01 2.633232773779913272e-01 2.980232238769531250e-02
1.833510418824468857e+01 2.614791401463277820e-01 2.980232238769531250e-02
1.838506948334563873e+01 2.606464030989534830e-01 2.980232238769531250e-02
1.843507536407004466e+01 2.586391775995256492e-01 2.980232238769531250e-02
1.848504942076525737e+01 2.568850290717338836e-01 2.980232238769531250e-02
1.853507441616272544e+01 2.558000288840556191e-01 2.980232238769531250e-02
1.858511879045116899e+01 2.542695785867057912e-01 2.980232238769531250e-02
1.863495525648787421e+01 2.522103177504204097e-01 2.980232238769531250e-02
1.868488130392274016e+01 2.505969348612570036e-01 2.980232238769531250e-02
1.873504875184114482e+01 2.501346356274606886e-01 2.980232238769531250e-02
1.878514388429111648e+01 2.479673719492183626e-01 2.980232238769531250e-02
1.883511007463363995e+01 2.469232259065622381e-01 2.980232238769531250e-02
1.888497244834255895e+01 2.460721586670546746e-01 2.980232238769531250e-02
1.893485641817745346e+01 2.442456527634535579e-01 2.980232238769531250e-02
1.898490619453832551e+01 2.421887766940779563e-01 2.980232238769531250e-02
1.903488786107232045e+01 2.414277693916492273e-01 2.980232238769531250e-02
1.908487881142723097e+01 2.393019623626420622e-01 2.980232238769531250e-02
1.913492348207432414e+01 2.385168200669774419e-01 2.980232238769531250e-02
1.918501168728120021e+01 2.376816703324861058e-01 2.980232238769531250e-02
1.923514124826581906e+01 2.363353068756186004e-01 2.980232238769531250e-02
1.928506748334755017e+01 2.337787274785007585e-01 2.980232238769531250e-02
1.933495430610808086e+01 2.342758130844040942e-01 2.980232238769531250e-02
1.938494634755015866e+01 2.324279777260779833e-01 2.980232238769531250e-02
1.943493914899500297e+01 2.306326898195353858e-01 2.980232238769531250e-02
1.948497893127760250e+01 2.296331369635236652e-01 2.980232238769531250e-02
1.953503482368078537e+01 2.283305920380619414e-01 2.980232238769531250e-02
1.958498207675637559e+01 2.274271005162945558e-01 2.980232238769531250e-02
1.963504343592175871e+01 2.256187389878006599e-01 2.980232238769531250e-02
1.968503863116305297e+01 2.238010362492231509e-01 2.980232238769531250e-02
1.973506536610938156e+01 2.235909933359901403e-01 2.980232238769531250e-02
1.978512121103143784e+01 2.217352720895927054e-01 2.980232238769531250e-02
1.983496687045177964e+01 2.211686449433462598e-01 2.980232238769531250e-02
1.988498280723141320e+01 2.195007702244434478e-01 2.980232238769531250e-02
1.993508900434436626e+01 2.187419531109238147e-01 2.980232238769531250e-02
1.998508408833317418e+01 2.173670160235708082e-01 2.980232238769531250e-02
2.003507324128244704e+01 2.160306472030112390e-01 2.980232238769531250e-02
2.008505399653831702e+01 2.149676147079510602e-01 2.980232238769531250e-02
2.013499669309325313e+01 2.140725171265532023e-01 2.980232238769531250e-02
2.018502569446345518e+01 2.125766953580133511e-01 2.980232238769531250e-02
2.023503536485620202e+01 2.114502996929021050e-01 2.980232238769531250e-02
2.028511407188591065e+01 2.106873842109694972e-01 2.980232238769531250e-02
2.033506684544470744e+01 2.093517478098578244e-01 2.980232238769531250e-02
2.038493053717687786e+01 2.086535687572246278e-01 2.980232238769531250e-02
2.043503656635626342e+01 2.067130328881873758e-01 2.980232238769531250e-02
2.048515681613748640e+01 2.058900441822386629e-01 2.980232238769531250e-02
2.053512184950790243e+01 2.047560344951478706e-01 2.980232238769531250e-02
2.058506579015766036e+01 2.040903220019356368e-01 2.980232238769531250e-02
2.063503949539584070e+01 2.025877635109408492e-01 2.980232238769531250e-02
2.068496726901411620e+01 2.023736762632134811e-01 2.980232238769531250e-02
2.073499283942112825e+01 2.004415785851261511e-01 2.980232238769531250e-02
2.078510852351926275e+01 1.994462892804449439e-01 2.980232238769531250e-02
2.083507144762231178e+01 1.982293329673738003e-01 2.980232238769531250e-02
2.088503448202894930e+01 1.975431445894587634e-01 2.980232238769531250e-02
2.093502569401122670e+01 1.963105195562207250e-01 2.980232238769531250e-02
2.098501092220254804e+01 1.952910254443458449e-01 2.980232238769531250e-02
2.103489933635630749e+01 1.944991822201198595e-01 2.980232238769531250e-02
2.108484379460264790e+01 1.939089940539612533e-01 2.980232238769531250e-02
2.113497050350854778e+01 1.922500274605506432e-01 2.980232238769531250e-02
2.118501489664703996e+01 1.912258512956083734e-01 2.980232238769531250e-02
2.123500322597652001e+01 1.899959550747763182e-01 2.980232238769531250e-02
2.128496140673073000e+01 1.892030644073875723e-01 2.980232238769531250e-02
2.133497759989855780e+01 1.887508658065205069e-01 2.980232238769531250e-02
2.138501427804164834e+01 1.878173550191269137e-01 2.980232238769531250e-02
2.143512307678850348e+01 1.864983077619491725e-01 2.980232238769531250e-02
2.148520101455627085e+01 1.855599654902881923e-01 2.980232238769531250e-02
2.153506198237843705e+01 1.847408893028368582e-01 2.980232238769531250e-02
2.158501725909731306e+01 1.832850266473453060e-01 2.980232238769531250e-02
2.163513192522731643e+01 1.825279148857472666e-01 2.980232238769531250e-02
2.168511393406111054e+01 1.822660519606157103e-01 2.980232238769531250e-02
2.173504372356545389e+01 1.810045358983230490e-01 2.980232238769531250e-02
2.178497281075374303e+01 1.796538959176103012e-01 2.980232238769531250e-02
2.183494731131466438e+01 1.790312606570642340e-01 2.980232238769531250e-02
2.188500823254057082e+01 1.782235452527970720e-01 2.980232238769531250e-02
2.193509886117685070e+01 1.775982634861911214e-01 2.980232238769531250e-02
2.198516119020909798e+01 1.762796148668384077e-01 2.980232238769531250e-02
2.203505025422927233e+01 1.755595361640494290e-01 2.980232238769531250e-02
2.208496894321325854e+01 1.743191903037053792e-01 2.980232238769531250e-02
2.213503419908408887e+01 1.741558809583586553e-01 2.980232238769531250e-02
2.218516000856649484e+01 1.732308944792169958e-01 2.980232238769531250e-02
2.223516154100823528e+01 1.719311917848669047e-01 2.980232238769531250e-02
2.228504923601680332e+01 1.714409463207385576e-01 2.980232238769531250e-02
2.233504290137151926e+01 1.702137927501373715e-01 2.980232238769531250e-02
2.238504178238817488e+01 1.692522951203214721e-01 2.980232238769531250e-02
2.243506292974217686e+01 1.688266701824783222e-01 2.980232238769531250e-02
2.248498010803980307e+01 1.676501753153054053e-01 2.980232238769531250e-02
2.253497408768199151e+01 1.669952093917520808e-01 2.980232238769531250e-02
2.258504576314178891e+01 1.661119888567627323e-01 2.980232238769531250e-02
2.263501755529657089e+01 1.649814318153384474e-01 2.980232238769531250e-02
2.268497133650677711e+01 1.641534845018736977e-01 2.980232238769531250e-02
2.273496946975517119e+01 1.633845749740586717e-01 2.980232238769531250e-02
2.278495606365159531e+01 1.628947416651830016e-01 2.980232238769531250e-02
2.283504517344439222e+01 1.621911371974467941e-01 2.980232238769531250e-02
2.288515384815983467e+01 1.612867807169988121e-01 2.980232238769531250e-02
2.293513970257658485e+01 1.606419376502526142e-01 2.980232238769531250e-02
2.298499895949208849e+01 1.594492967224980517e-01 2.980232238769531250e-02
2.303494368627049482e+01 1.585844476077195586e-01 2.980232238769531250e-02
2.308506613449876355e+01 1.579696243429471181e-01 2.980232238769531250e-02
2.313508392148495574e+01 1.570114210281568778e-01 2.980232238769531250e-02
2.318502453278797404e+01 1.565237183585073133e-01 2.980232238769531250e-02
2.323497485065410117e+01 1.558196300409227242e-01 2.980232238769531250e-02
2.328497090944668102e+01 1.547797044164974101e-01 2.980232238769531250e-02
2.333499385253491454e+01 1.545975865302953445e-01 2.980232238769531250e-02
2.338498727106783193e+01 1.532201498177087062e-01 2.980232238769531250e-02
2.343501191119998239e+01 1.530289175931310031e-01 2.980232238769531250e-02
2.348496544655622387e+01 1.521858039851496369e-01 2.980232238769531250e-02
2.353495792677599496e+01 1.510575819370274797e-01 2.980232238769531250e-02
2.358500365650586872e+01 1.503298288295830676e-01 2.980232238769531250e-02
2.363496159683297293e+01 1.494420238803982615e-01 2.980232238769531250e-02
2.368501138596607802e+01 1.489383047245418368e-01 2.980232238769531250e-02
2.373498470094738977e+01 1.485065741182117760e-01 2.980232238769531250e-02
2.378496214819288213e+01 1.477733835124361572e-01 2.980232238769531250e-02
2.383497596387970674e+01 1.469587305214550832e-01 2.980232238769531250e-02
2.388498789192226113e+01 1.461848830964478096e-01 2.980232238769531250e-02
2.393503375318008253e+01 1.458360262074125391e-01 2.980232238769531250e-02
2.398501935373159100e+01 1.450961357128019991e-01 2.980232238769531250e-02
2.403496569110036774e+01 1.442862969948578156e-01 2.980232238769531250e-02
2.408498673386322153e+01 1.436171860794676902e-01 2.980232238769531250e-02
2.413506042996912626e+01 1.426871006267146635e-01 2.980232238769531250e-02
2.418502307876385871e+01 1.421060734452151697e-01 2.980232238769531250e-02
2.423492163595081550e+01 1.414475749398587667e-01 2.980232238769531250e-02
2.428490428825202585e+01 1.408996702811498858e-01 2.980232238769531250e-02
2.433496680196650530e+01 1.402604266912203523e-01 2.980232238769531250e-02
2.438512209170648148e+01 1.394720259074084812e-01 2.980232238769531250e-02
2.443514839901259350e+01 1.385788844141448151e-01 2.980232238769531250e-02
2.448509052949892961e+01 1.382871694524721862e-01 2.980232238769531250e-02
2.453509143701500861e+01 1.376443445547725353e-01 2.980232238769531250e-02
2.458502365090511788e+01 1.368873314705872368e-01 2.980232238769531250e-02
2.463504153640463201e+01 1.363941485058302039e-01 2.980232238769531250e-02
2.468508194249478649e+01 1.356189670604359687e-01 2.980232238769531250e-02
2.473503958790242407e+01 1.350733963566138063e-01 2.980232238769531250e-02
2.478500304505123708e+01 1.343461347785972482e-01 2.980232238769531250e-02
2.483507100557675784e+01 1.336420537033169986e-01 2.980232238769531250e-02
2.488511954357796441e+01 1.334273852874973409e-01 2.980232238769531250e-02
2.493506250080584152e+01 1.326992062808228789e-01 2.980232238769531250e-02
2.498502129798272975e+01 1.321702709222328243e-01 2.980232238769531250e-02
2.503501437401748220e+01 1.312580419305878765e-01 2.980232238769531250e-02
2.508506646650047855e+01 1.304467074768833612e-01 2.980232238769531250e-02
2.513508907173123674e+01 1.303960735655737002e-01 2.980232238769531250e-02
2.518507998159773820e+01 1.291673683163629682e-01 2.980232238769531250e-02
2.523505185786540750e+01 1.288431778353966162e-01 2.980232238769531250e-02
2.528493522995301390e+01 1.282684907455301226e-01 2.980232238769531250e-02
2.533497298671538545e+01 1.276548216786562440e-01 2.980232238769531250e-02
2.538502983866438711e+01 1.269603120134914775e-01 2.980232238769531250e-02
2.543495840570060551e+01 1.264917321475198808e-01 2.980232238769531250e-02
2.548490619549177083e+01 1.263550937004540853e-01 2.980232238769531250e-02
2.553504240236605227e+01 1.255740359643064130e-01 2.980232238769531250e-02
2.558513992818135208e+01 1.248691793187893251e-01 2.980232238769531250e-02
2.563511225024596385e+01 1.246051324446980357e-01 2.980232238769531250e-02
2.568502585376510083e+01 1.234517113567169255e-01 2.980232238769531250e-02
2.573498204820310065e+01 1.232929156544063931e-01 2.980232238769531250e-02
2.578500790559889566e+01 1.228130173254110002e-01 2.980232238769531250e-02
2.583497123978640531e+01 1.225611714940600672e-01 2.980232238769531250e-02
2.588498768970100627e+01 1.216248020688168452e-01 2.980232238769531250e-02
2.593504047435509818e+01 1.212234412508002568e-01 2.980232238769531250e-02
2.598492966214148936e+01 1.206226432110886482e-01 2.980232238769531250e-02
2.603490575269462681e+01 1.200563209684572252e-01 2.980232238769531250e-02
2.608498537799486172e+01 1.194347679902600656e-01 2.980232238769531250e-02
2.613498443791063153e+01 1.190539216878467865e-01 2.980232238769531250e-02
2.618506832819802099e+01 1.184533399935585873e-01 2.980232238769531250e-02
2.623502416925955671e+01 1.178818656987706270e-01 2.980232238769531250e-02
2.628500242861670344e+01 1.172623083078877526e-01 2.980232238769531250e-02
2.633505458811568190e+01 1.168167107816378281e-01 2.980232238769531250e-02
2.638505163208250437e+01 1.161010441546537764e-01 2.980232238769531250e-02
2.643507388196501040e+01 1.156904989657102090e-01 2.980232238769531250e-02
2.648507376463455287e+01 1.150516865307150416e-01 2.980232238769531250e-02
2.653501897948297028e+01 1.146862548865174858e-01 2.980232238769531250e-02
2.658500608304605706e+01 1.140476080299883122e-01 2.980232238769531250e-02
2.663500634603502704e+01 1.137093367653398412e-01 2.980232238769531250e-02
2.668499674593755699e+01 1.133293174450145380e-01 2.980232238769531250e-02
2.673507012876124023e+01 1.126793358932409728e-01 2.980232238769531250e-02
2.678510131184463461e+01 1.121965523552802824e-01 2.980232238769531250e-02
2.683506136577998191e+01 1.116021153049554238e-01 2.980232238769531250e-02
2.688505297879097711e+01 1.111532367889076778e-01 2.980232238769531250e-02
2.693504435016774679e+01 1.106339801036556048e-01 2.980232238769531250e-02
2.698504814319771228e+01 1.101155227630957190e-01 2.980232238769531250e-02
2.703494373337554890e+01 1.097202301232443611e-01 2.980232238769531250e-02
2.708497938352233092e+01 1.095507893849011205e-01 2.980232238769531250e-02
2.713508632778151508e+01 1.086516058657184813e-01 2.980232238769531250e-02
2.718506074587872945e+01 1.083903860735564717e-01 2.980232238769531250e-02
2.723503231188058749e+01 1.079136026022881334e-01 2.980232238769531250e-02
2.728504324376617163e+01 1.072251789178679249e-01 2.980232238769531250e-02
2.733507363034057747e+01 1.067331624246168342e-01 2.980232238769531250e-02
2.738505164772542599e+01 1.063128781031092152e-01 2.980232238769531250e-02
2.743504695427340678e+01 1.056332228742342116e-01 2.980232238769531250e-02
2.748503541076832590e+01 1.053131469938434206e-01 2.980232238769531250e-02
2.753504854886516995e+01 1.050428202020420587e-01 2.980232238769531250e-02
2.758506909532711049e+01 1.046284103731167647e-01 2.980232238769531250e-02
2.763503959560177492e+01 1.042730760137826340e-01 2.980232238769531250e-02
2.768493112797089140e+01 1.037164136445038742e-01 2.980232238769531250e-02
2.773486671198879705e+01 1.033267365702562335e-01 2.980232238769531250e-02
2.778493406100407626e+01 1.027225513778964594e-01 2.980232238769531250e-02
2.783494474738006019e+01 1.022354784011636208e-01 2.980232238769531250e-02
2.788491097421039200e+01 1.017765215642786880e-01 2.980232238769531250e-02
2.793491799818713872e+01 1.014414358629293078e-01 2.980232238769531250e-02
2.798497835561302693e+01 1.007464827018039188e-01 2.980232238769531250e-02
2.803500194300229609e+01 1.005288011313339169e-01 2.980232238769531250e-02
2.808497359419805051e+01 1.000435905875436127e-01 2.980232238769531250e-02
2.813500712900244238e+01 9.960381321740666150e-02 2.980232238769531250e-02
2.818498298316923822e+01 9.904709589424695593e-02 2.980232238769531250e-02
2.823501278705563422e+01 9.891241534513689482e-02 2.980232238769531250e-02
2.828508221076129558e+01 9.833222887868464657e-02 2.980232238769531250e-02
2.833502532700387277e+01 9.786545043544894740e-02 2.980232238769531250e-02
2.838497482624182666e+01 9.756689460887443821e-02 2.980232238769531250e-02
2.843501034830992680e+01 9.683074632213142796e-02 2.980232238769531250e-02
2.848502647862418868e+01 9.669537305160050278e-02 2.980232238769531250e-02
2.853508393835680224e+01 9.621325896701102276e-02 2.980232238769531250e-02
2.858501657709735255e+01 9.596098391798160709e-02 2.980232238769531250e-02
2.863498054340625742e+01 9.557173115644815309e-02 2.980232238769531250e-02
2.868501636720259995e+01 9.519782766252951611e-02 2.980232238769531250e-02
2.873503316835737564e+01 9.482342088742883035e-02 2.980232238769531250e-02
2.878503498814174577e+01 9.434220696525086325e-02 2.980232238769531250e-02
2.883499190836502279e+01 9.414813928448893809e-02 2.980232238769531250e-02
2.888498631502357483e+01 9.371332855471023460e-02 2.980232238769531250e-02
2.893495000626588265e+01 9.296462176759189011e-02 2.980232238769531250e-02
2.898500036432614380e+01 9.283791294774550173e-02 2.980232238769531250e-02
2.903509861546637438e+01 9.231630887997203938e-02 2.980232238769531250e-02
2.908509207483089298e+01 9.187769609944071436e-02 2.980232238769531250e-02
2.913504495481950229e+01 9.145917795689301188e-02 2.980232238769531250e-02
2.918500836395550735e+01 9.147851285236713315e-02 2.980232238769531250e-02
2.923495718662698550e+01 9.080778818771899352e-02 2.980232238769531250e-02
2.928496207259495421e+01 9.058136902259231182e-02 2.980232238769531250e-02
2.933507426259881257e+01 9.010947333942224968e-02 2.980232238769531250e-02
2.938508181516578688e+01 8.969773254323491762e-02 2.980232238769531250e-02
2.943498225301185300e+01 8.924696756890605764e-02 2.980232238769531250e-02
2.948499858116320738e+01 8.881962858455925980e-02 2.980232238769531250e-02
2.953503956580185985e+01 8.868927371256557501e-02 2.980232238769531250e-02
2.958499896666411288e+01 8.830453850420358353e-02 2.980232238769531250e-02
2.963499333290878823e+01 8.787800983232721408e-02 2.980232238769531250e-02
2.968503373938486689e+01 8.731623032733287770e-02 2.980232238769531250e-02
2.973501494685912405e+01 8.705037963239381504e-02 2.980232238769531250e-02
2.978501452515847703e+01 8.678542799042265887e-02 2.980232238769531250e-02
2.983502715796966243e+01 8.644768704205547938e-02 2.980232238769531250e-02
2.988500919213149487e+01 8.609297976068952529e-02 2.980232238769531250e-02
2.993496485179967692e+01 8.586707300743059990e-02 2.980232238769531250e-02
2.998492561128389156e+01 8.537128241123255468e-02 2.980232238769531250e-02
3.003499817560929586e+01 8.520718527733471548e-02 2.980232238769531250e-02
3.008502556456793897e+01 8.480374324570089106e-02 2.980232238769531250e-02
3.013494008816754999e+01 8.445319456588978868e-02 2.980232238769531250e-02
3.018492673547769911e+01 8.410600198124613958e-02 2.980232238769531250e-02
3.023500315153119189e+01 8.385442413997772071e-02 2.980232238769531250e-02
3.028498131448523623e+01 8.343015720002718016e-02 2.980232238769531250e-02
3.033495417861680465e+01 8.311795060306240157e-02 2.980232238769531250e-02
3.038498345260273936e+01 8.278365718104171989e-02 2.980232238769531250e-02
3.043498939861261121e+01 8.252519629150449620e-02 2.980232238769531250e-02
3.048502194613474714e+01 8.205968254229675796e-02 2.980232238769531250e-02
3.053502301362196647e+01 8.164381060444141081e-02 2.980232238769531250e-02
3.058495949956653348e+01 8.161582801861967662e-02 2.980232238769531250e-02
3.063489983455229648e+01 8.106338451950886870e-02 2.980232238769531250e-02
3.068497696715034095e+01 8.074390489623313460e-02 2.980232238769531250e-02
3.073509074860540480e+01 8.049909351888343001e-02 2.980232238769531250e-02
3.078509960315929206e+01 8.025455237014039733e-02 2.980232238769531250e-02
3.083509925779301497e+01 7.992081641022776017e-02 2.980232238769531250e-02
3.088502185481159401e+01 7.962408963934518302e-02 2.980232238769531250e-02
3.093497026923844118e+01 7.918901181840880266e-02 2.980232238769531250e-02
3.098500837521540419e+01 7.905283476170411883e-02 2.980232238769531250e-02
3.103503142039876295e+01 7.867669164174707908e-02 2.980232238769531250e-02
3.108506759362598970e+01 7.847739914189560961e-02 2.980232238769531250e-02
3.113503374503685350e+01 7.815225090952818143e-02 2.980232238769531250e-02
3.118500365593765977e+01 7.788525471253317234e-02 2.980232238769531250e-02
3.123500974421094156e+01 7.741279286487549871e-02 2.980232238769531250e-02
3.128501507026141226e+01 7.731214403972860860e-02 2.980232238769531250e-02
3.133507249490528324e+01 7.689977343751303041e-02 2.980232238769531250e-02
3.138502440591334519e+01 7.672885306715575282e-02 2.980232238769531250e-02
3.143504823904290646e+01 7.634312495736875204e-02 2.980232238769531250e-02
3.148510614177524758e+01 7.605479547470284096e-02 2.980232238769531250e-02
3.153501675197719933e+01 7.593106545412661723e-02 2.980232238769531250e-02
3.158501348571202527e+01 7.549899817073142672e-02 2.980232238769531250e-02
3.163508986356812969e+01 7.544013011833748672e-02 2.980232238769531250e-02
3.168511752018606131e+01 7.522793632354815574e-02 2.980232238769531250e-02
3.173514170463571205e+01 7.481088086399344250e-02 2.980232238769531250e-02
3.178509011011270502e+01 7.451662658460860011e-02 2.980232238769531250e-02
3.183500843705502703e+01 7.443953183881947544e-02 2.980232238769531250e-02
3.188501666940159751e+01 7.408128417858761416e-02 2.980232238769531250e-02
3.193503202990384793e+01 7.372677442222851096e-02 2.980232238769531250e-02
3.198506613067839410e+01 7.359224644852763175e-02 2.980232238769531250e-02
3.203505890021113345e+01 7.329873864551597618e-02 2.980232238769531250e-02
3.208493732419461963e+01 7.296683360907660343e-02 2.980232238769531250e-02
3.213495366395236630e+01 7.285099265618717734e-02 2.980232238769531250e-02
