nan nan 2.980232238769531250e-02
8.899641323548096450e-02 1.336981315466073966e+03 2.980232238769531250e-02
1.448080953624513445e-01 5.176855116243715429e+02 2.980232238769531250e-02
1.950822866625256113e-01 3.288752758026122933e+02 2.980232238769531250e-02
2.418344986082902603e-01 2.587870703455227499e+02 2.980232238769531250e-02
2.844150324662526597e-01 2.059305492401122990e+02 2.980232238769531250e-02
3.311492092627331685e-01 1.586968629736649348e+02 2.980232238769531250e-02
3.854527006682739732e-01 1.112646647152835300e+02 2.980232238769531250e-02
4.379760757023590800e-01 8.477039043143325614e+01 2.980232238769531250e-02
4.845354905265206735e-01 6.637107833397431023e+01 2.980232238769531250e-02
5.331869425000370644e-01 5.411221097997717067e+01 2.980232238769531250e-02
5.864416905016403003e-01 4.175362058100932927e+01 2.980232238769531250e-02
6.393143479449987510e-01 4.046344850464443965e+01 2.980232238769531250e-02
6.875509482501400704e-01 3.028471914400272880e+01 2.980232238769531250e-02
7.360532472319636366e-01 2.748501095332152744e+01 2.980232238769531250e-02
7.867697342078286971e-01 2.294667494148387377e+01 2.980232238769531250e-02
8.376194660778666368e-01 2.000810715432386644e+01 2.980232238769531250e-02
8.876896880604894235e-01 1.706652540603869994e+01 2.980232238769531250e-02
9.363402658038668669e-01 1.603754857630511665e+01 2.980232238769531250e-02
9.849243849049101884e-01 1.429483184908798599e+01 2.980232238769531250e-02
1.033922473950819487e+00 1.286739819844563826e+01 2.980232238769531250e-02
1.083968788523273830e+00 1.131501395735453741e+01 2.980232238769531250e-02
1.133915541218776246e+00 1.004550973287796012e+01 2.980232238769531250e-02
1.183819436428001248e+00 8.504835512128961383e+00 2.980232238769531250e-02
1.235159589274556602e+00 8.389916286209588847e+00 2.980232238769531250e-02
1.285686788879907949e+00 7.661879994319035880e+00 2.980232238769531250e-02
1.335577748586906033e+00 6.633693225215500533e+00 2.980232238769531250e-02
1.385007992768898966e+00 6.178756371522561075e+00 2.980232238769531250e-02
1.434761006508366910e+00 5.607342118226607219e+00 2.980232238769531250e-02
1.483809371322070803e+00 5.116533690933506406e+00 2.980232238769531250e-02
1.534060792161507925e+00 4.714038353924281388e+00 2.980232238769531250e-02
1.585002278264664888e+00 4.371489270226838642e+00 2.980232238769531250e-02
1.635527410472897403e+00 4.011254332288563873e+00 2.980232238769531250e-02
1.685676391865528423e+00 3.689299151760593976e+00 2.980232238769531250e-02
1.734789433360194755e+00 3.508628513215546363e+00 2.980232238769531250e-02
1.784875565396764951e+00 3.385749399574493168e+00 2.980232238769531250e-02
1.835586570008190588e+00 3.019206857073486461e+00 2.980232238769531250e-02
1.885448157908552691e+00 2.791412366877841222e+00 2.980232238769531250e-02
1.935207439362316428e+00 2.728662514002822004e+00 2.980232238769531250e-02
1.985052992803765015e+00 2.488692317579942248e+00 2.980232238769531250e-02
2.035079590713408937e+00 2.362637267430263588e+00 2.980232238769531250e-02
2.085261259228671005e+00 2.152010123428147015e+00 2.980232238769531250e-02
2.135521812674741060e+00 2.065006827495083908e+00 2.980232238769531250e-02
2.185539865877868859e+00 1.939086975837678306e+00 2.980232238769531250e-02
2.234928417494250752e+00 1.827485862107688375e+00 2.980232238769531250e-02
2.285020483940173541e+00 1.723014431305869953e+00 2.980232238769531250e-02
2.335227126917563290e+00 1.646398182587293979e+00 2.980232238769531250e-02
2.385597458206195398e+00 1.563309663893208912e+00 2.980232238769531250e-02
2.435604585857625182e+00 1.467498342501440511e+00 2.980232238769531250e-02
2.485423401501763330e+00 1.357316979550042824e+00 2.980232238769531250e-02
2.535218303430096576e+00 1.331817154094062872e+00 2.980232238769531250e-02
2.585301717955153844e+00 1.251994229706553163e+00 2.980232238769531250e-02
2.635310621692829258e+00 1.200796530538174922e+00 2.980232238769531250e-02
2.684883533713459336e+00 1.129573340848968099e+00 2.980232238769531250e-02
2.734760511342632316e+00 1.085466966735955996e+00 2.980232238769531250e-02
2.784962555331770062e+00 1.038099058096419558e+00 2.980232238769531250e-02
2.835387565949985422e+00 9.987396462922579765e-01 2.980232238769531250e-02
2.885384254562536110e+00 9.627450574176924514e-01 2.980232238769531250e-02
2.935452697317705084e+00 9.029016980661328517e-01 2.980232238769531250e-02
2.985584946861008060e+00 8.573263815020867318e-01 2.980232238769531250e-02
3.035281973877222761e+00 8.451248966237770999e-01 2.980232238769531250e-02
3.084822103129104764e+00 8.165184785990083904e-01 2.980232238769531250e-02
3.135015350087773989e+00 7.728537553275129923e-01 2.980232238769531250e-02
3.185847982026314362e+00 7.509494177098937628e-01 2.980232238769531250e-02
3.235464408484991061e+00 7.168003191199086022e-01 2.980232238769531250e-02
3.285149658618915502e+00 6.870035785347540225e-01 2.980232238769531250e-02
3.335370615645364634e+00 6.595115229588569550e-01 2.980232238769531250e-02
3.385209898508314996e+00 6.392968620908184851e-01 2.980232238769531250e-02
3.434934112077638879e+00 6.007979578576515545e-01 2.980232238769531250e-02
3.484151880424383396e+00 5.882366523314058737e-01 2.980232238769531250e-02
3.534737654629889203e+00 5.722990469631705768e-01 2.980232238769531250e-02
3.585624261789238432e+00 5.517222212182003593e-01 2.980232238769531250e-02
3.635262333854326844e+00 5.236306836543135335e-01 2.980232238769531250e-02
3.685039256951247122e+00 4.987793917870730898e-01 2.980232238769531250e-02
3.735233298459508244e+00 4.904229959878285694e-01 2.980232238769531250e-02
3.785147580586893934e+00 4.791577238521139703e-01 2.980232238769531250e-02
3.835695018070195861e+00 4.617149365992327392e-01 2.980232238769531250e-02
3.885539873192506377e+00 4.329366988406307404e-01 2.980232238769531250e-02
3.934696648644303352e+00 4.241613120617968025e-01 2.980232238769531250e-02
3.985162965584265304e+00 4.226315279772681621e-01 2.980232238769531250e-02
4.035471487646510091e+00 4.045806116136784203e-01 2.980232238769531250e-02
4.085372705036187213e+00 3.884535466221707978e-01 2.980232238769531250e-02
4.135141121895999028e+00 3.776867859411478512e-01 2.980232238769531250e-02
4.184482326706712385e+00 3.645223325272729520e-01 2.980232238769531250e-02
4.234523823648805418e+00 3.572160586056044029e-01 2.980232238769531250e-02
4.284609124085813292e+00 3.412172932235896239e-01 2.980232238769531250e-02
4.334887301479964705e+00 3.309340185417773417e-01 2.980232238769531250e-02
4.385302499000811594e+00 3.244868801074865527e-01 2.980232238769531250e-02
4.435186196473425824e+00 3.161152305021546760e-01 2.980232238769531250e-02
4.485197364325797409e+00 3.089166256214571082e-01 2.980232238769531250e-02
4.535537527983671602e+00 3.015405700522308940e-01 2.980232238769531250e-02
4.585513271404134450e+00 2.906161070477119024e-01 2.980232238769531250e-02
4.634965284950676612e+00 2.788501725654476404e-01 2.980232238769531250e-02
4.684823536717123815e+00 2.735972311036189986e-01 2.980232238769531250e-02
4.735220518702936587e+00 2.730641923760498968e-01 2.980232238769531250e-02
4.785263605082985983e+00 2.600412239142341209e-01 2.980232238769531250e-02
4.835259232697663556e+00 2.521392416310745954e-01 2.980232238769531250e-02
4.885376870001424621e+00 2.516298699327558230e-01 2.980232238769531250e-02
4.935301902824286380e+00 2.408602609314904330e-01 2.980232238769531250e-02
4.985473083840958886e+00 2.360442279691642997e-01 2.980232238769531250e-02
5.035412558343983491e+00 2.232886751735090880e-01 2.980232238769531250e-02
5.085460294222076350e+00 2.227366748836105415e-01 2.980232238769531250e-02
5.135289803448600310e+00 2.154943757067452337e-01 2.980232238769531250e-02
5.185032520573041204e+00 2.102513885498046853e-01 2.980232238769531250e-02
5.234850251783559116e+00 2.076658903760885966e-01 2.980232238769531250e-02
5.284974752151396338e+00 2.016875459290950745e-01 2.980232238769531250e-02
5.335255304675732724e+00 1.969062880077927791e-01 2.980232238769531250e-02
5.385226941869014183e+00 1.929904971553000892e-01 2.980232238769531250e-02
5.435093414465236528e+00 1.887081399501544798e-01 2.980232238769531250e-02
5.485028900036975408e+00 1.871837969919131761e-01 2.980232238769531250e-02
5.535369898797608990e+00 1.782542300931722057e-01 2.980232238769531250e-02
5.585317464617740590e+00 1.784693244589386774e-01 2.980232238769531250e-02
5.634959412056486094e+00 1.686832485336690890e-01 2.980232238769531250e-02
5.685029758810561162e+00 1.662908322925656102e-01 2.980232238769531250e-02
5.734808126101578196e+00 1.636026582398684703e-01 2.980232238769531250e-02
5.785204671217075933e+00 1.615986418443451089e-01 2.980232238769531250e-02
5.835595383591638097e+00 1.568848907141338345e-01 2.980232238769531250e-02
5.885099705458816111e+00 1.534208269139306635e-01 2.980232238769531250e-02
5.934848410668140950e+00 1.491381881461222580e-01 2.980232238769531250e-02
5.985196547442282800e+00 1.475068724551635291e-01 2.980232238769531250e-02
6.035486174940983162e+00 1.441093959904499178e-01 2.980232238769531250e-02
6.085325279241985186e+00 1.412494325929727068e-01 2.980232238769531250e-02
6.135085486579567871e+00 1.356109319679709990e-01 2.980232238769531250e-02
6.184888436502457232e+00 1.332599435674923782e-01 2.980232238769531250e-02
6.235029371165762058e+00 1.317283915529651461e-01 2.980232238769531250e-02
6.285013590301256947e+00 1.284304742769020458e-01 2.980232238769531250e-02
6.334991409707096288e+00 1.279327589783679497e-01 2.980232238769531250e-02
6.385041519748988925e+00 1.220099427031088590e-01 2.980232238769531250e-02
6.434975721315313812e+00 1.213336433556237159e-01 2.980232238769531250e-02
6.485280363044087615e+00 1.213186753290243780e-01 2.980232238769531250e-02
6.535416874783217978e+00 1.165241948182416942e-01 2.980232238769531250e-02
6.585380878873609234e+00 1.149881763325185102e-01 2.980232238769531250e-02
6.635104421514804507e+00 1.111250633165329349e-01 2.980232238769531250e-02
6.684781936645507905e+00 1.108911792679338482e-01 2.980232238769531250e-02
6.735145019191668858e+00 1.093183357759316132e-01 2.980232238769531250e-02
6.785484310639345651e+00 1.058295146709631596e-01 2.980232238769531250e-02
6.835069983673240479e+00 1.034787734208778009e-01 2.980232238769531250e-02
6.884859417295578154e+00 1.012334326765624015e-01 2.980232238769531250e-02
6.935355612194037178e+00 1.008012441601450204e-01 2.980232238769531250e-02
6.985394515797676895e+00 9.883901083841586943e-02 2.980232238769531250e-02
7.034922173494991604e+00 9.674786585299829933e-02 2.980232238769531250e-02
7.084541644025414087e+00 9.254597189771489318e-02 2.980232238769531250e-02
7.134492388478031799e+00 9.206276289610176855e-02 2.980232238769531250e-02
7.184836085760269775e+00 9.107807553940236445e-02 2.980232238769531250e-02
7.235281431471350722e+00 8.955769126517180989e-02 2.980232238769531250e-02
7.285158542839955231e+00 8.826202333759060326e-02 2.980232238769531250e-02
7.334994866462388963e+00 8.476591608568405378e-02 2.980232238769531250e-02
7.385036014789000625e+00 8.375766716405221024e-02 2.980232238769531250e-02
7.435042277965444590e+00 8.397615556784503166e-02 2.980232238769531250e-02
7.485223592156194705e+00 8.154572616940355956e-02 2.980232238769531250e-02
7.535266472986156039e+00 7.912734958212054581e-02 2.980232238769531250e-02
7.585148990618067799e+00 7.756422921488198563e-02 2.980232238769531250e-02
7.635267236183615580e+00 7.681465488101343886e-02 2.980232238769531250e-02
7.685330414506132080e+00 7.635814463856591128e-02 2.980232238769531250e-02
7.735344685230187700e+00 7.425270731280275704e-02 2.980232238769531250e-02
7.785330483772995969e+00 7.253199411490875159e-02 2.980232238769531250e-02
7.834761832474934629e+00 7.150528765275977749e-02 2.980232238769531250e-02
7.884484420735616617e+00 7.102088105495817094e-02 2.980232238769531250e-02
7.934886275689092550e+00 6.906338855630678175e-02 2.980232238769531250e-02
7.985027633925892765e+00 6.887427546087536434e-02 2.980232238769531250e-02
8.034964647769141877e+00 6.719440931710703169e-02 2.980232238769531250e-02
8.085037081011565263e+00 6.705111354914551625e-02 2.980232238769531250e-02
8.135210740574738253e+00 6.572755833961785310e-02 2.980232238769531250e-02
8.185171412298620552e+00 6.410458765098239753e-02 2.980232238769531250e-02
8.234851685324960258e+00 6.287798185735318790e-02 2.980232238769531250e-02
8.284952683584384303e+00 6.332635796234349634e-02 2.980232238769531250e-02
8.335101055446942908e+00 6.105249098998391521e-02 2.980232238769531250e-02
8.385121635699965381e+00 6.151144698598813576e-02 2.980232238769531250e-02
8.435202770999854494e+00 5.957400432624825048e-02 2.980232238769531250e-02
8.485152015979231521e+00 5.842541102226900263e-02 2.980232238769531250e-02
8.534970558995501833e+00 5.752901228029579095e-02 2.980232238769531250e-02
8.584943353041420977e+00 5.568637969828379997e-02 2.980232238769531250e-02
8.635099409501286516e+00 5.566635651088809589e-02 2.980232238769531250e-02
8.685126877716973226e+00 5.524541804529456424e-02 2.980232238769531250e-02
8.735139517930596398e+00 5.472725902765064598e-02 2.980232238769531250e-02
8.785167076524256657e+00 5.352027998576223966e-02 2.980232238769531250e-02
8.834939158351296840e+00 5.137663342681615675e-02 2.980232238769531250e-02
8.884964740422104157e+00 5.237287325488844403e-02 2.980232238769531250e-02
8.935124000705533476e+00 5.081001410547122954e-02 2.980232238769531250e-02
8.985127489085840580e+00 5.061963142452276243e-02 2.980232238769531250e-02
9.035265046452737536e+00 4.970006415438633918e-02 2.980232238769531250e-02
9.085196565938222335e+00 4.861187852422339806e-02 2.980232238769531250e-02
9.134926709958008928e+00 4.808635357477189509e-02 2.980232238769531250e-02
9.185157474150241086e+00 4.811818758390376538e-02 2.980232238769531250e-02
9.235291320298310680e+00 4.678013157728025395e-02 2.980232238769531250e-02
9.285092122152331484e+00 4.607640025583659149e-02 2.980232238769531250e-02
9.334907817633720128e+00 4.483726458633545409e-02 2.980232238769531250e-02
9.384925913340945058e+00 4.485703762879907075e-02 2.980232238769531250e-02
9.435005700254814442e+00 4.408682591316094579e-02 2.980232238769531250e-02
9.484846973764282652e+00 4.364269908926825259e-02 2.980232238769531250e-02
9.535053339925784854e+00 4.235688443422008786e-02 2.980232238769531250e-02
9.585148484630341414e+00 4.205625087958858588e-02 2.980232238769531250e-02
9.635175604414920159e+00 4.223053784842953351e-02 2.980232238769531250e-02
9.685272388073006056e+00 4.128666666714234101e-02 2.980232238769531250e-02
9.735267651789188292e+00 4.007144379631054354e-02 2.980232238769531250e-02
9.785106718646577662e+00 3.920343537233524078e-02 2.980232238769531250e-02
9.835036654763204211e+00 3.918724913391835596e-02 2.980232238769531250e-02
9.885080117034645397e+00 3.894632181445693841e-02 2.980232238769531250e-02
9.935053116209049406e+00 3.915237442648197841e-02 2.980232238769531250e-02
9.985047954935728498e+00 3.764394112536219306e-02 2.980232238769531250e-02
1.003493641968782235e+01 3.712245209873780982e-02 2.980232238769531250e-02
1.008496760761574507e+01 3.730529104832583376e-02 2.980232238769531250e-02
1.013505517142033696e+01 3.688158223200592445e-02 2.980232238769531250e-02
1.018499348439089580e+01 3.590374187854379617e-02 2.980232238769531250e-02
1.023485181331652605e+01 3.538518506286136844e-02 2.980232238769531250e-02
1.028490076264209918e+01 3.475680062795692693e-02 2.980232238769531250e-02
1.033508016021523979e+01 3.436186600508277234e-02 2.980232238769531250e-02
1.038503814993866037e+01 3.420477836996403675e-02 2.980232238769531250e-02
1.043506092056377987e+01 3.391890355252431821e-02 2.980232238769531250e-02
1.048500648683518222e+01 3.292753347925490848e-02 2.980232238769531250e-02
1.053492467464587357e+01 3.248165999046240954e-02 2.980232238769531250e-02
1.058493633210190055e+01 3.284874874011707580e-02 2.980232238769531250e-02
1.063496141493038571e+01 3.153591659418669702e-02 2.980232238769531250e-02
1.068510956159988190e+01 3.099509817930201638e-02 2.980232238769531250e-02
1.073519324482465542e+01 3.117274546302626487e-02 2.980232238769531250e-02
1.078499374610442985e+01 3.081061267649384816e-02 2.980232238769531250e-02
1.083498852684137681e+01 3.039475062588799237e-02 2.980232238769531250e-02
1.088532717033764108e+01 2.984386786363921878e-02 2.980232238769531250e-02
1.093533967140946928e+01 2.939079191740513741e-02 2.980232238769531250e-02
1.098516814213459369e+01 2.890051939424175681e-02 2.980232238769531250e-02
1.103487009664334018e+01 2.902707140453304052e-02 2.980232238769531250e-02
1.108482779519205685e+01 2.882342621748985173e-02 2.980232238769531250e-02
1.113497951311520850e+01 2.872278243323211910e-02 2.980232238769531250e-02
1.118504655472112930e+01 2.773111650829934022e-02 2.980232238769531250e-02
1.123510664327012165e+01 2.788016334287154313e-02 2.980232238769531250e-02
1.128492672628014759e+01 2.748472579390279225e-02 2.980232238769531250e-02
1.133483676091637449e+01 2.723493472595162751e-02 2.980232238769531250e-02
1.138496869555097213e+01 2.682180278881000218e-02 2.980232238769531250e-02
1.143488632814817052e+01 2.659738217577990727e-02 2.980232238769531250e-02
1.148507158105109838e+01 2.596573260037264574e-02 2.980232238769531250e-02
1.153512077344084652e+01 2.556296884496951638e-02 2.980232238769531250e-02
1.158496874923152120e+01 2.579157273472187928e-02 2.980232238769531250e-02
1.163503447483404862e+01 2.501678367976849227e-02 2.980232238769531250e-02
1.168514574175370413e+01 2.485420138401892715e-02 2.980232238769531250e-02
1.173520144267176768e+01 2.441131628145862958e-02 2.980232238769531250e-02
1.178499978579660024e+01 2.409211785792430421e-02 2.980232238769531250e-02
1.183489361131316109e+01 2.374694918297685919e-02 2.980232238769531250e-02
1.188508688648073353e+01 2.399927334513604626e-02 2.980232238769531250e-02
1.193507368630230303e+01 2.336944694101805720e-02 2.980232238769531250e-02
1.198501534283204073e+01 2.306482786236366961e-02 2.980232238769531250e-02
1.203499287021151787e+01 2.286827705857805149e-02 2.980232238769531250e-02
1.208500207354710376e+01 2.274074690637693102e-02 2.980232238769531250e-02
1.213511755040241447e+01 2.219634094633343019e-02 2.980232238769531250e-02
1.218508185768859775e+01 2.218519007739576387e-02 2.980232238769531250e-02
1.223499578229461093e+01 2.179950483953765200e-02 2.980232238769531250e-02
1.228482496548857839e+01 2.158493996621294042e-02 2.980232238769531250e-02
1.233472258167685354e+01 2.145069854753544475e-02 2.980232238769531250e-02
1.238495919658963373e+01 2.114723156163490075e-02 2.980232238769531250e-02
1.243501623080759977e+01 2.050534489649505354e-02 2.980232238769531250e-02
1.248498520461935968e+01 2.050359749856221075e-02 2.980232238769531250e-02
1.253491772764473389e+01 2.032026701582206885e-02 2.980232238769531250e-02
1.258505667599542477e+01 2.015381259061004016e-02 2.980232238769531250e-02
1.263533194845266294e+01 1.966173401727921294e-02 2.980232238769531250e-02
1.268509781067005449e+01 1.962578938945560431e-02 2.980232238769531250e-02
1.273496424556897288e+01 1.917400619241207277e-02 2.980232238769531250e-02
1.278509996901004975e+01 1.936997665406890723e-02 2.980232238769531250e-02
1.283513809744099454e+01 1.928030299194743308e-02 2.980232238769531250e-02
1.288513662977390872e+01 1.897314980880491359e-02 2.980232238769531250e-02
1.293516775797505858e+01 1.873480767056526913e-02 2.980232238769531250e-02
1.298508564746807004e+01 1.830745478152600442e-02 2.980232238769531250e-02
1.303485050444322191e+01 1.856137073958720463e-02 2.980232238769531250e-02
1.308477248822843464e+01 1.818025449466073584e-02 2.980232238769531250e-02
1.313495048384857000e+01 1.812895159387863109e-02 2.980232238769531250e-02
1.318508214353928665e+01 1.725623330343255268e-02 2.980232238769531250e-02
1.323498058186023130e+01 1.749036571511482230e-02 2.980232238769531250e-02
1.328501693617584500e+01 1.738834303136326670e-02 2.980232238769531250e-02
1.333523870267546485e+01 1.720478464023739162e-02 2.980232238769531250e-02
1.338517858123485915e+01 1.697454264461679269e-02 2.980232238769531250e-02
1.343509981213488302e+01 1.647874726257662209e-02 2.980232238769531250e-02
1.348497851692220806e+01 1.668248693341480016e-02 2.980232238769531250e-02
1.353502032703213587e+01 1.682657526250470881e-02 2.980232238769531250e-02
1.358510348967521608e+01 1.650844140799417187e-02 2.980232238769531250e-02
1.363504968078970769e+01 1.640260331899712903e-02 2.980232238769531250e-02
1.368512606201380066e+01 1.609299091473016807e-02 2.980232238769531250e-02
1.373499467664954388e+01 1.581223985260355597e-02 2.980232238769531250e-02
1.378492307579496234e+01 1.551408058086911623e-02 2.980232238769531250e-02
1.383507424762243687e+01 1.574852711574281638e-02 2.980232238769531250e-02
1.388511084066553458e+01 1.543228988416531222e-02 2.980232238769531250e-02
1.393507568847607203e+01 1.528993912362278801e-02 2.980232238769531250e-02
1.398506445617934446e+01 1.505083373742577973e-02 2.980232238769531250e-02
1.403502933207308878e+01 1.523252316192993255e-02 2.980232238769531250e-02
1.408509116651932658e+01 1.502019666931361797e-02 2.980232238769531250e-02
1.413501876932126322e+01 1.449578650027635862e-02 2.980232238769531250e-02
1.418492186532934873e+01 1.450163574024136703e-02 2.980232238769531250e-02
1.423490351986086466e+01 1.423381040189341390e-02 2.980232238769531250e-02
1.428504941701871722e+01 1.417272797976418947e-02 2.980232238769531250e-02
1.433512393770669036e+01 1.395236321090235349e-02 2.980232238769531250e-02
1.438498778231173958e+01 1.407127575485102311e-02 2.980232238769531250e-02
1.443505469180176348e+01 1.389328363386000548e-02 2.980232238769531250e-02
1.448509396921661008e+01 1.377118957987861353e-02 2.980232238769531250e-02
1.453500725043747011e+01 1.366453693480049886e-02 2.980232238769531250e-02
1.458506203599850082e+01 1.337839858264502912e-02 2.980232238769531250e-02
1.463510945522735618e+01 1.338554630448376276e-02 2.980232238769531250e-02
1.468518338522024536e+01 1.299721081204137374e-02 2.980232238769531250e-02
1.473511674948366057e+01 1.303835078901557920e-02 2.980232238769531250e-02
1.478499469255191379e+01 1.305413954587275605e-02 2.980232238769531250e-02
1.483519165114115879e+01 1.271229993329042046e-02 2.980232238769531250e-02
1.488517752652281168e+01 1.258789061104394202e-02 2.980232238769531250e-02
1.493491330480827983e+01 1.255849903529125677e-02 2.980232238769531250e-02
1.498495676551141820e+01 1.227314248608176589e-02 2.980232238769531250e-02
1.503511884068045923e+01 1.239549708759025287e-02 2.980232238769531250e-02
1.508508315088700869e+01 1.218842296790750152e-02 2.980232238769531250e-02
1.513503556379768966e+01 1.215844302985766290e-02 2.980232238769531250e-02
1.518499676732287540e+01 1.195249535947699726e-02 2.980232238769531250e-02
1.523508436290063095e+01 1.185604294048106522e-02 2.980232238769531250e-02
1.528522781999686053e+01 1.184588189349754933e-02 2.980232238769531250e-02
1.533502167931889559e+01 1.186254903204417982e-02 2.980232238769531250e-02
1.538498481261066075e+01 1.147460590781680667e-02 2.980232238769531250e-02
1.543513611943905417e+01 1.140974812146085260e-02 2.980232238769531250e-02
1.548505834224075706e+01 1.150557287500286741e-02 2.980232238769531250e-02
1.553504763409418921e+01 1.140843809982746565e-02 2.980232238769531250e-02
1.558510724608531106e+01 1.118507945272583654e-02 2.980232238769531250e-02
1.563520755254619132e+01 1.114587651224215048e-02 2.980232238769531250e-02
1.568514954075441636e+01 1.078030700231386724e-02 2.980232238769531250e-02
1.573497001906558346e+01 1.074654466608464254e-02 2.980232238769531250e-02
1.578501951482137855e+01 1.086792261661841813e-02 2.980232238769531250e-02
1.583505996699327234e+01 1.060905801841908330e-02 2.980232238769531250e-02
1.588504732433563937e+01 1.051674815934357937e-02 2.980232238769531250e-02
1.593492601146461141e+01 1.016749332625218466e-02 2.980232238769531250e-02
1.598497954552474276e+01 1.042998570596126440e-02 2.980232238769531250e-02
1.603519544557364185e+01 1.038115076049987706e-02 2.980232238769531250e-02
1.608505934770346002e+01 1.014022136412229963e-02 2.980232238769531250e-02
1.613492369455208220e+01 9.915006441123246084e-03 2.980232238769531250e-02
1.618487545351322154e+01 9.723115483784100510e-03 2.980232238769531250e-02
1.623491462415037034e+01 1.005784847449559677e-02 2.980232238769531250e-02
1.628502566686339392e+01 9.743092784513622540e-03 2.980232238769531250e-02
1.633514483849683430e+01 9.559677171185256006e-03 2.980232238769531250e-02
1.638505554887958837e+01 9.402267869141230083e-03 2.980232238769531250e-02
1.643503370695393073e+01 9.511099960900035177e-03 2.980232238769531250e-02
1.648511919866944808e+01 9.321300843907545652e-03 2.980232238769531250e-02
1.653520949175244326e+01 9.418893730069301251e-03 2.980232238769531250e-02
1.658506906510178069e+01 9.089369434691643712e-03 2.980232238769531250e-02
1.663488141241765206e+01 9.100249114873386336e-03 2.980232238769531250e-02
1.668486705482716204e+01 9.132634783283001545e-03 2.980232238769531250e-02
1.673492103191636104e+01 8.971768316377339014e-03 2.980232238769531250e-02
1.678500937030894846e+01 8.968561382871526044e-03 2.980232238769531250e-02
1.683496483388560350e+01 9.000273727209656682e-03 2.980232238769531250e-02
1.688490029853898733e+01 8.783722410875043074e-03 2.980232238769531250e-02
1.693486900501934400e+01 8.612568710789539339e-03 2.980232238769531250e-02
1.698500806291582776e+01 8.472905450750169154e-03 2.980232238769531250e-02
1.703516048416506479e+01 8.508577647325835103e-03 2.980232238769531250e-02
1.708509007434781068e+01 8.378416254140250152e-03 2.980232238769531250e-02
1.713498442939637201e+01 8.431187489519251232e-03 2.980232238769531250e-02
1.718492428173238196e+01 8.372819385510384127e-03 2.980232238769531250e-02
1.723486141856428233e+01 8.336197947487584969e-03 2.980232238769531250e-02
1.728495617542862206e+01 8.156167019558138720e-03 2.980232238769531250e-02
1.733506984443393506e+01 8.193984331606736504e-03 2.980232238769531250e-02
1.738497568670722160e+01 7.917423705798544431e-03 2.980232238769531250e-02
1.743490614939463157e+01 8.036669088472066236e-03 2.980232238769531250e-02
1.748496913497200467e+01 8.044825240255237819e-03 2.980232238769531250e-02
1.753507445822357624e+01 7.950884937749792825e-03 2.980232238769531250e-02
1.758513482966695562e+01 7.717915247729419115e-03 2.980232238769531250e-02
1.763511755933055269e+01 7.646369494160309976e-03 2.980232238769531250e-02
1.768508466776422239e+01 7.587062461444686601e-03 2.980232238769531250e-02
1.773505073952180311e+01 7.647536360945984824e-03 2.980232238769531250e-02
1.778508782630178686e+01 7.517006209535943839e-03 2.980232238769531250e-02
1.783504284633070824e+01 7.468127314468477052e-03 2.980232238769531250e-02
1.788499742965798589e+01 7.439536863932297295e-03 2.980232238769531250e-02
1.793498972719416429e+01 7.465006413835566235e-03 2.980232238769531250e-02
1.798499848428144787e+01 7.289435647089059778e-03 2.980232238769531250e-02
1.803510953377203663e+01 7.326794750680883095e-03 2.980232238769531250e-02
1.808516677532512062e+01 7.183594382932867450e-03 2.980232238769531250e-02
1.813507550829074688e+01 6.947652684133914791e-03 2.980232238769531250e-02
1.818496845642778936e+01 7.021994551072267832e-03 2.980232238769531250e-02
1.823497139660265276e+01 6.991123019878649203e-03 2.980232238769531250e-02
1.828507879191377228e+01 6.959264404654767755e-03 2.980232238769531250e-02
1.833510418824468857e+01 6.761025892124440662e-03 2.980232238769531250e-02
1.838506948334563873e+01 6.791790964888431981e-03 2.980232238769531250e-02
1.843507536407004466e+01 6.849010419809245520e-03 2.980232238769531250e-02
1.848504942076525737e+01 6.603803587436653244e-03 2.980232238769531250e-02
1.853507441616272544e+01 6.556359837370094590e-03 2.980232238769531250e-02
1.858511879045116899e+01 6.627963763980893042e-03 2.980232238769531250e-02
1.863495525648787421e+01 6.406797865718731610e-03 2.980232238769531250e-02
1.868488130392274016e+01 6.372731944892191802e-03 2.980232238769531250e-02
1.873504875184114482e+01 6.432810501553191951e-03 2.980232238769531250e-02
1.878514388429111648e+01 6.427371286702385222e-03 2.980232238769531250e-02
1.883511007463363995e+01 6.346447834069034177e-03 2.980232238769531250e-02
1.888497244834255895e+01 6.181436954846318554e-03 2.980232238769531250e-02
1.893485641817745346e+01 6.279813919656887511e-03 2.980232238769531250e-02
1.898490619453832551e+01 6.179477095856762692e-03 2.980232238769531250e-02
1.903488786107232045e+01 6.053487391929256167e-03 2.980232238769531250e-02
1.908487881142723097e+01 5.972660743208867140e-03 2.980232238769531250e-02
1.913492348207432414e+01 5.976944679167817132e-03 2.980232238769531250e-02
1.918501168728120021e+01 6.003964990183172090e-03 2.980232238769531250e-02
1.923514124826581906e+01 5.926077253474215656e-03 2.980232238769531250e-02
1.928506748334755017e+01 5.753112453922092084e-03 2.980232238769531250e-02
1.933495430610808086e+01 5.887579356923418328e-03 2.980232238769531250e-02
1.938494634755015866e+01 5.754703092954831234e-03 2.980232238769531250e-02
1.943493914899500297e+01 5.812492482397971227e-03 2.980232238769531250e-02
1.948497893127760250e+01 5.741101676965246203e-03 2.980232238769531250e-02
1.953503482368078537e+01 5.779643731826766828e-03 2.980232238769531250e-02
1.958498207675637559e+01 5.522810815414419539e-03 2.980232238769531250e-02
1.963504343592175871e+01 5.529463762950936889e-03 2.980232238769531250e-02
1.968503863116305297e+01 5.469623216411596822e-03 2.980232238769531250e-02
1.973506536610938156e+01 5.519916577396123680e-03 2.980232238769531250e-02
1.978512121103143784e+01 5.388436977615512768e-03 2.980232238769531250e-02
1.983496687045177964e+01 5.414870703933649665e-03 2.980232238769531250e-02
1.988498280723141320e+01 5.471422126121519569e-03 2.980232238769531250e-02
1.993508900434436626e+01 5.317097226313544089e-03 2.980232238769531250e-02
1.998508408833317418e+01 5.218316286607523058e-03 2.980232238769531250e-02
2.003507324128244704e+01 5.173045064081636946e-03 2.980232238769531250e-02
2.008505399653831702e+01 5.171330354417406905e-03 2.980232238769531250e-02
2.013499669309325313e+01 5.059044944814593270e-03 2.980232238769531250e-02
2.018502569446345518e+01 5.107466994484673173e-03 2.980232238769531250e-02
2.023503536485620202e+01 4.959469192011109473e-03 2.980232238769531250e-02
2.028511407188591065e+01 4.986720786807806449e-03 2.980232238769531250e-02
2.033506684544470744e+01 5.011680283479917619e-03 2.980232238769531250e-02
2.038493053717687786e+01 4.886442270417290512e-03 2.980232238769531250e-02
2.043503656635626342e+01 4.873375672576792106e-03 2.980232238769531250e-02
2.048515681613748640e+01 4.916289967792621118e-03 2.980232238769531250e-02
2.053512184950790243e+01 4.828480641198971968e-03 2.980232238769531250e-02
2.058506579015766036e+01 4.652035188978956293e-03 2.980232238769531250e-02
2.063503949539584070e+01 4.767538055464932978e-03 2.980232238769531250e-02
2.068496726901411620e+01 4.758524167039902830e-03 2.980232238769531250e-02
2.073499283942112825e+01 4.679881483437904610e-03 2.980232238769531250e-02
2.078510852351926275e+01 4.653274350038143214e-03 2.980232238769531250e-02
2.083507144762231178e+01 4.582831460073773233e-03 2.980232238769531250e-02
2.088503448202894930e+01 4.575782138374971664e-03 2.980232238769531250e-02
2.093502569401122670e+01 4.415719274906776404e-03 2.980232238769531250e-02
2.098501092220254804e+01 4.509257420239699832e-03 2.980232238769531250e-02
2.103489933635630749e+01 4.391993469776547809e-03 2.980232238769531250e-02
2.108484379460264790e+01 4.354348068940715188e-03 2.980232238769531250e-02
2.113497050350854778e+01 4.479365207316489406e-03 2.980232238769531250e-02
2.118501489664703996e+01 4.487135701919324482e-03 2.980232238769531250e-02
2.123500322597652001e+01 4.357354940430206713e-03 2.980232238769531250e-02
2.128496140673073000e+01 4.392000405096303794e-03 2.980232238769531250e-02
2.133497759989855780e+01 4.300700835502109520e-03 2.980232238769531250e-02
2.138501427804164834e+01 4.256877971461014987e-03 2.980232238769531250e-02
2.143512307678850348e+01 4.236941378914026168e-03 2.980232238769531250e-02
2.148520101455627085e+01 4.201203854510400515e-03 2.980232238769531250e-02
2.153506198237843705e+01 4.114132784350001126e-03 2.980232238769531250e-02
2.158501725909731306e+01 4.043559181993949814e-03 2.980232238769531250e-02
2.163513192522731643e+01 4.151282575127111796e-03 2.980232238769531250e-02
2.168511393406111054e+01 4.095282324148394326e-03 2.980232238769531250e-02
2.173504372356545389e+01 3.928092206065304792e-03 2.980232238769531250e-02
2.178497281075374303e+01 4.004045319087830290e-03 2.980232238769531250e-02
2.183494731131466438e+01 3.946290556286646822e-03 2.980232238769531250e-02
2.188500823254057082e+01 3.996237685807084439e-03 2.980232238769531250e-02
2.193509886117685070e+01 3.877041239350349777e-03 2.980232238769531250e-02
2.198516119020909798e+01 3.807885590111678709e-03 2.980232238769531250e-02
2.203505025422927233e+01 3.753099281765322204e-03 2.980232238769531250e-02
2.208496894321325854e+01 3.844325273501224272e-03 2.980232238769531250e-02
2.213503419908408887e+01 3.808338554291267053e-03 2.980232238769531250e-02
2.218516000856649484e+01 3.751254102537626700e-03 2.980232238769531250e-02
2.223516154100823528e+01 3.727833135646833884e-03 2.980232238769531250e-02
2.228504923601680332e+01 3.730176011010791215e-03 2.980232238769531250e-02
2.233504290137151926e+01 3.668391876800881912e-03 2.980232238769531250e-02
2.238504178238817488e+01 3.714263018906087399e-03 2.980232238769531250e-02
2.243506292974217686e+01 3.658055371018209545e-03 2.980232238769531250e-02
2.248498010803980307e+01 3.634198599521319684e-03 2.980232238769531250e-02
2.253497408768199151e+01 3.604717541392382651e-03 2.980232238769531250e-02
2.258504576314178891e+01 3.475092388987223446e-03 2.980232238769531250e-02
2.263501755529657089e+01 3.642544625961363636e-03 2.980232238769531250e-02
2.268497133650677711e+01 3.510321792183648815e-03 2.980232238769531250e-02
2.273496946975517119e+01 3.532799739608148692e-03 2.980232238769531250e-02
2.278495606365159531e+01 3.414383997241247914e-03 2.980232238769531250e-02
2.283504517344439222e+01 3.438535049775842678e-03 2.980232238769531250e-02
2.288515384815983467e+01 3.383457123516585285e-03 2.980232238769531250e-02
2.293513970257658485e+01 3.366376036699529617e-03 2.980232238769531250e-02
2.298499895949208849e+01 3.387289495165583808e-03 2.980232238769531250e-02
2.303494368627049482e+01 3.352759673597105472e-03 2.980232238769531250e-02
2.308506613449876355e+01 3.386307256732112858e-03 2.980232238769531250e-02
2.313508392148495574e+01 3.346899519325069461e-03 2.980232238769531250e-02
2.318502453278797404e+01 3.311964811979165035e-03 2.980232238769531250e-02
2.323497485065410117e+01 3.254823645852118752e-03 2.980232238769531250e-02
2.328497090944668102e+01 3.249338165664202027e-03 2.980232238769531250e-02
2.333499385253491454e+01 3.236409076952689867e-03 2.980232238769531250e-02
2.338498727106783193e+01 3.169605260016312986e-03 2.980232238769531250e-02
2.343501191119998239e+01 3.128742692623115440e-03 2.980232238769531250e-02
2.348496544655622387e+01 3.160523885277620459e-03 2.980232238769531250e-02
2.353495792677599496e+01 3.110248282148807275e-03 2.980232238769531250e-02
2.358500365650586872e+01 3.210394541569003279e-03 2.980232238769531250e-02
2.363496159683297293e+01 3.093956741658410170e-03 2.980232238769531250e-02
2.368501138596607802e+01 3.088328191892024399e-03 2.980232238769531250e-02
2.373498470094738977e+01 2.975921670421523280e-03 2.980232238769531250e-02
2.378496214819288213e+01 3.000789345992342649e-03 2.980232238769531250e-02
2.383497596387970674e+01 3.022910802100903238e-03 2.980232238769531250e-02
2.388498789192226113e+01 2.957550357565993937e-03 2.980232238769531250e-02
2.393503375318008253e+01 2.960470457585247239e-03 2.980232238769531250e-02
2.398501935373159100e+01 2.892393384208429008e-03 2.980232238769531250e-02
2.403496569110036774e+01 2.873461108222508109e-03 2.980232238769531250e-02
2.408498673386322153e+01 2.869946804518186401e-03 2.980232238769531250e-02
2.413506042996912626e+01 2.902372906741820802e-03 2.980232238769531250e-02
2.418502307876385871e+01 2.900187553881536373e-03 2.980232238769531250e-02
2.423492163595081550e+01 2.765498443500415127e-03 2.980232238769531250e-02
2.428490428825202585e+01 2.811052895930657436e-03 2.980232238769531250e-02
2.433496680196650530e+01 2.766462256993160174e-03 2.980232238769531250e-02
2.438512209170648148e+01 2.748364944660637577e-03 2.980232238769531250e-02
2.443514839901259350e+01 2.748665580510047113e-03 2.980232238769531250e-02
2.448509052949892961e+01 2.734472356252050373e-03 2.980232238769531250e-02
2.453509143701500861e+01 2.630770374755793395e-03 2.980232238769531250e-02
2.458502365090511788e+01 2.760025275306707271e-03 2.980232238769531250e-02
2.463504153640463201e+01 2.690779811811074007e-03 2.980232238769531250e-02
2.468508194249478649e+01 2.693760428910660365e-03 2.980232238769531250e-02
2.473503958790242407e+01 2.649282848289170877e-03 2.980232238769531250e-02
2.478500304505123708e+01 2.646364759717592663e-03 2.980232238769531250e-02
2.483507100557675784e+01 2.633754427870456383e-03 2.980232238769531250e-02
2.488511954357796441e+01 2.669546564331701233e-03 2.980232238769531250e-02
2.493506250080584152e+01 2.552910914553105370e-03 2.980232238769531250e-02
2.498502129798272975e+01 2.545992977453302719e-03 2.980232238769531250e-02
2.503501437401748220e+01 2.649702555844679619e-03 2.980232238769531250e-02
2.508506646650047855e+01 2.554304371448094801e-03 2.980232238769531250e-02
2.513508907173123674e+01 2.571226751426548829e-03 2.980232238769531250e-02
2.518507998159773820e+01 2.509126337736741763e-03 2.980232238769531250e-02
2.523505185786540750e+01 2.450479583405891504e-03 2.980232238769531250e-02
2.528493522995301390e+01 2.515344087642611137e-03 2.980232238769531250e-02
2.533497298671538545e+01 2.462955293392014855e-03 2.980232238769531250e-02
2.538502983866438711e+01 2.430960411098297136e-03 2.980232238769531250e-02
2.543495840570060551e+01 2.460779054641190622e-03 2.980232238769531250e-02
2.548490619549177083e+01 2.426589373274432027e-03 2.980232238769531250e-02
2.553504240236605227e+01 2.474905437556407239e-03 2.980232238769531250e-02
2.558513992818135208e+01 2.474600522238544487e-03 2.980232238769531250e-02
2.563511225024596385e+01 2.429025233947897100e-03 2.980232238769531250e-02
2.568502585376510083e+01 2.325870830703222203e-03 2.980232238769531250e-02
2.573498204820310065e+01 2.313016348503678377e-03 2.980232238769531250e-02
2.578500790559889566e+01 2.349954194956281606e-03 2.980232238769531250e-02
2.583497123978640531e+01 2.320672607006350752e-03 2.980232238769531250e-02
2.588498768970100627e+01 2.288472718854780985e-03 2.980232238769531250e-02
2.593504047435509818e+01 2.305705984919234619e-03 2.980232238769531250e-02
2.598492966214148936e+01 2.255381996821230473e-03 2.980232238769531250e-02
2.603490575269462681e+01 2.270103990767158297e-03 2.980232238769531250e-02
2.608498537799486172e+01 2.189556655955500475e-03 2.980232238769531250e-02
2.613498443791063153e+01 2.211890285766460185e-03 2.980232238769531250e-02
2.618506832819802099e+01 2.183502770680717520e-03 2.980232238769531250e-02
2.623502416925955671e+01 2.288424223035212535e-03 2.980232238769531250e-02
2.628500242861670344e+01 2.183099095712862092e-03 2.980232238769531250e-02
2.633505458811568190e+01 2.190382431314287504e-03 2.980232238769531250e-02
2.638505163208250437e+01 2.166074069990774065e-03 2.980232238769531250e-02
2.643507388196501040e+01 2.142174465210845702e-03 2.980232238769531250e-02
2.648507376463455287e+01 2.129459061954823429e-03 2.980232238769531250e-02
2.653501897948297028e+01 2.131645467032913799e-03 2.980232238769531250e-02
2.658500608304605706e+01 2.116076059787613817e-03 2.980232238769531250e-02
2.663500634603502704e+01 2.128374112295217113e-03 2.980232238769531250e-02
2.668499674593755699e+01 2.119215982028958833e-03 2.980232238769531250e-02
2.673507012876124023e+01 2.022606086349694465e-03 2.980232238769531250e-02
2.678510131184463461e+01 2.065240355892172808e-03 2.980232238769531250e-02
2.683506136577998191e+01 2.001379455095098070e-03 2.980232238769531250e-02
2.688505297879097711e+01 2.038190097445331805e-03 2.980232238769531250e-02
2.693504435016774679e+01 2.031473274926594297e-03 2.980232238769531250e-02
2.698504814319771228e+01 2.020399687014985679e-03 2.980232238769531250e-02
2.703494373337554890e+01 1.989678392003535468e-03 2.980232238769531250e-02
2.708497938352233092e+01 2.028990159170546148e-03 2.980232238769531250e-02
2.713508632778151508e+01 2.030815070696155578e-03 2.980232238769531250e-02
2.718506074587872945e+01 1.948353221961816872e-03 2.980232238769531250e-02
2.723503231188058749e+01 1.955260178147441574e-03 2.980232238769531250e-02
2.728504324376617163e+01 1.940642351107302321e-03 2.980232238769531250e-02
2.733507363034057747e+01 1.942955777908587922e-03 2.980232238769531250e-02
2.738505164772542599e+01 1.891826029086371430e-03 2.980232238769531250e-02
2.743504695427340678e+01 1.894258325940506582e-03 2.980232238769531250e-02
2.748503541076832590e+01 1.928801395988492817e-03 2.980232238769531250e-02
2.753504854886516995e+01 1.913185014030566178e-03 2.980232238769531250e-02
2.758506909532711049e+01 1.843025500937997552e-03 2.980232238769531250e-02
2.763503959560177492e+01 1.750598414567143546e-03 2.980232238769531250e-02
2.768493112797089140e+01 1.831031348442792306e-03 2.980232238769531250e-02
2.773486671198879705e+01 1.819376654649706992e-03 2.980232238769531250e-02
2.778493406100407626e+01 1.884049988629149519e-03 2.980232238769531250e-02
2.783494474738006019e+01 1.772691382607105570e-03 2.980232238769531250e-02
2.788491097421039200e+01 1.821276407851360468e-03 2.980232238769531250e-02
2.793491799818713872e+01 1.755632650702998454e-03 2.980232238769531250e-02
2.798497835561302693e+01 1.858800340269646523e-03 2.980232238769531250e-02
2.803500194300229609e+01 1.753978556466036232e-03 2.980232238769531250e-02
2.808497359419805051e+01 1.793694275354675016e-03 2.980232238769531250e-02
2.813500712900244238e+01 1.744853884403381461e-03 2.980232238769531250e-02
2.818498298316923822e+01 1.697063397663858830e-03 2.980232238769531250e-02
2.823501278705563422e+01 1.789055441963040283e-03 2.980232238769531250e-02
2.828508221076129558e+01 1.699863544609332699e-03 2.980232238769531250e-02
2.833502532700387277e+01 1.701508508787391571e-03 2.980232238769531250e-02
2.838497482624182666e+01 1.626386741622715126e-03 2.980232238769531250e-02
2.843501034830992680e+01 1.676572352622578144e-03 2.980232238769531250e-02
2.848502647862418868e+01 1.714682190420584174e-03 2.980232238769531250e-02
2.853508393835680224e+01 1.752182959390211070e-03 2.980232238769531250e-02
2.858501657709735255e+01 1.690557276042996271e-03 2.980232238769531250e-02
2.863498054340625742e+01 1.664669409087028706e-03 2.980232238769531250e-02
2.868501636720259995e+01 1.631136519670166318e-03 2.980232238769531250e-02
2.873503316835737564e+01 1.633929189473491694e-03 2.980232238769531250e-02
2.878503498814174577e+01 1.645105383228727403e-03 2.980232238769531250e-02
2.883499190836502279e+01 1.598525554966145901e-03 2.980232238769531250e-02
2.888498631502357483e+01 1.619869405292392872e-03 2.980232238769531250e-02
2.893495000626588265e+01 1.621339234095832416e-03 2.980232238769531250e-02
2.898500036432614380e+01 1.537249237407133096e-03 2.980232238769531250e-02
2.903509861546637438e+01 1.573639426713104028e-03 2.980232238769531250e-02
2.908509207483089298e+01 1.549763892608885252e-03 2.980232238769531250e-02
2.913504495481950229e+01 1.576548992380959191e-03 2.980232238769531250e-02
2.918500836395550735e+01 1.560051886387879561e-03 2.980232238769531250e-02
2.923495718662698550e+01 1.531949186521996964e-03 2.980232238769531250e-02
2.928496207259495421e+01 1.478499947026916395e-03 2.980232238769531250e-02
2.933507426259881257e+01 1.518480974145253182e-03 2.980232238769531250e-02
2.938508181516578688e+01 1.527610994088747509e-03 2.980232238769531250e-02
2.943498225301185300e+01 1.543405923710480798e-03 2.980232238769531250e-02
2.948499858116320738e+01 1.499668017979370604e-03 2.980232238769531250e-02
2.953503956580185985e+01 1.549002209621126724e-03 2.980232238769531250e-02
2.958499896666411288e+01 1.480416665895031847e-03 2.980232238769531250e-02
2.963499333290878823e+01 1.488234335040916623e-03 2.980232238769531250e-02
2.968503373938486689e+01 1.478137727797965151e-03 2.980232238769531250e-02
2.973501494685912405e+01 1.504753148841971033e-03 2.980232238769531250e-02
2.978501452515847703e+01 1.449417738557411128e-03 2.980232238769531250e-02
2.983502715796966243e+01 1.503042730036791008e-03 2.980232238769531250e-02
2.988500919213149487e+01 1.481491277154883823e-03 2.980232238769531250e-02
2.993496485179967692e+01 1.437433847244182911e-03 2.980232238769531250e-02
2.998492561128389156e+01 1.401756479246937803e-03 2.980232238769531250e-02
3.003499817560929586e+01 1.429957083993942807e-03 2.980232238769531250e-02
3.008502556456793897e+01 1.404026541525923988e-03 2.980232238769531250e-02
3.013494008816754999e+01 1.385731004718764731e-03 2.980232238769531250e-02
3.018492673547769911e+01 1.376432079343441889e-03 2.980232238769531250e-02
3.023500315153119189e+01 1.363212693257419283e-03 2.980232238769531250e-02
3.028498131448523623e+01 1.436258165795342018e-03 2.980232238769531250e-02
3.033495417861680465e+01 1.352628195440387648e-03 2.980232238769531250e-02
3.038498345260273936e+01 1.357705056039791580e-03 2.980232238769531250e-02
3.043498939861261121e+01 1.429719402356699476e-03 2.980232238769531250e-02
3.048502194613474714e+01 1.352832291549359300e-03 2.980232238769531250e-02
3.053502301362196647e+01 1.400116399362594938e-03 2.980232238769531250e-02
3.058495949956653348e+01 1.334806832437005625e-03 2.980232238769531250e-02
3.063489983455229648e+01 1.294729626351756591e-03 2.980232238769531250e-02
3.068497696715034095e+01 1.313376866344608679e-03 2.980232238769531250e-02
3.073509074860540480e+01 1.339448892886792308e-03 2.980232238769531250e-02
3.078509960315929206e+01 1.297744064269707592e-03 2.980232238769531250e-02
3.083509925779301497e+01 1.345908526085695667e-03 2.980232238769531250e-02
3.088502185481159401e+01 1.268358379171777989e-03 2.980232238769531250e-02
3.093497026923844118e+01 1.302801730777347622e-03 2.980232238769531250e-02
3.098500837521540419e+01 1.324300847780898044e-03 2.980232238769531250e-02
3.103503142039876295e+01 1.254573765170446248e-03 2.980232238769531250e-02
3.108506759362598970e+01 1.276146859067128769e-03 2.980232238769531250e-02
3.113503374503685350e+01 1.331457923792977310e-03 2.980232238769531250e-02
3.118500365593765977e+01 1.289941493995527821e-03 2.980232238769531250e-02
3.123500974421094156e+01 1.259414232583081633e-03 2.980232238769531250e-02
3.128501507026141226e+01 1.248312859015703741e-03 2.980232238769531250e-02
3.133507249490528324e+01 1.174541193001563816e-03 2.980232238769531250e-02
3.138502440591334519e+01 1.221180119394267571e-03 2.980232238769531250e-02
3.143504823904290646e+01 1.262266426588526391e-03 2.980232238769531250e-02
3.148510614177524758e+01 1.170671217922650276e-03 2.980232238769531250e-02
3.153501675197719933e+01 1.186800905930377598e-03 2.980232238769531250e-02
3.158501348571202527e+01 1.210412132584375022e-03 2.980232238769531250e-02
3.163508986356812969e+01 1.191731483262008229e-03 2.980232238769531250e-02
3.168511752018606131e+01 1.188735236142629548e-03 2.980232238769531250e-02
3.173514170463571205e+01 1.164411089398867394e-03 2.980232238769531250e-02
3.178509011011270502e+01 1.231810277885787147e-03 2.980232238769531250e-02
3.183500843705502703e+01 1.256622565271554165e-03 2.980232238769531250e-02
3.188501666940159751e+01 1.151150248976780255e-03 2.980232238769531250e-02
3.193503202990384793e+01 1.238975751975571887e-03 2.980232238769531250e-02
3.198506613067839410e+01 1.183349362572954505e-03 2.980232238769531250e-02
3.203505890021113345e+01 1.192996348192330858e-03 2.980232238769531250e-02
3.208493732419461963e+01 1.189692332758958415e-03 2.980232238769531250e-02
3.213495366395236630e+01 1.203610617052403020e-03 2.980232238769531250e-02
