nan nan 2.980232238769531250e-02
8.899641323548096450e-02 8.948286712353046823e+02 2.980232238769531250e-02
1.448080953624513445e-01 3.350937147493715429e+02 2.980232238769531250e-02
1.950822866625256113e-01 2.183191126081678703e+02 2.980232238769531250e-02
2.418344986082902603e-01 1.784547184332093082e+02 2.980232238769531250e-02
2.844150324662526597e-01 1.407182662540012075e+02 2.980232238769531250e-02
3.311492092627331685e-01 1.070295991108829696e+02 2.980232238769531250e-02
3.854527006682739732e-01 7.354624915449586808e+01 2.980232238769531250e-02
4.379760757023590800e-01 5.519199250566907011e+01 2.980232238769531250e-02
4.845354905265206735e-01 4.424262711309617657e+01 2.980232238769531250e-02
5.331869425000370644e-01 3.686565798166635943e+01 2.980232238769531250e-02
5.864416905016403003e-01 2.980095587161442694e+01 2.980232238769531250e-02
6.393143479449987510e-01 2.829682737397336467e+01 2.980232238769531250e-02
6.875509482501400704e-01 2.116948836591801353e+01 2.980232238769531250e-02
7.360532472319636366e-01 1.934671862176124080e+01 2.980232238769531250e-02
7.867697342078286971e-01 1.621424819584796495e+01 2.980232238769531250e-02
8.376194660778666368e-01 1.426733134063138486e+01 2.980232238769531250e-02
8.876896880604894235e-01 1.278397266174936142e+01 2.980232238769531250e-02
9.363402658038668669e-01 1.183987080728083896e+01 2.980232238769531250e-02
9.849243849049101884e-01 1.020130083095113349e+01 2.980232238769531250e-02
1.033922473950819487e+00 9.615079602328213682e+00 2.980232238769531250e-02
1.083968788523273830e+00 8.176495698927572775e+00 2.980232238769531250e-02
1.133915541218776246e+00 7.389925599022804548e+00 2.980232238769531250e-02
1.183819436428001248e+00 6.590087124977132227e+00 2.980232238769531250e-02
1.235159589274556602e+00 6.238467595755843753e+00 2.980232238769531250e-02
1.285686788879907949e+00 5.686661206758939713e+00 2.980232238769531250e-02
1.335577748586906033e+00 4.961508742026419227e+00 2.980232238769531250e-02
1.385007992768898966e+00 4.589345691483678991e+00 2.980232238769531250e-02
1.434761006508366910e+00 4.355729248551825528e+00 2.980232238769531250e-02
1.483809371322070803e+00 3.961707161094947693e+00 2.980232238769531250e-02
1.534060792161507925e+00 3.686598393967745579e+00 2.980232238769531250e-02
1.585002278264664888e+00 3.412994873504879401e+00 2.980232238769531250e-02
1.635527410472897403e+00 3.149125847576333292e+00 2.980232238769531250e-02
1.685676391865528423e+00 2.867157495254374133e+00 2.980232238769531250e-02
1.734789433360194755e+00 2.781800527316662830e+00 2.980232238769531250e-02
1.784875565396764951e+00 2.641409924843704626e+00 2.980232238769531250e-02
1.835586570008190588e+00 2.391214479466302389e+00 2.980232238769531250e-02
1.885448157908552691e+00 2.222851499999310310e+00 2.980232238769531250e-02
1.935207439362316428e+00 2.140192738581532250e+00 2.980232238769531250e-02
1.985052992803765015e+00 1.970067508783927002e+00 2.980232238769531250e-02
2.035079590713408937e+00 1.835785022570803005e+00 2.980232238769531250e-02
2.085261259228671005e+00 1.752378254873209862e+00 2.980232238769531250e-02
2.135521812674741060e+00 1.618188106800284132e+00 2.980232238769531250e-02
2.185539865877868859e+00 1.521107737500708934e+00 2.980232238769531250e-02
2.234928417494250752e+00 1.479687216174864428e+00 2.980232238769531250e-02
2.285020483940173541e+00 1.379610410100680307e+00 2.980232238769531250e-02
2.335227126917563290e+00 1.306703812526035291e+00 2.980232238769531250e-02
2.385597458206195398e+00 1.214702862824365903e+00 2.980232238769531250e-02
2.435604585857625182e+00 1.148305881632388115e+00 2.980232238769531250e-02
2.485423401501763330e+00 1.083616167526535889e+00 2.980232238769531250e-02
2.535218303430096576e+00 1.075276824044878454e+00 2.980232238769531250e-02
2.585301717955153844e+00 1.011635240374267664e+00 2.980232238769531250e-02
2.635310621692829258e+00 9.383589392854283506e-01 2.980232238769531250e-02
2.684883533713459336e+00 8.873551394098728728e-01 2.980232238769531250e-02
2.734760511342632316e+00 8.677941397579572724e-01 2.980232238769531250e-02
2.784962555331770062e+00 8.200278749143722345e-01 2.980232238769531250e-02
2.835387565949985422e+00 7.803059036928523540e-01 2.980232238769531250e-02
2.885384254562536110e+00 7.510492258818857181e-01 2.980232238769531250e-02
2.935452697317705084e+00 7.176491392240370581e-01 2.980232238769531250e-02
2.985584946861008060e+00 6.734495888696733212e-01 2.980232238769531250e-02
3.035281973877222761e+00 6.606393268025487764e-01 2.980232238769531250e-02
3.084822103129104764e+00 6.369822746995301710e-01 2.980232238769531250e-02
3.135015350087773989e+00 5.911724818844752427e-01 2.980232238769531250e-02
3.185847982026314362e+00 5.794118232303682170e-01 2.980232238769531250e-02
3.235464408484991061e+00 5.587203252544912235e-01 2.980232238769531250e-02
3.285149658618915502e+00 5.232439405419386791e-01 2.980232238769531250e-02
3.335370615645364634e+00 5.093071042490499023e-01 2.980232238769531250e-02
3.385209898508314996e+00 4.873533271887801055e-01 2.980232238769531250e-02
3.434934112077638879e+00 4.640401453576515900e-01 2.980232238769531250e-02
3.484151880424383396e+00 4.559349597091322259e-01 2.980232238769531250e-02
3.534737654629889203e+00 4.369280380744856584e-01 2.980232238769531250e-02
3.585624261789238432e+00 4.219712216615983391e-01 2.980232238769531250e-02
3.635262333854326844e+00 4.048828046789074708e-01 2.980232238769531250e-02
3.685039256951247122e+00 3.824170514258006248e-01 2.980232238769531250e-02
3.735233298459508244e+00 3.762020714245993824e-01 2.980232238769531250e-02
3.785147580586893934e+00 3.615344509124544525e-01 2.980232238769531250e-02
3.835695018070195861e+00 3.506811334946576264e-01 2.980232238769531250e-02
3.885539873192506377e+00 3.357708137193646247e-01 2.980232238769531250e-02
3.934696648644303352e+00 3.271257133653290294e-01 2.980232238769531250e-02
3.985162965584265304e+00 3.168660550453947233e-01 2.980232238769531250e-02
4.035471487646510091e+00 3.079736045489676055e-01 2.980232238769531250e-02
4.085372705036187213e+00 2.957265858810385062e-01 2.980232238769531250e-02
4.135141121895999028e+00 2.850627634645162001e-01 2.980232238769531250e-02
4.184482326706712385e+00 2.723898740885049019e-01 2.980232238769531250e-02
4.234523823648805418e+00 2.677713208940442069e-01 2.980232238769531250e-02
4.284609124085813292e+00 2.553106436532380785e-01 2.980232238769531250e-02
4.334887301479964705e+00 2.525845778797973784e-01 2.980232238769531250e-02
4.385302499000811594e+00 2.453076715383718520e-01 2.980232238769531250e-02
4.435186196473425824e+00 2.333092243789289810e-01 2.980232238769531250e-02
4.485197364325797409e+00 2.295183740606071554e-01 2.980232238769531250e-02
4.535537527983671602e+00 2.202345850730476062e-01 2.980232238769531250e-02
4.585513271404134450e+00 2.127214311932689172e-01 2.980232238769531250e-02
4.634965284950676612e+00 2.057056159943471407e-01 2.980232238769531250e-02
4.684823536717123815e+00 2.026694287316608001e-01 2.980232238769531250e-02
4.735220518702936587e+00 1.967072673003160965e-01 2.980232238769531250e-02
4.785263605082985983e+00 1.894865099334849534e-01 2.980232238769531250e-02
4.835259232697663556e+00 1.842197861886412102e-01 2.980232238769531250e-02
4.885376870001424621e+00 1.797635681258641371e-01 2.980232238769531250e-02
4.935301902824286380e+00 1.758918226836893584e-01 2.980232238769531250e-02
4.985473083840958886e+00 1.698406940674989651e-01 2.980232238769531250e-02
5.035412558343983491e+00 1.657548144115418010e-01 2.980232238769531250e-02
5.085460294222076350e+00 1.618228884788833200e-01 2.980232238769531250e-02
5.135289803448600310e+00 1.576187420911840109e-01 2.980232238769531250e-02
5.185032520573041204e+00 1.516066117314567308e-01 2.980232238769531250e-02
5.234850251783559116e+00 1.489543634212419643e-01 2.980232238769531250e-02
5.284974752151396338e+00 1.447932568715909751e-01 2.980232238769531250e-02
5.335255304675732724e+00 1.426514619041860388e-01 2.980232238769531250e-02
5.385226941869014183e+00 1.386425625625534452e-01 2.980232238769531250e-02
5.435093414465236528e+00 1.351411663423632281e-01 2.980232238769531250e-02
5.485028900036975408e+00 1.327787157201007484e-01 2.980232238769531250e-02
5.535369898797608990e+00 1.280891820672829529e-01 2.980232238769531250e-02
5.585317464617740590e+00 1.259030084095738300e-01 2.980232238769531250e-02
5.634959412056486094e+00 1.203296176198723477e-01 2.980232238769531250e-02
5.685029758810561162e+00 1.189103105829216189e-01 2.980232238769531250e-02
5.734808126101578196e+00 1.157638719525799220e-01 2.980232238769531250e-02
5.785204671217075933e+00 1.134938123348787908e-01 2.980232238769531250e-02
5.835595383591638097e+00 1.105861850957478298e-01 2.980232238769531250e-02
5.885099705458816111e+00 1.076338899040050201e-01 2.980232238769531250e-02
5.934848410668140950e+00 1.051647646623894705e-01 2.980232238769531250e-02
5.985196547442282800e+00 1.035588071513154629e-01 2.980232238769531250e-02
6.035486174940983162e+00 1.013955461068742625e-01 2.980232238769531250e-02
6.085325279241985186e+00 9.823260437903222342e-02 2.980232238769531250e-02
6.135085486579567871e+00 9.412929733135501353e-02 2.980232238769531250e-02
6.184888436502457232e+00 9.373770979589421404e-02 2.980232238769531250e-02
6.235029371165762058e+00 9.107321312054783569e-02 2.980232238769531250e-02
6.285013590301256947e+00 9.045373047415941614e-02 2.980232238769531250e-02
6.334991409707096288e+00 8.715050880055856541e-02 2.980232238769531250e-02
6.385041519748988925e+00 8.494340990500626187e-02 2.980232238769531250e-02
6.434975721315313812e+00 8.365843677252479682e-02 2.980232238769531250e-02
6.485280363044087615e+00 8.203044986701779617e-02 2.980232238769531250e-02
6.535416874783217978e+00 7.913953498826864497e-02 2.980232238769531250e-02
6.585380878873609234e+00 7.758568216517230942e-02 2.980232238769531250e-02
6.635104421514804507e+00 7.483590876176239581e-02 2.980232238769531250e-02
6.684781936645507905e+00 7.474232786064906320e-02 2.980232238769531250e-02
6.735145019191668858e+00 7.307770893693828207e-02 2.980232238769531250e-02
6.785484310639345651e+00 7.139140014224865105e-02 2.980232238769531250e-02
6.835069983673240479e+00 6.981272981298923541e-02 2.980232238769531250e-02
6.884859417295578154e+00 6.813438461756961273e-02 2.980232238769531250e-02
6.935355612194037178e+00 6.740109967812998870e-02 2.980232238769531250e-02
6.985394515797676895e+00 6.534994240896262185e-02 2.980232238769531250e-02
7.034922173494991604e+00 6.362043695100211282e-02 2.980232238769531250e-02
7.084541644025414087e+00 6.290199306972416027e-02 2.980232238769531250e-02
7.134492388478031799e+00 6.145684142900077751e-02 2.980232238769531250e-02
7.184836085760269775e+00 6.115259262482189428e-02 2.980232238769531250e-02
7.235281431471350722e+00 5.910259530381502258e-02 2.980232238769531250e-02
7.285158542839955231e+00 5.825402515554869987e-02 2.980232238769531250e-02
7.334994866462388963e+00 5.651122875697324466e-02 2.980232238769531250e-02
7.385036014789000625e+00 5.621578092691020823e-02 2.980232238769531250e-02
7.435042277965444590e+00 5.555110743248049820e-02 2.980232238769531250e-02
7.485223592156194705e+00 5.390316390654113776e-02 2.980232238769531250e-02
7.535266472986156039e+00 5.314572614930684891e-02 2.980232238769531250e-02
7.585148990618067799e+00 5.190739386974975444e-02 2.980232238769531250e-02
7.635267236183615580e+00 5.060492377709654988e-02 2.980232238769531250e-02
7.685330414506132080e+00 4.984786925766578058e-02 2.980232238769531250e-02
7.735344685230187700e+00 4.887497386697002566e-02 2.980232238769531250e-02
7.785330483772995969e+00 4.799391089934718080e-02 2.980232238769531250e-02
7.834761832474934629e+00 4.788087133235614801e-02 2.980232238769531250e-02
7.884484420735616617e+00 4.594203368923285846e-02 2.980232238769531250e-02
7.934886275689092550e+00 4.654525452714015910e-02 2.980232238769531250e-02
7.985027633925892765e+00 4.554899892285342589e-02 2.980232238769531250e-02
8.034964647769141877e+00 4.424559629967866892e-02 2.980232238769531250e-02
8.085037081011565263e+00 4.266387076416089386e-02 2.980232238769531250e-02
8.135210740574738253e+00 4.264097790701108781e-02 2.980232238769531250e-02
8.185171412298620552e+00 4.221071133387567509e-02 2.980232238769531250e-02
8.234851685324960258e+00 4.080572032235628421e-02 2.980232238769531250e-02
8.284952683584384303e+00 4.067258501383264058e-02 2.980232238769531250e-02
8.335101055446942908e+00 3.887954753988727419e-02 2.980232238769531250e-02
8.385121635699965381e+00 3.913179850997186571e-02 2.980232238769531250e-02
8.435202770999854494e+00 3.824475772284409436e-02 2.980232238769531250e-02
8.485152015979231521e+00 3.785225488378422820e-02 2.980232238769531250e-02
8.534970558995501833e+00 3.723096958248846289e-02 2.980232238769531250e-02
8.584943353041420977e+00 3.565854220075169445e-02 2.980232238769531250e-02
8.635099409501286516e+00 3.609042081624580511e-02 2.980232238769531250e-02
8.685126877716973226e+00 3.572632363719933923e-02 2.980232238769531250e-02
8.735139517930596398e+00 3.475609480931417250e-02 2.980232238769531250e-02
8.785167076524256657e+00 3.356297726605639298e-02 2.980232238769531250e-02
8.834939158351296840e+00 3.274121119303478877e-02 2.980232238769531250e-02
8.884964740422104157e+00 3.229962572779827845e-02 2.980232238769531250e-02
8.935124000705533476e+00 3.263697527514970026e-02 2.980232238769531250e-02
8.985127489085840580e+00 3.186201297381043712e-02 2.980232238769531250e-02
9.035265046452737536e+00 3.128007266628138328e-02 2.980232238769531250e-02
9.085196565938222335e+00 3.037528749959482466e-02 2.980232238769531250e-02
9.134926709958008928e+00 3.031327395934448748e-02 2.980232238769531250e-02
9.185157474150241086e+00 3.033998848318933406e-02 2.980232238769531250e-02
9.235291320298310680e+00 2.964458006605149437e-02 2.980232238769531250e-02
9.285092122152331484e+00 2.906890624588565064e-02 2.980232238769531250e-02
9.334907817633720128e+00 2.787060587509108261e-02 2.980232238769531250e-02
9.384925913340945058e+00 2.830946774611838718e-02 2.980232238769531250e-02
9.435005700254814442e+00 2.740021782162369718e-02 2.980232238769531250e-02
9.484846973764282652e+00 2.719352645861260187e-02 2.980232238769531250e-02
9.535053339925784854e+00 2.644435094470511116e-02 2.980232238769531250e-02
9.585148484630341414e+00 2.635493924216104900e-02 2.980232238769531250e-02
9.635175604414920159e+00 2.634417563421261044e-02 2.980232238769531250e-02
9.685272388073006056e+00 2.587883945568990318e-02 2.980232238769531250e-02
9.735267651789188292e+00 2.481269433439105276e-02 2.980232238769531250e-02
9.785106718646577662e+00 2.463432629710507471e-02 2.980232238769531250e-02
9.835036654763204211e+00 2.440450095063705083e-02 2.980232238769531250e-02
9.885080117034645397e+00 2.422517648711918631e-02 2.980232238769531250e-02
9.935053116209049406e+00 2.392464918174480593e-02 2.980232238769531250e-02
9.985047954935728498e+00 2.323351277186099656e-02 2.980232238769531250e-02
1.003493641968782235e+01 2.262875768894225675e-02 2.980232238769531250e-02
1.008496760761574507e+01 2.293176188779685876e-02 2.980232238769531250e-02
1.013505517142033696e+01 2.231387008862625171e-02 2.980232238769531250e-02
1.018499348439089580e+01 2.208167716145643250e-02 2.980232238769531250e-02
1.023485181331652605e+01 2.184613397522201100e-02 2.980232238769531250e-02
1.028490076264209918e+01 2.156619081192636539e-02 2.980232238769531250e-02
1.033508016021523979e+01 2.113019421239728524e-02 2.980232238769531250e-02
1.038503814993866037e+01 2.099947963931928646e-02 2.980232238769531250e-02
1.043506092056377987e+01 2.048758340445233639e-02 2.980232238769531250e-02
1.048500648683518222e+01 1.992611145269413547e-02 2.980232238769531250e-02
1.053492467464587357e+01 1.974565940575597617e-02 2.980232238769531250e-02
1.058493633210190055e+01 1.945899593347399231e-02 2.980232238769531250e-02
1.063496141493038571e+01 1.942628037754406262e-02 2.980232238769531250e-02
1.068510956159988190e+01 1.921940600498443785e-02 2.980232238769531250e-02
1.073519324482465542e+01 1.852907273508543756e-02 2.980232238769531250e-02
1.078499374610442985e+01 1.808168080076092560e-02 2.980232238769531250e-02
1.083498852684137681e+01 1.862434468244404673e-02 2.980232238769531250e-02
1.088532717033764108e+01 1.814116917611138108e-02 2.980232238769531250e-02
1.093533967140946928e+01 1.799124368382191280e-02 2.980232238769531250e-02
1.098516814213459369e+01 1.757103074696753781e-02 2.980232238769531250e-02
1.103487009664334018e+01 1.755527088667367674e-02 2.980232238769531250e-02
1.108482779519205685e+01 1.730264029781426044e-02 2.980232238769531250e-02
1.113497951311520850e+01 1.696486254696610851e-02 2.980232238769531250e-02
1.118504655472112930e+01 1.680878121401027658e-02 2.980232238769531250e-02
1.123510664327012165e+01 1.655305016031340809e-02 2.980232238769531250e-02
1.128492672628014759e+01 1.634117546864430337e-02 2.980232238769531250e-02
1.133483676091637449e+01 1.626939056850097015e-02 2.980232238769531250e-02
1.138496869555097213e+01 1.596939456586857209e-02 2.980232238769531250e-02
1.143488632814817052e+01 1.590134626895209347e-02 2.980232238769531250e-02
1.148507158105109838e+01 1.552345381505764593e-02 2.980232238769531250e-02
1.153512077344084652e+01 1.517958006276496491e-02 2.980232238769531250e-02
1.158496874923152120e+01 1.510448927279905984e-02 2.980232238769531250e-02
1.163503447483404862e+01 1.520038090894400978e-02 2.980232238769531250e-02
1.168514574175370413e+01 1.466827325013058542e-02 2.980232238769531250e-02
1.173520144267176768e+01 1.485971972234304689e-02 2.980232238769531250e-02
1.178499978579660024e+01 1.437997975365163522e-02 2.980232238769531250e-02
1.183489361131316109e+01 1.421831772336196176e-02 2.980232238769531250e-02
1.188508688648073353e+01 1.412016919053611652e-02 2.980232238769531250e-02
1.193507368630230303e+01 1.397837338162644799e-02 2.980232238769531250e-02
1.198501534283204073e+01 1.384451638684421060e-02 2.980232238769531250e-02
1.203499287021151787e+01 1.367319854800306406e-02 2.980232238769531250e-02
1.208500207354710376e+01 1.364140822452342139e-02 2.980232238769531250e-02
1.213511755040241447e+01 1.349522909467326670e-02 2.980232238769531250e-02
1.218508185768859775e+01 1.318477273880450801e-02 2.980232238769531250e-02
1.223499578229461093e+01 1.306169464344682229e-02 2.980232238769531250e-02
1.228482496548857839e+01 1.280329001287930368e-02 2.980232238769531250e-02
1.233472258167685354e+01 1.287980571742659841e-02 2.980232238769531250e-02
1.238495919658963373e+01 1.266098130749319234e-02 2.980232238769531250e-02
1.243501623080759977e+01 1.229108496195833317e-02 2.980232238769531250e-02
1.248498520461935968e+01 1.237331037894460334e-02 2.980232238769531250e-02
1.253491772764473389e+01 1.214227559820587471e-02 2.980232238769531250e-02
1.258505667599542477e+01 1.204590020740366890e-02 2.980232238769531250e-02
1.263533194845266294e+01 1.186787006041343379e-02 2.980232238769531250e-02
1.268509781067005449e+01 1.159025046942987330e-02 2.980232238769531250e-02
1.273496424556897288e+01 1.154300915784785969e-02 2.980232238769531250e-02
1.278509996901004975e+01 1.154586603151974700e-02 2.980232238769531250e-02
1.283513809744099454e+01 1.135552327477377249e-02 2.980232238769531250e-02
1.288513662977390872e+01 1.129945120580612417e-02 2.980232238769531250e-02
1.293516775797505858e+01 1.122692239647140461e-02 2.980232238769531250e-02
1.298508564746807004e+01 1.081216428867150942e-02 2.980232238769531250e-02
1.303485050444322191e+01 1.093969319194697948e-02 2.980232238769531250e-02
1.308477248822843464e+01 1.089427594899290697e-02 2.980232238769531250e-02
1.313495048384857000e+01 1.083308672684171053e-02 2.980232238769531250e-02
1.318508214353928665e+01 1.060665853561824218e-02 2.980232238769531250e-02
1.323498058186023130e+01 1.026307677794071477e-02 2.980232238769531250e-02
1.328501693617584500e+01 1.029310428816133244e-02 2.980232238769531250e-02
1.333523870267546485e+01 1.019528253602274698e-02 2.980232238769531250e-02
1.338517858123485915e+01 1.005472810770540598e-02 2.980232238769531250e-02
1.343509981213488302e+01 9.914107745995930088e-03 2.980232238769531250e-02
1.348497851692220806e+01 9.925821552111524504e-03 2.980232238769531250e-02
1.353502032703213587e+01 9.833427897670811435e-03 2.980232238769531250e-02
1.358510348967521608e+01 9.610567309597785324e-03 2.980232238769531250e-02
1.363504968078970769e+01 9.365395171370569094e-03 2.980232238769531250e-02
1.368512606201380066e+01 9.406328396997877539e-03 2.980232238769531250e-02
1.373499467664954388e+01 9.167851688442946179e-03 2.980232238769531250e-02
1.378492307579496234e+01 9.177390064146785653e-03 2.980232238769531250e-02
1.383507424762243687e+01 9.212419518068136470e-03 2.980232238769531250e-02
1.388511084066553458e+01 8.977275316985028342e-03 2.980232238769531250e-02
1.393507568847607203e+01 9.045893555022659072e-03 2.980232238769531250e-02
1.398506445617934446e+01 8.886889020938738837e-03 2.980232238769531250e-02
1.403502933207308878e+01 8.869132344296641601e-03 2.980232238769531250e-02
1.408509116651932658e+01 8.631364785393579042e-03 2.980232238769531250e-02
1.413501876932126322e+01 8.558314472547755292e-03 2.980232238769531250e-02
1.418492186532934873e+01 8.592160921137133311e-03 2.980232238769531250e-02
1.423490351986086466e+01 8.373095092372488668e-03 2.980232238769531250e-02
1.428504941701871722e+01 8.287791673863738329e-03 2.980232238769531250e-02
1.433512393770669036e+01 8.014981671285580089e-03 2.980232238769531250e-02
1.438498778231173958e+01 8.086509660179569403e-03 2.980232238769531250e-02
1.443505469180176348e+01 8.026355963424561257e-03 2.980232238769531250e-02
1.448509396921661008e+01 7.772132672896302219e-03 2.980232238769531250e-02
1.453500725043747011e+01 7.992639780024013429e-03 2.980232238769531250e-02
1.458506203599850082e+01 7.912651480668948800e-03 2.980232238769531250e-02
1.463510945522735618e+01 7.757622602668635958e-03 2.980232238769531250e-02
1.468518338522024536e+01 7.573344250633586017e-03 2.980232238769531250e-02
1.473511674948366057e+01 7.565347796192119223e-03 2.980232238769531250e-02
1.478499469255191379e+01 7.506561712137191367e-03 2.980232238769531250e-02
1.483519165114115879e+01 7.593703570175497353e-03 2.980232238769531250e-02
1.488517752652281168e+01 7.392928240660553985e-03 2.980232238769531250e-02
1.493491330480827983e+01 7.342752277428914176e-03 2.980232238769531250e-02
1.498495676551141820e+01 7.217681106364781662e-03 2.980232238769531250e-02
1.503511884068045923e+01 7.121560026985197800e-03 2.980232238769531250e-02
1.508508315088700869e+01 7.195569760480635679e-03 2.980232238769531250e-02
1.513503556379768966e+01 6.980290562385534081e-03 2.980232238769531250e-02
1.518499676732287540e+01 7.048063612788112164e-03 2.980232238769531250e-02
1.523508436290063095e+01 6.905304391385702623e-03 2.980232238769531250e-02
1.528522781999686053e+01 6.900592997891710767e-03 2.980232238769531250e-02
1.533502167931889559e+01 6.933600450386295799e-03 2.980232238769531250e-02
1.538498481261066075e+01 6.627426704231192955e-03 2.980232238769531250e-02
1.543513611943905417e+01 6.638959633165741892e-03 2.980232238769531250e-02
1.548505834224075706e+01 6.606605039667159951e-03 2.980232238769531250e-02
1.553504763409418921e+01 6.534798935966416866e-03 2.980232238769531250e-02
1.558510724608531106e+01 6.369235980763554572e-03 2.980232238769531250e-02
1.563520755254619132e+01 6.361431385824213580e-03 2.980232238769531250e-02
1.568514954075441636e+01 6.210129142013000314e-03 2.980232238769531250e-02
1.573497001906558346e+01 6.224185799470760561e-03 2.980232238769531250e-02
1.578501951482137855e+01 6.272012375136255813e-03 2.980232238769531250e-02
1.583505996699327234e+01 6.301505063466349144e-03 2.980232238769531250e-02
1.588504732433563937e+01 6.096362168380109470e-03 2.980232238769531250e-02
1.593492601146461141e+01 5.938962359351596110e-03 2.980232238769531250e-02
1.598497954552474276e+01 6.076276154757198622e-03 2.980232238769531250e-02
1.603519544557364185e+01 6.009539807128115585e-03 2.980232238769531250e-02
1.608505934770346002e+01 5.896370988929054702e-03 2.980232238769531250e-02
1.613492369455208220e+01 5.843498456313309108e-03 2.980232238769531250e-02
1.618487545351322154e+01 5.689775159336163401e-03 2.980232238769531250e-02
1.623491462415037034e+01 5.654155338652468166e-03 2.980232238769531250e-02
1.628502566686339392e+01 5.674503378533715670e-03 2.980232238769531250e-02
1.633514483849683430e+01 5.579523706399316940e-03 2.980232238769531250e-02
1.638505554887958837e+01 5.555277796759489073e-03 2.980232238769531250e-02
1.643503370695393073e+01 5.394472661751872899e-03 2.980232238769531250e-02
1.648511919866944808e+01 5.467026998219930156e-03 2.980232238769531250e-02
1.653520949175244326e+01 5.429995489440279932e-03 2.980232238769531250e-02
1.658506906510178069e+01 5.411216135071769684e-03 2.980232238769531250e-02
1.663488141241765206e+01 5.372971027906764396e-03 2.980232238769531250e-02
1.668486705482716204e+01 5.269308383808964102e-03 2.980232238769531250e-02
1.673492103191636104e+01 5.375136036103858594e-03 2.980232238769531250e-02
1.678500937030894846e+01 5.134869586476624448e-03 2.980232238769531250e-02
1.683496483388560350e+01 5.172975723871993392e-03 2.980232238769531250e-02
1.688490029853898733e+01 5.112889888213172085e-03 2.980232238769531250e-02
1.693486900501934400e+01 5.021126949425899766e-03 2.980232238769531250e-02
1.698500806291582776e+01 5.150966733218804994e-03 2.980232238769531250e-02
1.703516048416506479e+01 4.914351631712526869e-03 2.980232238769531250e-02
1.708509007434781068e+01 4.880865039905694924e-03 2.980232238769531250e-02
1.713498442939637201e+01 4.813430931630266474e-03 2.980232238769531250e-02
1.718492428173238196e+01 4.824453039799253551e-03 2.980232238769531250e-02
1.723486141856428233e+01 4.852284297999207019e-03 2.980232238769531250e-02
1.728495617542862206e+01 4.723503392701694503e-03 2.980232238769531250e-02
1.733506984443393506e+01 4.719506375750845417e-03 2.980232238769531250e-02
1.738497568670722160e+01 4.650811833495228920e-03 2.980232238769531250e-02
1.743490614939463157e+01 4.624293404496833404e-03 2.980232238769531250e-02
1.748496913497200467e+01 4.614360689711126395e-03 2.980232238769531250e-02
1.753507445822357624e+01 4.514823273800115666e-03 2.980232238769531250e-02
1.758513482966695562e+01 4.542482892527496818e-03 2.980232238769531250e-02
1.763511755933055269e+01 4.544565489387544788e-03 2.980232238769531250e-02
1.768508466776422239e+01 4.474244490051446088e-03 2.980232238769531250e-02
1.773505073952180311e+01 4.375281368432952511e-03 2.980232238769531250e-02
1.778508782630178686e+01 4.391724284786305277e-03 2.980232238769531250e-02
1.783504284633070824e+01 4.346275656851868174e-03 2.980232238769531250e-02
1.788499742965798589e+01 4.250918519955730612e-03 2.980232238769531250e-02
1.793498972719416429e+01 4.164958462512011184e-03 2.980232238769531250e-02
1.798499848428144787e+01 4.197205679626996033e-03 2.980232238769531250e-02
1.803510953377203663e+01 4.151575627120686340e-03 2.980232238769531250e-02
1.808516677532512062e+01 4.139513033930293517e-03 2.980232238769531250e-02
1.813507550829074688e+01 4.010795515107835885e-03 2.980232238769531250e-02
1.818496845642778936e+01 4.013716331751258914e-03 2.980232238769531250e-02
1.823497139660265276e+01 4.021104131827775430e-03 2.980232238769531250e-02
1.828507879191377228e+01 3.969432456792432173e-03 2.980232238769531250e-02
1.833510418824468857e+01 3.942622853365759794e-03 2.980232238769531250e-02
1.838506948334563873e+01 3.883860121805395027e-03 2.980232238769531250e-02
1.843507536407004466e+01 3.945289436961048335e-03 2.980232238769531250e-02
1.848504942076525737e+01 3.957818453209201170e-03 2.980232238769531250e-02
1.853507441616272544e+01 3.796075190956517409e-03 2.980232238769531250e-02
1.858511879045116899e+01 3.858500443867596275e-03 2.980232238769531250e-02
1.863495525648787421e+01 3.680093363760343628e-03 2.980232238769531250e-02
1.868488130392274016e+01 3.757026346911447601e-03 2.980232238769531250e-02
1.873504875184114482e+01 3.782421964679726079e-03 2.980232238769531250e-02
1.878514388429111648e+01 3.734008683858654198e-03 2.980232238769531250e-02
1.883511007463363995e+01 3.734384308455587775e-03 2.980232238769531250e-02
1.888497244834255895e+01 3.691724492580220063e-03 2.980232238769531250e-02
1.893485641817745346e+01 3.699388479858359280e-03 2.980232238769531250e-02
1.898490619453832551e+01 3.546937498148841628e-03 2.980232238769531250e-02
1.903488786107232045e+01 3.493970719666061875e-03 2.980232238769531250e-02
1.908487881142723097e+01 3.410080615003745208e-03 2.980232238769531250e-02
1.913492348207432414e+01 3.577457176575218889e-03 2.980232238769531250e-02
1.918501168728120021e+01 3.492326241578004586e-03 2.980232238769531250e-02
1.923514124826581906e+01 3.468046626636557550e-03 2.980232238769531250e-02
1.928506748334755017e+01 3.282313713669979260e-03 2.980232238769531250e-02
1.933495430610808086e+01 3.355011953602368702e-03 2.980232238769531250e-02
1.938494634755015866e+01 3.367499294459494474e-03 2.980232238769531250e-02
1.943493914899500297e+01 3.281053364586408727e-03 2.980232238769531250e-02
1.948497893127760250e+01 3.359911780216197352e-03 2.980232238769531250e-02
1.953503482368078537e+01 3.296780050362324577e-03 2.980232238769531250e-02
1.958498207675637559e+01 3.234923697493972961e-03 2.980232238769531250e-02
1.963504343592175871e+01 3.210908476070882533e-03 2.980232238769531250e-02
1.968503863116305297e+01 3.170170089974090610e-03 2.980232238769531250e-02
1.973506536610938156e+01 3.227952612355131090e-03 2.980232238769531250e-02
1.978512121103143784e+01 3.105134460429093135e-03 2.980232238769531250e-02
1.983496687045177964e+01 3.084255682647064900e-03 2.980232238769531250e-02
1.988498280723141320e+01 3.043171115351905875e-03 2.980232238769531250e-02
1.993508900434436626e+01 3.049341158977349198e-03 2.980232238769531250e-02
1.998508408833317418e+01 3.056432291038239935e-03 2.980232238769531250e-02
2.003507324128244704e+01 3.059578728000666992e-03 2.980232238769531250e-02
2.008505399653831702e+01 3.024092954140834844e-03 2.980232238769531250e-02
2.013499669309325313e+01 2.911999661755260149e-03 2.980232238769531250e-02
2.018502569446345518e+01 2.998508015351508682e-03 2.980232238769531250e-02
2.023503536485620202e+01 2.936037167248439772e-03 2.980232238769531250e-02
2.028511407188591065e+01 2.992172815402975583e-03 2.980232238769531250e-02
2.033506684544470744e+01 2.921248025550222949e-03 2.980232238769531250e-02
2.038493053717687786e+01 2.866488637359540514e-03 2.980232238769531250e-02
2.043503656635626342e+01 2.839649347738587570e-03 2.980232238769531250e-02
2.048515681613748640e+01 2.770554364997707131e-03 2.980232238769531250e-02
2.053512184950790243e+01 2.793417346314969185e-03 2.980232238769531250e-02
2.058506579015766036e+01 2.703055137087115312e-03 2.980232238769531250e-02
2.063503949539584070e+01 2.722869731382290825e-03 2.980232238769531250e-02
2.068496726901411620e+01 2.728484075468030901e-03 2.980232238769531250e-02
2.073499283942112825e+01 2.687943386302321658e-03 2.980232238769531250e-02
2.078510852351926275e+01 2.691134023127865482e-03 2.980232238769531250e-02
2.083507144762231178e+01 2.711227535570237546e-03 2.980232238769531250e-02
2.088503448202894930e+01 2.626688578159501464e-03 2.980232238769531250e-02
2.093502569401122670e+01 2.620844668267605093e-03 2.980232238769531250e-02
2.098501092220254804e+01 2.576876460612907704e-03 2.980232238769531250e-02
2.103489933635630749e+01 2.564046541324228878e-03 2.980232238769531250e-02
2.108484379460264790e+01 2.496310890535313742e-03 2.980232238769531250e-02
2.113497050350854778e+01 2.560252308575899916e-03 2.980232238769531250e-02
2.118501489664703996e+01 2.560461405033472027e-03 2.980232238769531250e-02
2.123500322597652001e+01 2.529446378451212507e-03 2.980232238769531250e-02
2.128496140673073000e+01 2.396519666441623841e-03 2.980232238769531250e-02
2.133497759989855780e+01 2.482641964702061999e-03 2.980232238769531250e-02
2.138501427804164834e+01 2.468697916292533767e-03 2.980232238769531250e-02
2.143512307678850348e+01 2.390051192008135761e-03 2.980232238769531250e-02
2.148520101455627085e+01 2.393027694978545894e-03 2.980232238769531250e-02
2.153506198237843705e+01 2.385618411620785140e-03 2.980232238769531250e-02
2.158501725909731306e+01 2.375057453784093497e-03 2.980232238769531250e-02
2.163513192522731643e+01 2.309542727139825280e-03 2.980232238769531250e-02
2.168511393406111054e+01 2.334175169995664212e-03 2.980232238769531250e-02
2.173504372356545389e+01 2.310333885575201196e-03 2.980232238769531250e-02
2.178497281075374303e+01 2.280376157744234966e-03 2.980232238769531250e-02
2.183494731131466438e+01 2.208497734497917586e-03 2.980232238769531250e-02
2.188500823254057082e+01 2.317526363744333573e-03 2.980232238769531250e-02
2.193509886117685070e+01 2.243802956828078177e-03 2.980232238769531250e-02
2.198516119020909798e+01 2.271495087462070683e-03 2.980232238769531250e-02
2.203505025422927233e+01 2.152704955601533743e-03 2.980232238769531250e-02
2.208496894321325854e+01 2.186093377826721362e-03 2.980232238769531250e-02
2.213503419908408887e+01 2.162431309586279604e-03 2.980232238769531250e-02
2.218516000856649484e+01 2.087429238818494515e-03 2.980232238769531250e-02
2.223516154100823528e+01 2.096352059954419145e-03 2.980232238769531250e-02
2.228504923601680332e+01 2.076232623749028894e-03 2.980232238769531250e-02
2.233504290137151926e+01 2.163210773347142013e-03 2.980232238769531250e-02
2.238504178238817488e+01 2.168348450104912173e-03 2.980232238769531250e-02
2.243506292974217686e+01 2.082229307130804841e-03 2.980232238769531250e-02
2.248498010803980307e+01 2.108242214332929632e-03 2.980232238769531250e-02
2.253497408768199151e+01 2.110450369088363864e-03 2.980232238769531250e-02
2.258504576314178891e+01 2.059435251135569023e-03 2.980232238769531250e-02
2.263501755529657089e+01 2.093505507629260520e-03 2.980232238769531250e-02
2.268497133650677711e+01 2.020906488933695011e-03 2.980232238769531250e-02
2.273496946975517119e+01 2.016361383182278810e-03 2.980232238769531250e-02
2.278495606365159531e+01 1.989776957526209755e-03 2.980232238769531250e-02
2.283504517344439222e+01 2.013964666925230351e-03 2.980232238769531250e-02
2.288515384815983467e+01 2.075594904492307491e-03 2.980232238769531250e-02
2.293513970257658485e+01 1.964492898025846368e-03 2.980232238769531250e-02
2.298499895949208849e+01 1.966238716115460694e-03 2.980232238769531250e-02
2.303494368627049482e+01 1.878713514166491239e-03 2.980232238769531250e-02
2.308506613449876355e+01 1.960613960622699381e-03 2.980232238769531250e-02
2.313508392148495574e+01 1.921553874651114879e-03 2.980232238769531250e-02
2.318502453278797404e+01 1.871322729023822129e-03 2.980232238769531250e-02
2.323497485065410117e+01 1.858306872685087929e-03 2.980232238769531250e-02
2.328497090944668102e+01 1.848749690870357676e-03 2.980232238769531250e-02
2.333499385253491454e+01 1.788994462258948481e-03 2.980232238769531250e-02
2.338498727106783193e+01 1.783519008443069931e-03 2.980232238769531250e-02
2.343501191119998239e+01 1.820271239105629435e-03 2.980232238769531250e-02
2.348496544655622387e+01 1.817987717233494893e-03 2.980232238769531250e-02
2.353495792677599496e+01 1.729737223900629228e-03 2.980232238769531250e-02
2.358500365650586872e+01 1.843995605576555230e-03 2.980232238769531250e-02
2.363496159683297293e+01 1.732387876760818624e-03 2.980232238769531250e-02
2.368501138596607802e+01 1.766280704233465226e-03 2.980232238769531250e-02
2.373498470094738977e+01 1.620543753231978856e-03 2.980232238769531250e-02
2.378496214819288213e+01 1.750652678601430368e-03 2.980232238769531250e-02
2.383497596387970674e+01 1.681272629640538641e-03 2.980232238769531250e-02
2.388498789192226113e+01 1.735445154320190697e-03 2.980232238769531250e-02
2.393503375318008253e+01 1.724766199305415026e-03 2.980232238769531250e-02
2.398501935373159100e+01 1.629704078399504819e-03 2.980232238769531250e-02
2.403496569110036774e+01 1.716858884139284280e-03 2.980232238769531250e-02
2.408498673386322153e+01 1.628701891471816265e-03 2.980232238769531250e-02
2.413506042996912626e+01 1.655590995558536838e-03 2.980232238769531250e-02
2.418502307876385871e+01 1.586263975894924849e-03 2.980232238769531250e-02
2.423492163595081550e+01 1.684250286554979381e-03 2.980232238769531250e-02
2.428490428825202585e+01 1.643130086820134006e-03 2.980232238769531250e-02
2.433496680196650530e+01 1.655135882224011146e-03 2.980232238769531250e-02
2.438512209170648148e+01 1.633049673039260741e-03 2.980232238769531250e-02
2.443514839901259350e+01 1.555216897834159340e-03 2.980232238769531250e-02
2.448509052949892961e+01 1.639535024673129116e-03 2.980232238769531250e-02
2.453509143701500861e+01 1.554473624810301380e-03 2.980232238769531250e-02
2.458502365090511788e+01 1.506815280625725673e-03 2.980232238769531250e-02
2.463504153640463201e+01 1.514529659261416861e-03 2.980232238769531250e-02
2.468508194249478649e+01 1.593749073170613872e-03 2.980232238769531250e-02
2.473503958790242407e+01 1.479915764647482534e-03 2.980232238769531250e-02
2.478500304505123708e+01 1.487708260383552306e-03 2.980232238769531250e-02
2.483507100557675784e+01 1.581477759762944801e-03 2.980232238769531250e-02
2.488511954357796441e+01 1.555767188804645096e-03 2.980232238769531250e-02
2.493506250080584152e+01 1.440643053502672910e-03 2.980232238769531250e-02
2.498502129798272975e+01 1.420916353039432256e-03 2.980232238769531250e-02
2.503501437401748220e+01 1.437895766276672121e-03 2.980232238769531250e-02
2.508506646650047855e+01 1.516116521638903591e-03 2.980232238769531250e-02
2.513508907173123674e+01 1.432262056626790181e-03 2.980232238769531250e-02
2.518507998159773820e+01 1.466420887162304953e-03 2.980232238769531250e-02
2.523505185786540750e+01 1.462273841522650220e-03 2.980232238769531250e-02
2.528493522995301390e+01 1.465493844529826284e-03 2.980232238769531250e-02
2.533497298671538545e+01 1.410765393978028609e-03 2.980232238769531250e-02
2.538502983866438711e+01 1.417226146151719796e-03 2.980232238769531250e-02
2.543495840570060551e+01 1.347460949215121412e-03 2.980232238769531250e-02
2.548490619549177083e+01 1.453598842075833064e-03 2.980232238769531250e-02
2.553504240236605227e+01 1.423744609281608897e-03 2.980232238769531250e-02
2.558513992818135208e+01 1.420043981720856691e-03 2.980232238769531250e-02
2.563511225024596385e+01 1.421338913816481975e-03 2.980232238769531250e-02
2.568502585376510083e+01 1.358239693486269078e-03 2.980232238769531250e-02
2.573498204820310065e+01 1.369962320442220244e-03 2.980232238769531250e-02
2.578500790559889566e+01 1.312019718271592583e-03 2.980232238769531250e-02
2.583497123978640531e+01 1.402928976107886694e-03 2.980232238769531250e-02
2.588498768970100627e+01 1.355311336792383581e-03 2.980232238769531250e-02
2.593504047435509818e+01 1.274136733460842774e-03 2.980232238769531250e-02
2.598492966214148936e+01 1.230929561755914753e-03 2.980232238769531250e-02
2.603490575269462681e+01 1.314551349968450661e-03 2.980232238769531250e-02
2.608498537799486172e+01 1.286798815673097229e-03 2.980232238769531250e-02
2.613498443791063153e+01 1.257956048836640639e-03 2.980232238769531250e-02
2.618506832819802099e+01 1.259840833414061639e-03 2.980232238769531250e-02
2.623502416925955671e+01 1.241146252567191383e-03 2.980232238769531250e-02
2.628500242861670344e+01 1.259846514765954051e-03 2.980232238769531250e-02
2.633505458811568190e+01 1.193995151368119206e-03 2.980232238769531250e-02
2.638505163208250437e+01 1.199140803920511339e-03 2.980232238769531250e-02
2.643507388196501040e+01 1.180680255101776432e-03 2.980232238769531250e-02
2.648507376463455287e+01 1.218995458139568444e-03 2.980232238769531250e-02
2.653501897948297028e+01 1.216226222659277240e-03 2.980232238769531250e-02
2.658500608304605706e+01 1.195626116229087099e-03 2.980232238769531250e-02
2.663500634603502704e+01 1.254214920953636292e-03 2.980232238769531250e-02
2.668499674593755699e+01 1.193067323163699706e-03 2.980232238769531250e-02
2.673507012876124023e+01 1.164617889595775252e-03 2.980232238769531250e-02
2.678510131184463461e+01 1.161122090896551245e-03 2.980232238769531250e-02
2.683506136577998191e+01 1.185535101700333632e-03 2.980232238769531250e-02
2.688505297879097711e+01 1.211582833119926456e-03 2.980232238769531250e-02
2.693504435016774679e+01 1.125108363853693366e-03 2.980232238769531250e-02
2.698504814319771228e+01 1.179074643863683297e-03 2.980232238769531250e-02
2.703494373337554890e+01 1.158337303882636671e-03 2.980232238769531250e-02
2.708497938352233092e+01 1.137717795264718557e-03 2.980232238769531250e-02
2.713508632778151508e+01 1.112203383143321733e-03 2.980232238769531250e-02
2.718506074587872945e+01 1.103148722400162235e-03 2.980232238769531250e-02
2.723503231188058749e+01 1.133226834930767951e-03 2.980232238769531250e-02
2.728504324376617163e+01 1.072930234156374563e-03 2.980232238769531250e-02
2.733507363034057747e+01 1.109549974984285620e-03 2.980232238769531250e-02
2.738505164772542599e+01 1.109935726976287590e-03 2.980232238769531250e-02
2.743504695427340678e+01 1.032741365113189896e-03 2.980232238769531250e-02
2.748503541076832590e+01 1.105788692328676937e-03 2.980232238769531250e-02
2.753504854886516995e+01 1.131847987338653605e-03 2.980232238769531250e-02
2.758506909532711049e+01 1.075133579241015214e-03 2.980232238769531250e-02
2.763503959560177492e+01 9.879052296322722582e-04 2.980232238769531250e-02
2.768493112797089140e+01 1.024595475953123808e-03 2.980232238769531250e-02
2.773486671198879705e+01 1.096996054968012169e-03 2.980232238769531250e-02
2.778493406100407626e+01 1.055230083901945171e-03 2.980232238769531250e-02
2.783494474738006019e+01 1.030259335251051261e-03 2.980232238769531250e-02
2.788491097421039200e+01 1.053461100878786555e-03 2.980232238769531250e-02
2.793491799818713872e+01 1.059790693442242554e-03 2.980232238769531250e-02
2.798497835561302693e+01 9.838852023241195788e-04 2.980232238769531250e-02
2.803500194300229609e+01 1.037966643882955176e-03 2.980232238769531250e-02
2.808497359419805051e+01 1.049918606527668746e-03 2.980232238769531250e-02
2.813500712900244238e+01 1.030142856323870704e-03 2.980232238769531250e-02
2.818498298316923822e+01 9.937874007703989543e-04 2.980232238769531250e-02
2.823501278705563422e+01 9.982392920090676913e-04 2.980232238769531250e-02
2.828508221076129558e+01 9.990753779891593800e-04 2.980232238769531250e-02
2.833502532700387277e+01 9.875103181662577001e-04 2.980232238769531250e-02
2.838497482624182666e+01 9.244759076397490727e-04 2.980232238769531250e-02
2.843501034830992680e+01 9.273996978084245169e-04 2.980232238769531250e-02
2.848502647862418868e+01 9.580241973940264999e-04 2.980232238769531250e-02
2.853508393835680224e+01 1.002994852622295791e-03 2.980232238769531250e-02
2.858501657709735255e+01 9.646093462469806923e-04 2.980232238769531250e-02
2.863498054340625742e+01 9.707976087176654889e-04 2.980232238769531250e-02
2.868501636720259995e+01 9.104452899017338730e-04 2.980232238769531250e-02
2.873503316835737564e+01 9.366573094500736663e-04 2.980232238769531250e-02
2.878503498814174577e+01 9.348357579869737144e-04 2.980232238769531250e-02
2.883499190836502279e+01 9.627689374273502854e-04 2.980232238769531250e-02
2.888498631502357483e+01 9.114569587086174263e-04 2.980232238769531250e-02
2.893495000626588265e+01 8.778162841944457673e-04 2.980232238769531250e-02
2.898500036432614380e+01 8.904316809149187550e-04 2.980232238769531250e-02
2.903509861546637438e+01 9.577728743877765571e-04 2.980232238769531250e-02
2.908509207483089298e+01 9.037025337577005157e-04 2.980232238769531250e-02
2.913504495481950229e+01 9.200994862132959307e-04 2.980232238769531250e-02
2.918500836395550735e+01 9.103525786510746620e-04 2.980232238769531250e-02
2.923495718662698550e+01 9.310621971041696532e-04 2.980232238769531250e-02
2.928496207259495421e+01 8.727987195313834101e-04 2.980232238769531250e-02
2.933507426259881257e+01 8.894228111460920905e-04 2.980232238769531250e-02
2.938508181516578688e+01 8.605030565865118275e-04 2.980232238769531250e-02
2.943498225301185300e+01 8.805894429532203083e-04 2.980232238769531250e-02
2.948499858116320738e+01 8.642757418733867936e-04 2.980232238769531250e-02
2.953503956580185985e+01 8.480499366901005087e-04 2.980232238769531250e-02
2.958499896666411288e+01 7.829643887726604745e-04 2.980232238769531250e-02
2.963499333290878823e+01 8.818474999411005100e-04 2.980232238769531250e-02
2.968503373938486689e+01 8.774138624860830515e-04 2.980232238769531250e-02
2.973501494685912405e+01 8.616152606598717623e-04 2.980232238769531250e-02
2.978501452515847703e+01 8.503384647128610363e-04 2.980232238769531250e-02
2.983502715796966243e+01 8.607969638839592375e-04 2.980232238769531250e-02
2.988500919213149487e+01 8.438932441136894058e-04 2.980232238769531250e-02
2.993496485179967692e+01 7.949349726446910958e-04 2.980232238769531250e-02
2.998492561128389156e+01 8.048983876647319846e-04 2.980232238769531250e-02
3.003499817560929586e+01 8.139684787946896427e-04 2.980232238769531250e-02
3.008502556456793897e+01 8.948926924316757958e-04 2.980232238769531250e-02
3.013494008816754999e+01 8.027761002716952976e-04 2.980232238769531250e-02
3.018492673547769911e+01 8.482583381692540558e-04 2.980232238769531250e-02
3.023500315153119189e+01 8.757482999611730656e-04 2.980232238769531250e-02
3.028498131448523623e+01 8.125729197903802659e-04 2.980232238769531250e-02
3.033495417861680465e+01 7.909868453080184936e-04 2.980232238769531250e-02
3.038498345260273936e+01 8.746598398607571823e-04 2.980232238769531250e-02
3.043498939861261121e+01 7.715533365415284950e-04 2.980232238769531250e-02
3.048502194613474714e+01 7.462470183183765593e-04 2.980232238769531250e-02
3.053502301362196647e+01 7.610345214936996283e-04 2.980232238769531250e-02
3.058495949956653348e+01 8.005610575377922200e-04 2.980232238769531250e-02
3.063489983455229648e+01 7.820138867006103112e-04 2.980232238769531250e-02
3.068497696715034095e+01 8.082366438095962835e-04 2.980232238769531250e-02
3.073509074860540480e+01 7.539133097433231567e-04 2.980232238769531250e-02
3.078509960315929206e+01 7.735299785362574621e-04 2.980232238769531250e-02
3.083509925779301497e+01 7.401838536663929435e-04 2.980232238769531250e-02
3.088502185481159401e+01 7.647586289392417636e-04 2.980232238769531250e-02
3.093497026923844118e+01 7.851445794962511049e-04 2.980232238769531250e-02
3.098500837521540419e+01 7.615178086684687431e-04 2.980232238769531250e-02
3.103503142039876295e+01 7.400762682911524171e-04 2.980232238769531250e-02
3.108506759362598970e+01 7.661012667307433299e-04 2.980232238769531250e-02
3.113503374503685350e+01 7.421316798489480115e-04 2.980232238769531250e-02
3.118500365593765977e+01 7.369938371936356203e-04 2.980232238769531250e-02
3.123500974421094156e+01 7.323476354596757110e-04 2.980232238769531250e-02
3.128501507026141226e+01 7.465129463135079801e-04 2.980232238769531250e-02
3.133507249490528324e+01 7.373454284446238904e-04 2.980232238769531250e-02
3.138502440591334519e+01 7.274787320803929869e-04 2.980232238769531250e-02
3.143504823904290646e+01 7.708247939850129682e-04 2.980232238769531250e-02
3.148510614177524758e+01 7.604547620093937699e-04 2.980232238769531250e-02
3.153501675197719933e+01 7.124844254678894262e-04 2.980232238769531250e-02
3.158501348571202527e+01 7.309336440952142466e-04 2.980232238769531250e-02
3.163508986356812969e+01 6.981160340690864552e-04 2.980232238769531250e-02
3.168511752018606131e+01 7.434728661178842402e-04 2.980232238769531250e-02
3.173514170463571205e+01 6.891233132210426715e-04 2.980232238769531250e-02
3.178509011011270502e+01 6.957924052170862128e-04 2.980232238769531250e-02
3.183500843705502703e+01 6.857400775840058471e-04 2.980232238769531250e-02
3.188501666940159751e+01 6.843363334984274571e-04 2.980232238769531250e-02
3.193503202990384793e+01 6.677014207219639230e-04 2.980232238769531250e-02
3.198506613067839410e+01 7.154398544302817409e-04 2.980232238769531250e-02
3.203505890021113345e+01 6.836639333906747995e-04 2.980232238769531250e-02
3.208493732419461963e+01 6.712996024173245591e-04 2.980232238769531250e-02
3.213495366395236630e+01 6.958747514888147245e-04 2.980232238769531250e-02
