8.899641323548096450e-02 2.634525819925161727e+02 2.980232238769531250e-02
1.762294649249977474e-01 9.723296758863661182e+01 2.980232238769531250e-02
2.662437218389693272e-01 5.605306864695943858e+01 2.980232238769531250e-02
3.649346201087940722e-01 3.030911480296741800e+01 2.980232238769531250e-02
4.635470928990934603e-01 1.740441811929537508e+01 2.980232238769531250e-02
5.630121343059290018e-01 1.227468429139054429e+01 2.980232238769531250e-02
6.637476258980694599e-01 8.873731157672938963e+00 2.980232238769531250e-02
7.630437067904533022e-01 6.368484837532676579e+00 2.980232238769531250e-02
8.639090016071222511e-01 4.938942992610972027e+00 2.980232238769531250e-02
9.621426022616451634e-01 3.976960073628066361e+00 2.980232238769531250e-02
1.060650350388561591e+00 3.322616436436872434e+00 2.980232238769531250e-02
1.160695738208251893e+00 2.746781529183963233e+00 2.980232238769531250e-02
1.260988189711796936e+00 2.351364733399967211e+00 2.980232238769531250e-02
1.360965173221828639e+00 2.023458704841363254e+00 2.980232238769531250e-02
1.459516200429978205e+00 1.736486107223269348e+00 2.980232238769531250e-02
1.559771173841701275e+00 1.547462910180874118e+00 2.980232238769531250e-02
1.660823609444051829e+00 1.367673656291711337e+00 2.980232238769531250e-02
1.760863065096903490e+00 1.211754499142117414e+00 2.980232238769531250e-02
1.860831138252939221e+00 1.094782806152064358e+00 2.980232238769531250e-02
1.960558372004485239e+00 9.927784627681528473e-01 2.980232238769531250e-02
2.060584726315924708e+00 8.922967072099391439e-01 2.980232238769531250e-02
2.160729659345701492e+00 8.217947008806572029e-01 2.980232238769531250e-02
2.260719120019153650e+00 7.522570427177182051e-01 2.980232238769531250e-02
2.361163348282317553e+00 6.883479893869917099e-01 2.980232238769531250e-02
2.461248779664896524e+00 6.357857331587759564e-01 2.980232238769531250e-02
2.561100761153063843e+00 5.869081779507523411e-01 2.980232238769531250e-02
2.660769167700723692e+00 5.476061875062627760e-01 2.980232238769531250e-02
2.760458960728367384e+00 5.185650752580271972e-01 2.980232238769531250e-02
2.860591290042267865e+00 4.800821872506915167e-01 2.980232238769531250e-02
2.960639175481798446e+00 4.516067497179810930e-01 2.980232238769531250e-02
3.060358024137067812e+00 4.259665429561665384e-01 2.980232238769531250e-02
3.160794728097130246e+00 3.999968898119592442e-01 2.980232238769531250e-02
3.261199944599915135e+00 3.727025383273250281e-01 2.980232238769531250e-02
3.360749919420539911e+00 3.594079701892790579e-01 2.980232238769531250e-02
3.459835126459389176e+00 3.402927573439549214e-01 2.980232238769531250e-02
3.560188740940378516e+00 3.196187420164402493e-01 2.980232238769531250e-02
3.660846965852959656e+00 3.061849008714708775e-01 2.980232238769531250e-02
3.760451276577104540e+00 2.918263985592350895e-01 2.980232238769531250e-02
3.860212202906779577e+00 2.768918814837245113e-01 2.980232238769531250e-02
3.960532647077731117e+00 2.650677333221773679e-01 2.980232238769531250e-02
4.060962209834743319e+00 2.537528694711652100e-01 2.980232238769531250e-02
4.160148069051775366e+00 2.415029018200063882e-01 2.980232238769531250e-02
4.259582262654759255e+00 2.320976130021127348e-01 2.980232238769531250e-02
4.360164345516578166e+00 2.233629327071340320e-01 2.980232238769531250e-02
4.460573579149521350e+00 2.120318390153127508e-01 2.980232238769531250e-02
4.560530149156328150e+00 2.043041656164672482e-01 2.980232238769531250e-02
4.660287485696529508e+00 1.974164944028495572e-01 2.980232238769531250e-02
4.760262084699077079e+00 1.884669901873255726e-01 2.980232238769531250e-02
4.860447565083823029e+00 1.823756952848621937e-01 2.980232238769531250e-02
4.960628913369701465e+00 1.764514494401162037e-01 2.980232238769531250e-02
5.060804152253668420e+00 1.715087864770613035e-01 2.980232238769531250e-02
5.160609437996754423e+00 1.651581505877917355e-01 2.980232238769531250e-02
5.260521321794523253e+00 1.587017732009587956e-01 2.980232238769531250e-02
5.360542927541686709e+00 1.540470954580976659e-01 2.980232238769531250e-02
5.460351121480531589e+00 1.492791989546988218e-01 2.980232238769531250e-02
5.560202561635490426e+00 1.453673962344601556e-01 2.980232238769531250e-02
5.660212261175133541e+00 1.408597118772746126e-01 2.980232238769531250e-02
5.760666909301913385e+00 1.371435852642263198e-01 2.980232238769531250e-02
5.860488403937768709e+00 1.326767681234888308e-01 2.980232238769531250e-02
5.960286234654308402e+00 1.293511874540691498e-01 2.980232238769531250e-02
6.060495439198260392e+00 1.250384639046917268e-01 2.980232238769531250e-02
6.160172772110693806e+00 1.215449610561739890e-01 2.980232238769531250e-02
6.260000307388036589e+00 1.181833290873424980e-01 2.980232238769531250e-02
6.360019877723115833e+00 1.147549751138146612e-01 2.980232238769531250e-02
6.460393176898672429e+00 1.122369186291602150e-01 2.980232238769531250e-02
6.560712870799073393e+00 1.097914813680386237e-01 2.980232238769531250e-02
6.660315614630555103e+00 1.064035565961006236e-01 2.980232238769531250e-02
6.760348783000822870e+00 1.041927096773355710e-01 2.980232238769531250e-02
6.860507314965895276e+00 1.016829667969807727e-01 2.980232238769531250e-02
6.960389334265283168e+00 9.922938766166181090e-02 2.980232238769531250e-02
7.060034423048193730e+00 9.646857885837456514e-02 2.980232238769531250e-02
7.159957956516346478e+00 9.476721240711008520e-02 2.980232238769531250e-02
7.260192657847024833e+00 9.320790256501731985e-02 2.980232238769531250e-02
7.360108533827269817e+00 9.047190039537747475e-02 2.980232238769531250e-02
7.460339090618184343e+00 8.844998870342075936e-02 2.980232238769531250e-02
7.560411676181439056e+00 8.695736065456628749e-02 2.980232238769531250e-02
7.660346114771154014e+00 8.479543321180314785e-02 2.980232238769531250e-02
7.760391007741484160e+00 8.409327476203716512e-02 2.980232238769531250e-02
7.860072651402888688e+00 8.227309340854443986e-02 2.980232238769531250e-02
7.959955397583765802e+00 8.058818226769985660e-02 2.980232238769531250e-02
8.060172532623253616e+00 7.845860231269911889e-02 2.980232238769531250e-02
8.160169871096277561e+00 7.682248579777634090e-02 2.980232238769531250e-02
8.260209309247560583e+00 7.518611323456030060e-02 2.980232238769531250e-02
8.360295260333263201e+00 7.412142486459456781e-02 2.980232238769531250e-02
8.460314428833417111e+00 7.294817519794910554e-02 2.980232238769531250e-02
8.560221857099927334e+00 7.103053628626930516e-02 2.980232238769531250e-02
8.660164637941472066e+00 6.962783456733047383e-02 2.980232238769531250e-02
8.760181857056902999e+00 6.867736292649546936e-02 2.980232238769531250e-02
8.860218717977446090e+00 6.753553184501190354e-02 2.980232238769531250e-02
8.960267699615021897e+00 6.650184250568616506e-02 2.980232238769531250e-02
9.060158543440742562e+00 6.560560970954650017e-02 2.980232238769531250e-02
9.160314747803932178e+00 6.457231720988336476e-02 2.980232238769531250e-02
9.260376927016194415e+00 6.340467168742248971e-02 2.980232238769531250e-02
9.360208025918709041e+00 6.199548503009991163e-02 2.980232238769531250e-02
9.460075101117821461e+00 6.134109203468326998e-02 2.980232238769531250e-02
9.559992906282033687e+00 6.053403972627853513e-02 2.980232238769531250e-02
9.660236476231109037e+00 5.919612023188110250e-02 2.980232238769531250e-02
9.760211827678935137e+00 5.883755939320516049e-02 2.980232238769531250e-02
9.860087741133007455e+00 5.765014047314168111e-02 2.980232238769531250e-02
9.960113214171899543e+00 5.673174296795789606e-02 2.980232238769531250e-02
1.006014253496011435e+01 5.579933290919630862e-02 2.980232238769531250e-02
1.016015305856116946e+01 5.497369829210674297e-02 2.980232238769531250e-02
1.026012791460989426e+01 5.423535038959127752e-02 2.980232238769531250e-02
1.036009715580952850e+01 5.318633491568582061e-02 2.980232238769531250e-02
1.045999384679854316e+01 5.261797284773474248e-02 2.980232238769531250e-02
1.055998031172832619e+01 5.193241641378638918e-02 2.980232238769531250e-02
1.066015733025465018e+01 5.151309768716950954e-02 2.980232238769531250e-02
1.076005445242803127e+01 5.044795545332271536e-02 2.980232238769531250e-02
1.086017199500644104e+01 4.974947184879803530e-02 2.980232238769531250e-02
1.096035721378511774e+01 4.900238427093983606e-02 2.980232238769531250e-02
1.106014543005698059e+01 4.853958771075322920e-02 2.980232238769531250e-02
1.116013746602539669e+01 4.778143388692034088e-02 2.980232238769531250e-02
1.126001995331923311e+01 4.710062598119074684e-02 2.980232238769531250e-02
1.135997563511528519e+01 4.637159128402351671e-02 2.980232238769531250e-02
1.146027771572255105e+01 4.589587128942559935e-02 2.980232238769531250e-02
1.156025344308602243e+01 4.522212893934489386e-02 2.980232238769531250e-02
1.166020264054967370e+01 4.460030134387588108e-02 2.980232238769531250e-02
1.176010824919332443e+01 4.403170090439034734e-02 2.980232238769531250e-02
1.186009918100251248e+01 4.370600667481693014e-02 2.980232238769531250e-02
1.196022404466052436e+01 4.290488095179052774e-02 2.980232238769531250e-02
1.206014086953631015e+01 4.260631659626176737e-02 2.980232238769531250e-02
1.216012200167176260e+01 4.186139718336333304e-02 2.980232238769531250e-02
1.225991162114084787e+01 4.159768686700186791e-02 2.980232238769531250e-02
1.235998963976033949e+01 4.105162815832752443e-02 2.980232238769531250e-02
1.246019708267939308e+01 4.066373267378156631e-02 2.980232238769531250e-02
1.256029988740128189e+01 4.005405860032863752e-02 2.980232238769531250e-02
1.266021832804886849e+01 3.982885516270386062e-02 2.980232238769531250e-02
1.276011783806912625e+01 3.939245398940771636e-02 2.980232238769531250e-02
1.286027643411210342e+01 3.884776438469987603e-02 2.980232238769531250e-02
1.296020505403111756e+01 3.855321023041326234e-02 2.980232238769531250e-02
1.306004381250698110e+01 3.803315472213067427e-02 2.980232238769531250e-02
1.316008799938249751e+01 3.743848897874660353e-02 2.980232238769531250e-02
1.326024158855983259e+01 3.712317379782244242e-02 2.980232238769531250e-02
1.336025563904201441e+01 3.673792676423155712e-02 2.980232238769531250e-02
1.346008251893918484e+01 3.630031271999337172e-02 2.980232238769531250e-02
1.356002845306179871e+01 3.573046812838695518e-02 2.980232238769531250e-02
1.366017449007571649e+01 3.549046849198594922e-02 2.980232238769531250e-02
1.376018618598503629e+01 3.520457101864570004e-02 2.980232238769531250e-02
1.386016602641027795e+01 3.454415794681013618e-02 2.980232238769531250e-02
1.396016603220776808e+01 3.437558801527479391e-02 2.980232238769531250e-02
1.406021375009726349e+01 3.399256175486914389e-02 2.980232238769531250e-02
1.416017889984025935e+01 3.355591641509894640e-02 2.980232238769531250e-02
1.426021760910094116e+01 3.323260100048672228e-02 2.980232238769531250e-02
1.436020568897167315e+01 3.275781184258654000e-02 2.980232238769531250e-02
1.446009957908403720e+01 3.265977553194614191e-02 2.980232238769531250e-02
1.456020661983343167e+01 3.218173696161084202e-02 2.980232238769531250e-02
1.466035845314601893e+01 3.187735909493064068e-02 2.980232238769531250e-02
1.476027873150629333e+01 3.161321585990739536e-02 2.980232238769531250e-02
1.486011958734484217e+01 3.147573251696608732e-02 2.980232238769531250e-02
1.496014783579061636e+01 3.109284550260249524e-02 2.980232238769531250e-02
1.506017080873394143e+01 3.069629462032932854e-02 2.980232238769531250e-02
1.516008530228541495e+01 3.030966831070668749e-02 2.980232238769531250e-02
1.526016901980520579e+01 2.996901325115022829e-02 2.980232238769531250e-02
1.536028844696910411e+01 2.952045151394364769e-02 2.980232238769531250e-02
1.546018238599979000e+01 2.938801995425968649e-02 2.980232238769531250e-02
1.556018596824832123e+01 2.912742558277717914e-02 2.980232238769531250e-02
1.566018715656100824e+01 2.891091434287686168e-02 2.980232238769531250e-02
1.576017128895625774e+01 2.856871624752398836e-02 2.980232238769531250e-02
1.586022654335216053e+01 2.826567987019455025e-02 2.980232238769531250e-02
1.596027194439420605e+01 2.799232862345715778e-02 2.980232238769531250e-02
1.606019988436615265e+01 2.773302068514683916e-02 2.980232238769531250e-02
1.616001619001476186e+01 2.739289760053729983e-02 2.980232238769531250e-02
1.626011267441217711e+01 2.719894525670794178e-02 2.980232238769531250e-02
1.636015423131000901e+01 2.681372339012513817e-02 2.980232238769531250e-02
1.646013567016607482e+01 2.644722287172509428e-02 2.980232238769531250e-02
1.656007240838085437e+01 2.642803019213953858e-02 2.980232238769531250e-02
1.665992901383054914e+01 2.623147410351528430e-02 2.980232238769531250e-02
1.676002219346689159e+01 2.586325820720673102e-02 2.980232238769531250e-02
1.686003790855481910e+01 2.566714030476641845e-02 2.980232238769531250e-02
1.696008931641028283e+01 2.524413462243485506e-02 2.980232238769531250e-02
1.706015857686212200e+01 2.512406172569249529e-02 2.980232238769531250e-02
1.716002510614071497e+01 2.492458442381505213e-02 2.980232238769531250e-02
1.726005228275917602e+01 2.471749816439105379e-02 2.980232238769531250e-02
1.736004143261135368e+01 2.446658124973020987e-02 2.980232238769531250e-02
1.746000211235884692e+01 2.422936662864935697e-02 2.980232238769531250e-02
1.756012122361867966e+01 2.397923550884185906e-02 2.980232238769531250e-02
1.766014398804343344e+01 2.383343764584163610e-02 2.980232238769531250e-02
1.776015571561410411e+01 2.353270182335436694e-02 2.980232238769531250e-02
1.786014681601529830e+01 2.325790089406182953e-02 2.980232238769531250e-02
1.796008276126707415e+01 2.314142570763078749e-02 2.980232238769531250e-02
1.806015261825141849e+01 2.283756423531956709e-02 2.980232238769531250e-02
1.816009831592651835e+01 2.276548073643130943e-02 2.980232238769531250e-02
1.826011438206822390e+01 2.251908888099544287e-02 2.980232238769531250e-02
1.836018372585242631e+01 2.228520645052708971e-02 2.980232238769531250e-02
1.846011248160125007e+01 2.202670620375780236e-02 2.980232238769531250e-02
1.856012405487159711e+01 2.183266883015357041e-02 2.980232238769531250e-02
1.866007499050376595e+01 2.175175781729209862e-02 2.980232238769531250e-02
1.876012430072754356e+01 2.153261620513816088e-02 2.980232238769531250e-02
1.886008617154970324e+01 2.129113119861478914e-02 2.980232238769531250e-02
1.896000428863321119e+01 2.103681830589555768e-02 2.980232238769531250e-02
1.906004619657873178e+01 2.095168054926557083e-02 2.980232238769531250e-02
1.916012450871170714e+01 2.069124313462289422e-02 2.980232238769531250e-02
1.926014135632459556e+01 2.053839990251708769e-02 2.980232238769531250e-02
1.936003992471836455e+01 2.030353246168359327e-02 2.980232238769531250e-02
1.946009659168149142e+01 2.017219446186303833e-02 2.980232238769531250e-02
1.956009751796509732e+01 1.991451659651060496e-02 2.980232238769531250e-02
1.966003308899824376e+01 1.976221056361604500e-02 2.980232238769531250e-02
1.976006350907396580e+01 1.958286659456803108e-02 2.980232238769531250e-02
1.986013807476350834e+01 1.932311892786960777e-02 2.980232238769531250e-02
1.996016270699268702e+01 1.922554189004039432e-02 2.980232238769531250e-02
2.006011812007354322e+01 1.901427769259112638e-02 2.980232238769531250e-02
2.016010605821437096e+01 1.891283514165555124e-02 2.980232238769531250e-02
2.026020834532102199e+01 1.866314733928726294e-02 2.980232238769531250e-02
2.036015264346706388e+01 1.855305282201039768e-02 2.980232238769531250e-02
2.046014229129198014e+01 1.839109615865527209e-02 2.980232238769531250e-02
2.056020556242132713e+01 1.813532586196529850e-02 2.980232238769531250e-02
2.066006737361054846e+01 1.802660564509567243e-02 2.980232238769531250e-02
2.076011273190236039e+01 1.796898633847841126e-02 2.980232238769531250e-02
2.086019097974652325e+01 1.766706602055185399e-02 2.980232238769531250e-02
2.096013179077616329e+01 1.758262247489837671e-02 2.980232238769531250e-02
2.106005425085002614e+01 1.734694219371692159e-02 2.980232238769531250e-02
2.116004591121704337e+01 1.720333007960467980e-02 2.980232238769531250e-02
2.126006410376831823e+01 1.708731131708510903e-02 2.980232238769531250e-02
2.136004018857844144e+01 1.702221030490344567e-02 2.980232238769531250e-02
2.146015210129004203e+01 1.687153836667897033e-02 2.980232238769531250e-02
2.156018961599651362e+01 1.668165329628953919e-02 2.980232238769531250e-02
2.166014215802494647e+01 1.652255310370983471e-02 2.980232238769531250e-02
2.176005975325295339e+01 1.637301433365613568e-02 2.980232238769531250e-02
2.186002365495255262e+01 1.625768976961182444e-02 2.980232238769531250e-02
2.196015797577956619e+01 1.601627503870314828e-02 2.980232238769531250e-02
2.206015327450682051e+01 1.589889859174428016e-02 2.980232238769531250e-02
2.216022562432646836e+01 1.573765425437703008e-02 2.980232238769531250e-02
2.226023762596713595e+01 1.568892415521334210e-02 2.980232238769531250e-02
2.236012187475994395e+01 1.559108794166385453e-02 2.980232238769531250e-02
2.246005770765591691e+01 1.541197701786341245e-02 2.980232238769531250e-02
2.256004550991068669e+01 1.529469246397772986e-02 2.980232238769531250e-02
2.266007914369372855e+01 1.520319114108625164e-02 2.980232238769531250e-02
2.276000806581113878e+01 1.503937545824794025e-02 2.980232238769531250e-02
2.286010844514616380e+01 1.491231760971124115e-02 2.980232238769531250e-02
2.296007356234825281e+01 1.480447661667862180e-02 2.980232238769531250e-02
2.306005103070280882e+01 1.464283510842227104e-02 2.980232238769531250e-02
2.316011535778469366e+01 1.461891312763610729e-02 2.980232238769531250e-02
2.326004152122711943e+01 1.450335605147502066e-02 2.980232238769531250e-02
2.336003177061514791e+01 1.430590553844327678e-02 2.980232238769531250e-02
2.345997616252074280e+01 1.421633746634810846e-02 2.980232238769531250e-02
2.355996558789114559e+01 1.402111524221794081e-02 2.980232238769531250e-02
2.366005677356592685e+01 1.396773746886454531e-02 2.980232238769531250e-02
2.376008499752514425e+01 1.381409699712615735e-02 2.980232238769531250e-02
2.386008650357267769e+01 1.369661264907076625e-02 2.980232238769531250e-02
2.396008208139831552e+01 1.358574780608596405e-02 2.980232238769531250e-02
2.406007349624439229e+01 1.348636059571153151e-02 2.980232238769531250e-02
2.416005355753632244e+01 1.329260430602273446e-02 2.980232238769531250e-02
2.426000100264842274e+01 1.325092046044803323e-02 2.980232238769531250e-02
2.436013464581442989e+01 1.309862142509259086e-02 2.980232238769531250e-02
2.446023033168192740e+01 1.304188851275513844e-02 2.980232238769531250e-02
2.456010370727704029e+01 1.294231309967176780e-02 2.980232238769531250e-02
2.466007991705158631e+01 1.285304115620252569e-02 2.980232238769531250e-02
2.476007853616273735e+01 1.269780767894390650e-02 2.980232238769531250e-02
2.486010699666847046e+01 1.258877905843536205e-02 2.980232238769531250e-02
2.496012068606717094e+01 1.248491726235173571e-02 2.980232238769531250e-02
2.506011884904720333e+01 1.247115592793335281e-02 2.980232238769531250e-02
2.516016461492254663e+01 1.231998298957680954e-02 2.980232238769531250e-02
2.526004864631245894e+01 1.216788289639753745e-02 2.980232238769531250e-02
2.536000880997600149e+01 1.210891744722290136e-02 2.980232238769531250e-02
2.546000763258749444e+01 1.199468358663943746e-02 2.980232238769531250e-02
2.556005256491409483e+01 1.190197735808350143e-02 2.980232238769531250e-02
2.566007495662108084e+01 1.181381233905728217e-02 2.980232238769531250e-02
2.576001284207799458e+01 1.172445290336696089e-02 2.980232238769531250e-02
2.586005665426739952e+01 1.164576481220554183e-02 2.980232238769531250e-02
2.595995283772588991e+01 1.151191896910491730e-02 2.980232238769531250e-02
2.605992768761304035e+01 1.146579592824728544e-02 2.980232238769531250e-02
2.616008588888359654e+01 1.132800069771594531e-02 2.980232238769531250e-02
2.626013639090650997e+01 1.127189863351166221e-02 2.980232238769531250e-02
2.636010086664784069e+01 1.117532027389672028e-02 2.980232238769531250e-02
2.646009292255724077e+01 1.105119089724372616e-02 2.980232238769531250e-02
2.656009163346045199e+01 1.100441015663237987e-02 2.980232238769531250e-02
2.666007616590135143e+01 1.088994599616080472e-02 2.980232238769531250e-02
2.676007911660554939e+01 1.077358203052471153e-02 2.980232238769531250e-02
2.686008193545500689e+01 1.074142351406516538e-02 2.980232238769531250e-02
2.696008527403073884e+01 1.066036839744551046e-02 2.980232238769531250e-02
2.706014568371496409e+01 1.055644939526387271e-02 2.980232238769531250e-02
2.716014672685720654e+01 1.050484418758201866e-02 2.980232238769531250e-02
2.726011201775047255e+01 1.038177934485501330e-02 2.980232238769531250e-02
2.736011629044526217e+01 1.034557171876214487e-02 2.980232238769531250e-02
2.746009456312569696e+01 1.019557655004844909e-02 2.980232238769531250e-02
2.756010111326260414e+01 1.014321875975111170e-02 2.980232238769531250e-02
2.766000659215977819e+01 1.008362520120593964e-02 2.980232238769531250e-02
2.775996930878592650e+01 9.959038138075172741e-03 2.980232238769531250e-02
2.786001736508387339e+01 9.917064234735165074e-03 2.980232238769531250e-02
2.796003666424917711e+01 9.824516154494124243e-03 2.980232238769531250e-02
2.806007318658330973e+01 9.697630263344733659e-03 2.980232238769531250e-02
2.816002575392253959e+01 9.631582101259326956e-03 2.980232238769531250e-02
2.826008618070721923e+01 9.544304423262151005e-03 2.980232238769531250e-02
2.836011268337557567e+01 9.536659646276604563e-03 2.980232238769531250e-02
2.846006766072591532e+01 9.437481685802100173e-03 2.980232238769531250e-02
2.856002342132942928e+01 9.416621463349546250e-03 2.980232238769531250e-02
2.865999923614900879e+01 9.271608044928589254e-03 2.980232238769531250e-02
2.876004741964181477e+01 9.205364892143928779e-03 2.980232238769531250e-02
2.886004046337784956e+01 9.156861372834501633e-03 2.980232238769531250e-02
2.896008102924385952e+01 9.086173922957629934e-03 2.980232238769531250e-02
2.906013056701853259e+01 9.027499069928196507e-03 2.980232238769531250e-02
2.916008342699372236e+01 8.967855992665786646e-03 2.980232238769531250e-02
2.926005396200691067e+01 8.901346480767777236e-03 2.980232238769531250e-02
2.936006015490019294e+01 8.820740406739101258e-03 2.980232238769531250e-02
2.946008302370103493e+01 8.774739235910017365e-03 2.980232238769531250e-02
2.956005136911289100e+01 8.665100681401187444e-03 2.980232238769531250e-02
2.966004211127815182e+01 8.586567790352044038e-03 2.980232238769531250e-02
2.976008309869055068e+01 8.544001710765608548e-03 2.980232238769531250e-02
2.986006866468150278e+01 8.456109433224168193e-03 2.980232238769531250e-02
2.996000836426628311e+01 8.370555188516357048e-03 2.980232238769531250e-02
3.005998672307784148e+01 8.314467000966385690e-03 2.980232238769531250e-02
3.015999329076658597e+01 8.285053492279530196e-03 2.980232238769531250e-02
3.025997071981619158e+01 8.194123257624454093e-03 2.980232238769531250e-02
3.035998250913087304e+01 8.164457511663239520e-03 2.980232238769531250e-02
3.046003667608819399e+01 8.090865081257350711e-03 2.980232238769531250e-02
3.056001139595522531e+01 8.036908901407388561e-03 2.980232238769531250e-02
3.066003402547599066e+01 7.937429599730060070e-03 2.980232238769531250e-02
3.076012870266283983e+01 7.860142631311649308e-03 2.980232238769531250e-02
3.086005490868008394e+01 7.859873620873321365e-03 2.980232238769531250e-02
3.096001904061603582e+01 7.798914318154111236e-03 2.980232238769531250e-02
3.106011009671765066e+01 7.756277797989687139e-03 2.980232238769531250e-02
3.116010574269009226e+01 7.692155354905048925e-03 2.980232238769531250e-02
3.126007157798853697e+01 7.663280953348859670e-03 2.980232238769531250e-02
3.136002568220683173e+01 7.587394365946791008e-03 2.980232238769531250e-02
3.146005315939301639e+01 7.529904075206268754e-03 2.980232238769531250e-02
3.156011152172583678e+01 7.477552196149955810e-03 2.980232238769531250e-02
3.166012355668277323e+01 7.409290854106347080e-03 2.980232238769531250e-02
3.176010027308443640e+01 7.382914517646756158e-03 2.980232238769531250e-02
3.186006179385135795e+01 7.298725944153434952e-03 2.980232238769531250e-02
3.196011793235989273e+01 7.248144967808095585e-03 2.980232238769531250e-02
3.206002367541852749e+01 7.179367202681349869e-03 2.980232238769531250e-02
3.215992380861585787e+01 7.116775800088369353e-03 2.980232238769531250e-02
