8.899641323548096450e-02 1.326847441540267391e+04 4.694835680751173641e+03
1.762294649249977474e-01 5.018055812304381107e+03 4.694835680751173641e+03
2.662437218389693272e-01 2.543895210968571519e+03 4.694835680751173641e+03
3.649346201087940722e-01 2.103978949930644376e+03 4.694835680751173641e+03
4.635470928990934603e-01 1.598800146020479588e+03 4.694835680751173641e+03
5.630121343059290018e-01 3.970971373225474963e+02 4.694835680751173641e+03
6.637476258980694599e-01 9.837739274577816104e+02 4.694835680751173641e+03
7.630437067904533022e-01 7.459589443317727273e+02 4.694835680751173641e+03
8.639090016071222511e-01 6.184345751123655646e+02 4.694835680751173641e+03
9.621426022616451634e-01 6.298070512978629267e+02 4.694835680751173641e+03
1.060650350388561591e+00 2.805423637246467479e+02 4.694835680751173641e+03
1.160695738208251893e+00 2.867756908783685503e+02 4.694835680751173641e+03
1.260988189711796936e+00 3.006850860219892638e+02 4.694835680751173641e+03
1.360965173221828639e+00 2.571064608723145284e+02 4.694835680751173641e+03
1.459516200429978205e+00 2.044838369579447317e+02 4.694835680751173641e+03
1.559771173841701275e+00 1.994325380337086244e+02 4.694835680751173641e+03
1.660823609444051829e+00 1.158191966019348911e+02 4.694835680751173641e+03
1.760863065096903490e+00 2.209823852444942531e+02 4.694835680751173641e+03
1.860831138252939221e+00 9.188605837926115782e+01 4.694835680751173641e+03
1.960558372004485239e+00 1.692359168210923599e+02 4.694835680751173641e+03
2.060584726315924708e+00 1.360541151671932312e+02 4.694835680751173641e+03
2.160729659345701492e+00 9.828339908644556999e+01 4.694835680751173641e+03
2.260719120019153650e+00 1.068571140592357551e+02 4.694835680751173641e+03
2.361163348282317553e+00 1.648075883443389102e+02 4.694835680751173641e+03
2.461248779664896524e+00 9.620833782427234837e+01 4.694835680751173641e+03
2.561100761153063843e+00 1.490796020406432945e+02 4.694835680751173641e+03
2.660769167700723692e+00 1.013416369805991053e+02 4.694835680751173641e+03
2.760458960728367384e+00 6.583384271415798139e+01 4.694835680751173641e+03
2.860591290042267865e+00 8.933250018831950001e+01 4.694835680751173641e+03
2.960639175481798446e+00 2.062099414225212968e+01 4.694835680751173641e+03
3.060358024137067812e+00 5.306174640847893897e+01 4.694835680751173641e+03
3.160794728097130246e+00 3.988336280134626577e+01 4.694835680751173641e+03
3.261199944599915135e+00 4.472253445621663559e+01 4.694835680751173641e+03
3.360749919420539911e+00 5.578965239513036067e+01 4.694835680751173641e+03
3.459835126459389176e+00 5.013138161297956685e+01 4.694835680751173641e+03
3.560188740940378516e+00 1.589868851347819145e+01 4.694835680751173641e+03
3.660846965852959656e+00 4.249418323463396518e+01 4.694835680751173641e+03
3.760451276577104540e+00 -8.164045233227625431e+00 4.694835680751173641e+03
3.860212202906779577e+00 4.713498270028139814e+00 4.694835680751173641e+03
3.960532647077731117e+00 6.500229040051635820e+01 4.694835680751173641e+03
4.060962209834743319e+00 8.836255290534973028e+01 4.694835680751173641e+03
4.160148069051775366e+00 7.136674091441454948e+01 4.694835680751173641e+03
4.259582262654759255e+00 4.389945414892918052e+01 4.694835680751173641e+03
4.360164345516578166e+00 7.809787188040536421e+01 4.694835680751173641e+03
4.460573579149521350e+00 7.568416437937412411e+01 4.694835680751173641e+03
4.560530149156328150e+00 5.200656056259504112e+01 4.694835680751173641e+03
4.660287485696529508e+00 8.103555277477516938e+01 4.694835680751173641e+03
4.760262084699077079e+00 8.507163258819036855e+01 4.694835680751173641e+03
4.860447565083823029e+00 3.531970437720246991e+01 4.694835680751173641e+03
4.960628913369701465e+00 3.651873645326577389e+01 4.694835680751173641e+03
5.060804152253668420e+00 3.754977827532002266e+01 4.694835680751173641e+03
5.160609437996754423e+00 1.223005917649334151e+01 4.694835680751173641e+03
5.260521321794523253e+00 -8.013924331235102727e-01 4.694835680751173641e+03
5.360542927541686709e+00 -2.686913881853070052e+01 4.694835680751173641e+03
5.460351121480531589e+00 -7.284826657230041747e+00 4.694835680751173641e+03
5.560202561635490426e+00 1.187421441630249319e+01 4.694835680751173641e+03
5.660212261175133541e+00 -3.553328138083907106e+01 4.694835680751173641e+03
5.760666909301913385e+00 -1.622019431834814895e+01 4.694835680751173641e+03
5.860488403937768709e+00 1.053569457875710214e+00 4.694835680751173641e+03
5.960286234654308402e+00 -1.504067760467933113e+01 4.694835680751173641e+03
6.060495439198260392e+00 -2.713748294139531936e+01 4.694835680751173641e+03
6.160172772110693806e+00 -2.755047187211766868e+01 4.694835680751173641e+03
6.260000307388036589e+00 -2.309581186564628297e+01 4.694835680751173641e+03
6.360019877723115833e+00 -1.312707302799208264e+01 4.694835680751173641e+03
6.460393176898672429e+00 -1.057911955882718757e+01 4.694835680751173641e+03
6.560712870799073393e+00 -5.328744971357082250e+00 4.694835680751173641e+03
6.660315614630555103e+00 3.322255024120750022e+00 4.694835680751173641e+03
6.760348783000822870e+00 -5.834590724396730366e+01 4.694835680751173641e+03
6.860507314965895276e+00 -9.760886643175581412e+00 4.694835680751173641e+03
6.960389334265283168e+00 -5.067063284034611570e+01 4.694835680751173641e+03
7.060034423048193730e+00 -4.269951081006547611e+01 4.694835680751173641e+03
7.159957956516346478e+00 -4.088738971798829880e+01 4.694835680751173641e+03
7.260192657847024833e+00 -4.689500761939962103e+01 4.694835680751173641e+03
7.360108533827269817e+00 -2.230444827143310249e+01 4.694835680751173641e+03
7.460339090618184343e+00 -4.216184886973951507e+01 4.694835680751173641e+03
7.560411676181439056e+00 -2.290563481614663033e+01 4.694835680751173641e+03
7.660346114771154014e+00 -8.958780636208757642e+00 4.694835680751173641e+03
7.760391007741484160e+00 -4.223007650040926819e+00 4.694835680751173641e+03
7.860072651402888688e+00 -3.407039069814436516e+01 4.694835680751173641e+03
7.959955397583765802e+00 -2.828615157032436400e+01 4.694835680751173641e+03
8.060172532623253616e+00 -2.156500113952279207e+01 4.694835680751173641e+03
8.160169871096277561e+00 -1.029797676736779977e+01 4.694835680751173641e+03
8.260209309247560583e+00 -1.118973667906811897e+01 4.694835680751173641e+03
8.360295260333263201e+00 -3.418132081596195349e+01 4.694835680751173641e+03
8.460314428833417111e+00 -1.299452727019615850e+01 4.694835680751173641e+03
8.560221857099927334e+00 -1.623343743797249772e+01 4.694835680751173641e+03
8.660164637941472066e+00 -2.206976049592230993e+01 4.694835680751173641e+03
8.760181857056902999e+00 -2.838658696195761877e+01 4.694835680751173641e+03
8.860218717977446090e+00 -6.561508026778028579e+00 4.694835680751173641e+03
8.960267699615021897e+00 3.697264222454577975e+00 4.694835680751173641e+03
9.060158543440742562e+00 1.656446469496495411e+01 4.694835680751173641e+03
9.160314747803932178e+00 -3.188716070621285326e+01 4.694835680751173641e+03
9.260376927016194415e+00 -1.124495729187401594e+01 4.694835680751173641e+03
9.360208025918709041e+00 -1.183902704030606401e+01 4.694835680751173641e+03
9.460075101117821461e+00 -1.547471996043441322e+01 4.694835680751173641e+03
9.559992906282033687e+00 -1.889738462941932085e+01 4.694835680751173641e+03
9.660236476231109037e+00 -1.223080649219264160e+01 4.694835680751173641e+03
9.760211827678935137e+00 -5.393609252560963796e+00 4.694835680751173641e+03
9.860087741133007455e+00 -1.874606368187414773e+01 4.694835680751173641e+03
9.960113214171899543e+00 -1.907804710262371373e+01 4.694835680751173641e+03
1.006014253496011435e+01 -1.975925872174502729e+01 4.694835680751173641e+03
1.016015305856116946e+01 -2.270624717627561040e+01 4.694835680751173641e+03
1.026012791460989426e+01 -8.485636169529243489e+00 4.694835680751173641e+03
1.036009715580952850e+01 -2.307402138408178871e+01 4.694835680751173641e+03
1.045999384679854316e+01 -2.049004631772277207e+01 4.694835680751173641e+03
1.055998031172832619e+01 -3.073511786221934017e+01 4.694835680751173641e+03
1.066015733025465018e+01 -2.733644326330431795e+01 4.694835680751173641e+03
1.076005445242803127e+01 -2.718274473013934767e+01 4.694835680751173641e+03
1.086017199500644104e+01 -2.254982678439773736e+01 4.694835680751173641e+03
1.096035721378511774e+01 -2.284665020283318881e+01 4.694835680751173641e+03
1.106014543005698059e+01 -1.144642687899340672e+01 4.694835680751173641e+03
1.116013746602539669e+01 -1.992032691904751118e+01 4.694835680751173641e+03
1.126001995331923311e+01 2.989217401834139309e+00 4.694835680751173641e+03
1.135997563511528519e+01 5.658616499847994419e+00 4.694835680751173641e+03
1.146027771572255105e+01 -6.587837448023492470e-03 4.694835680751173641e+03
1.156025344308602243e+01 1.275776925697664410e+01 4.694835680751173641e+03
1.166020264054967370e+01 6.199391920886228036e+00 4.694835680751173641e+03
1.176010824919332443e+01 1.013207098332077294e+01 4.694835680751173641e+03
1.186009918100251248e+01 -8.045384243155240256e+00 4.694835680751173641e+03
1.196022404466052436e+01 -3.138693638284166809e+00 4.694835680751173641e+03
1.206014086953631015e+01 8.464390629125773557e+00 4.694835680751173641e+03
1.216012200167176260e+01 9.202287031794185168e+00 4.694835680751173641e+03
1.225991162114084787e+01 4.391261549577393453e+00 4.694835680751173641e+03
1.235998963976033949e+01 3.047505089533842693e+00 4.694835680751173641e+03
1.246019708267939308e+01 6.334134792783515877e+00 4.694835680751173641e+03
1.256029988740128189e+01 -1.075703520774641220e+01 4.694835680751173641e+03
1.266021832804886849e+01 2.712431723273766693e+00 4.694835680751173641e+03
1.276011783806912625e+01 1.256928216112373775e+01 4.694835680751173641e+03
1.286027643411210342e+01 1.911087640669120447e+01 4.694835680751173641e+03
1.296020505403111756e+01 2.491988463565030543e+01 4.694835680751173641e+03
1.306004381250698110e+01 2.368374416643473523e+01 4.694835680751173641e+03
1.316008799938249751e+01 1.249034749314978399e+01 4.694835680751173641e+03
1.326024158855983259e+01 2.079404641408655152e+01 4.694835680751173641e+03
1.336025563904201441e+01 2.341712032585655834e+01 4.694835680751173641e+03
1.346008251893918484e+01 1.942891323782805557e+01 4.694835680751173641e+03
1.356002845306179871e+01 1.085716173286618869e+01 4.694835680751173641e+03
1.366017449007571649e+01 1.088663299121253658e+01 4.694835680751173641e+03
1.376018618598503629e+01 -1.255582827612670371e+00 4.694835680751173641e+03
1.386016602641027795e+01 -2.472116088883012708e+00 4.694835680751173641e+03
1.396016603220776808e+01 -9.913019000918211532e+00 4.694835680751173641e+03
1.406021375009726349e+01 6.873552632964674558e+00 4.694835680751173641e+03
1.416017889984025935e+01 7.533289282437181100e+00 4.694835680751173641e+03
1.426021760910094116e+01 -1.324592296195442032e+01 4.694835680751173641e+03
1.436020568897167315e+01 -1.293364557722452446e+01 4.694835680751173641e+03
1.446009957908403720e+01 -5.575061247955090948e-01 4.694835680751173641e+03
1.456020661983343167e+01 9.580615755503458786e-01 4.694835680751173641e+03
1.466035845314601893e+01 2.850889478573662927e+00 4.694835680751173641e+03
1.476027873150629333e+01 1.440105715425761446e+01 4.694835680751173641e+03
1.486011958734484217e+01 1.605611619369847176e+01 4.694835680751173641e+03
1.496014783579061636e+01 3.255708374102141534e+00 4.694835680751173641e+03
1.506017080873394143e+01 1.475492769946868066e+00 4.694835680751173641e+03
1.516008530228541495e+01 2.663191574036318343e+00 4.694835680751173641e+03
1.526016901980520579e+01 1.635402779398646089e+01 4.694835680751173641e+03
1.536028844696910411e+01 1.515657655281393090e+01 4.694835680751173641e+03
1.546018238599979000e+01 9.051764119732979452e+00 4.694835680751173641e+03
1.556018596824832123e+01 6.500640950111119309e+00 4.694835680751173641e+03
1.566018715656100824e+01 8.320824623784574214e+00 4.694835680751173641e+03
1.576017128895625774e+01 9.070034319644037168e+00 4.694835680751173641e+03
1.586022654335216053e+01 1.176495640141365584e+01 4.694835680751173641e+03
1.596027194439420605e+01 4.416018433867066051e+00 4.694835680751173641e+03
1.606019988436615265e+01 1.159554390881567087e+00 4.694835680751173641e+03
1.616001619001476186e+01 -5.897059406543121440e-01 4.694835680751173641e+03
1.626011267441217711e+01 -3.771542581751418766e+00 4.694835680751173641e+03
1.636015423131000901e+01 -5.300765977606715751e+00 4.694835680751173641e+03
1.646013567016607482e+01 1.857690222553173953e+00 4.694835680751173641e+03
1.656007240838085437e+01 -1.383544244426957448e-01 4.694835680751173641e+03
1.665992901383054914e+01 -6.867427550536376657e+00 4.694835680751173641e+03
1.676002219346689159e+01 -7.405124542401608778e-02 4.694835680751173641e+03
1.686003790855481910e+01 7.041855738681078947e+00 4.694835680751173641e+03
1.696008931641028283e+01 -3.118251914916982059e+00 4.694835680751173641e+03
1.706015857686212200e+01 -9.774413685006038577e+00 4.694835680751173641e+03
1.716002510614071497e+01 -5.155024994985978992e+00 4.694835680751173641e+03
1.726005228275917602e+01 -5.052578060199266474e+00 4.694835680751173641e+03
1.736004143261135368e+01 -9.823338571999556734e+00 4.694835680751173641e+03
1.746000211235884692e+01 -7.456092504845400981e+00 4.694835680751173641e+03
1.756012122361867966e+01 1.969168229670685832e+00 4.694835680751173641e+03
1.766014398804343344e+01 7.410792993629002012e+00 4.694835680751173641e+03
1.776015571561410411e+01 -7.167256275264662690e+00 4.694835680751173641e+03
1.786014681601529830e+01 -1.894435489658462757e+00 4.694835680751173641e+03
1.796008276126707415e+01 -1.869343758826289559e+00 4.694835680751173641e+03
1.806015261825141849e+01 1.685664781449304428e+00 4.694835680751173641e+03
1.816009831592651835e+01 -2.173153759947126673e+01 4.694835680751173641e+03
1.826011438206822390e+01 -3.853195173216590774e+00 4.694835680751173641e+03
1.836018372585242631e+01 -8.699811568028962938e+00 4.694835680751173641e+03
1.846011248160125007e+01 -2.065184815966495080e+01 4.694835680751173641e+03
1.856012405487159711e+01 -1.769791478154365905e+01 4.694835680751173641e+03
1.866007499050376595e+01 -1.557027461971847515e+01 4.694835680751173641e+03
1.876012430072754356e+01 -2.767369283837979310e+00 4.694835680751173641e+03
1.886008617154970324e+01 -1.367032161947645363e+01 4.694835680751173641e+03
1.896000428863321119e+01 -6.182757133965424146e+00 4.694835680751173641e+03
1.906004619657873178e+01 -2.237680633815216424e+00 4.694835680751173641e+03
1.916012450871170714e+01 -3.368406351221892692e+00 4.694835680751173641e+03
1.926014135632459556e+01 -1.037441454191230150e+01 4.694835680751173641e+03
1.936003992471836455e+01 -1.692495899809364346e+01 4.694835680751173641e+03
1.946009659168149142e+01 -7.417123191072278132e+00 4.694835680751173641e+03
1.956009751796509732e+01 -5.787059429162582092e+00 4.694835680751173641e+03
1.966003308899824376e+01 -1.722033992046726780e+01 4.694835680751173641e+03
1.976006350907396580e+01 -8.289779575463398942e+00 4.694835680751173641e+03
1.986013807476350834e+01 -6.365286939007091860e+00 4.694835680751173641e+03
1.996016270699268702e+01 3.828660069796569587e+00 4.694835680751173641e+03
2.006011812007354322e+01 -1.292108667862885341e+01 4.694835680751173641e+03
2.016010605821437096e+01 -1.010656140829905780e+01 4.694835680751173641e+03
2.026020834532102199e+01 -3.100905356348448549e+00 4.694835680751173641e+03
2.036015264346706388e+01 -5.127931021153926849e+00 4.694835680751173641e+03
2.046014229129198014e+01 -9.636228242297875113e-01 4.694835680751173641e+03
2.056020556242132713e+01 7.366907946152423392e-01 4.694835680751173641e+03
2.066006737361054846e+01 -3.957025741136021679e+00 4.694835680751173641e+03
2.076011273190236039e+01 -7.535985946808978042e+00 4.694835680751173641e+03
2.086019097974652325e+01 -4.316186388890855596e+00 4.694835680751173641e+03
2.096013179077616329e+01 -7.646602763516966661e+00 4.694835680751173641e+03
2.106005425085002614e+01 -1.390815484180166095e+00 4.694835680751173641e+03
2.116004591121704337e+01 -3.733465043895193958e+00 4.694835680751173641e+03
2.126006410376831823e+01 -3.346426465649528836e+00 4.694835680751173641e+03
2.136004018857844144e+01 -2.168865901122444484e+00 4.694835680751173641e+03
2.146015210129004203e+01 -3.578588859152660007e+00 4.694835680751173641e+03
2.156018961599651362e+01 -1.150428767986340972e+01 4.694835680751173641e+03
2.166014215802494647e+01 -7.212764995438192273e-02 4.694835680751173641e+03
2.176005975325295339e+01 -3.565762611346144695e+00 4.694835680751173641e+03
2.186002365495255262e+01 -1.218024346550919290e+00 4.694835680751173641e+03
2.196015797577956619e+01 -8.787053382256999612e+00 4.694835680751173641e+03
2.206015327450682051e+01 1.691051507124029740e+00 4.694835680751173641e+03
2.216022562432646836e+01 -4.235161830447395914e-01 4.694835680751173641e+03
2.226023762596713595e+01 -1.810433605070102203e+00 4.694835680751173641e+03
2.236012187475994395e+01 -1.874859809592817328e+01 4.694835680751173641e+03
2.246005770765591691e+01 -2.070004672228151321e+01 4.694835680751173641e+03
2.256004550991068669e+01 -1.336575705441282480e+01 4.694835680751173641e+03
2.266007914369372855e+01 -8.159811208711289510e+00 4.694835680751173641e+03
2.276000806581113878e+01 -8.827284640091420442e+00 4.694835680751173641e+03
2.286010844514616380e+01 -9.279562444844486890e+00 4.694835680751173641e+03
2.296007356234825281e+01 -6.862837603021034738e+00 4.694835680751173641e+03
2.306005103070280882e+01 -6.377015798670072400e+00 4.694835680751173641e+03
2.316011535778469366e+01 -8.857246731399754935e+00 4.694835680751173641e+03
2.326004152122711943e+01 3.827837500463829201e+00 4.694835680751173641e+03
2.336003177061514791e+01 -1.310945040301976405e+01 4.694835680751173641e+03
2.345997616252074280e+01 2.735720200626019505e-01 4.694835680751173641e+03
2.355996558789114559e+01 -8.388313695291799377e+00 4.694835680751173641e+03
2.366005677356592685e+01 -1.326301653271730174e+01 4.694835680751173641e+03
2.376008499752514425e+01 -4.737538982758451311e+00 4.694835680751173641e+03
2.386008650357267769e+01 -1.193169964240951231e+01 4.694835680751173641e+03
2.396008208139831552e+01 -1.107341293515491998e+01 4.694835680751173641e+03
2.406007349624439229e+01 -2.558389519017509883e+00 4.694835680751173641e+03
2.416005355753632244e+01 -6.538153090732521378e-01 4.694835680751173641e+03
2.426000100264842274e+01 -1.006678429166186106e+01 4.694835680751173641e+03
2.436013464581442989e+01 -1.082820855961381312e+01 4.694835680751173641e+03
2.446023033168192740e+01 -4.380083070826003677e+00 4.694835680751173641e+03
2.456010370727704029e+01 -7.158825468499344424e+00 4.694835680751173641e+03
2.466007991705158631e+01 -1.539822283402008907e+01 4.694835680751173641e+03
2.476007853616273735e+01 -2.035437974330579891e+01 4.694835680751173641e+03
2.486010699666847046e+01 -1.600085618865068682e+01 4.694835680751173641e+03
2.496012068606717094e+01 -1.670649974303887575e+01 4.694835680751173641e+03
2.506011884904720333e+01 -1.581095074972290604e+01 4.694835680751173641e+03
2.516016461492254663e+01 -9.242758984409192635e+00 4.694835680751173641e+03
2.526004864631245894e+01 -2.052916244255447964e+01 4.694835680751173641e+03
2.536000880997600149e+01 -1.662871349282431765e+01 4.694835680751173641e+03
2.546000763258749444e+01 -9.002067193091534136e+00 4.694835680751173641e+03
2.556005256491409483e+01 -1.423720245949152741e+01 4.694835680751173641e+03
2.566007495662108084e+01 -1.617843618801816774e+01 4.694835680751173641e+03
2.576001284207799458e+01 -1.000247636916810734e+01 4.694835680751173641e+03
2.586005665426739952e+01 -1.808716206653389236e+01 4.694835680751173641e+03
2.595995283772588991e+01 -1.905519069834554102e+01 4.694835680751173641e+03
2.605992768761304035e+01 -1.694417202910244669e+01 4.694835680751173641e+03
2.616008588888359654e+01 -1.954727839957649849e+01 4.694835680751173641e+03
2.626013639090650997e+01 -2.382535881136664102e+01 4.694835680751173641e+03
2.636010086664784069e+01 -2.118057103815044684e+01 4.694835680751173641e+03
2.646009292255724077e+01 -2.073763184004474169e+01 4.694835680751173641e+03
2.656009163346045199e+01 -2.346519552557765564e+01 4.694835680751173641e+03
2.666007616590135143e+01 -2.398049840696421597e+01 4.694835680751173641e+03
2.676007911660554939e+01 -2.538752039484552370e+01 4.694835680751173641e+03
2.686008193545500689e+01 -2.648594971610145876e+01 4.694835680751173641e+03
2.696008527403073884e+01 -2.510230188260084105e+01 4.694835680751173641e+03
2.706014568371496409e+01 -2.151674223806094233e+01 4.694835680751173641e+03
2.716014672685720654e+01 -2.178109347042754962e+01 4.694835680751173641e+03
2.726011201775047255e+01 -1.926011759927587264e+01 4.694835680751173641e+03
2.736011629044526217e+01 -2.960101729744656041e+01 4.694835680751173641e+03
2.746009456312569696e+01 -2.569020117819218285e+01 4.694835680751173641e+03
2.756010111326260414e+01 -1.538194028681118652e+01 4.694835680751173641e+03
2.766000659215977819e+01 -2.534239617203002126e+01 4.694835680751173641e+03
2.775996930878592650e+01 -2.706303094675058674e+01 4.694835680751173641e+03
2.786001736508387339e+01 -3.259967550349210796e+01 4.694835680751173641e+03
2.796003666424917711e+01 -3.445568400949377974e+01 4.694835680751173641e+03
2.806007318658330973e+01 -3.047298796878567373e+01 4.694835680751173641e+03
2.816002575392253959e+01 -3.497223970729646680e+01 4.694835680751173641e+03
2.826008618070721923e+01 -3.371539388089968270e+01 4.694835680751173641e+03
2.836011268337557567e+01 -3.054235271039397048e+01 4.694835680751173641e+03
2.846006766072591532e+01 -2.892530938992149458e+01 4.694835680751173641e+03
2.856002342132942928e+01 -4.069801549315798184e+01 4.694835680751173641e+03
2.865999923614900879e+01 -2.956026108961123100e+01 4.694835680751173641e+03
2.876004741964181477e+01 -2.793415048473707429e+01 4.694835680751173641e+03
2.886004046337784956e+01 -3.184502604942099424e+01 4.694835680751173641e+03
2.896008102924385952e+01 -3.985897755866244552e+01 4.694835680751173641e+03
2.906013056701853259e+01 -2.817753139651722449e+01 4.694835680751173641e+03
2.916008342699372236e+01 -2.549385697555044317e+01 4.694835680751173641e+03
2.926005396200691067e+01 -2.331448374369210796e+01 4.694835680751173641e+03
2.936006015490019294e+01 -2.804817539365831180e+01 4.694835680751173641e+03
2.946008302370103493e+01 -2.544560028259638784e+01 4.694835680751173641e+03
2.956005136911289100e+01 -2.076790829933361238e+01 4.694835680751173641e+03
2.966004211127815182e+01 -2.226910031239276577e+01 4.694835680751173641e+03
2.976008309869055068e+01 -1.834408227687617909e+01 4.694835680751173641e+03
2.986006866468150278e+01 -2.721645936368622642e+01 4.694835680751173641e+03
2.996000836426628311e+01 -2.799334708430160390e+01 4.694835680751173641e+03
3.005998672307784148e+01 -2.774606403422603762e+01 4.694835680751173641e+03
3.015999329076658597e+01 -2.787765778120956384e+01 4.694835680751173641e+03
3.025997071981619158e+01 -2.682696129794203443e+01 4.694835680751173641e+03
3.035998250913087304e+01 -2.657871762008289807e+01 4.694835680751173641e+03
3.046003667608819399e+01 -2.494182353151791176e+01 4.694835680751173641e+03
3.056001139595522531e+01 -2.792229577744546987e+01 4.694835680751173641e+03
3.066003402547599066e+01 -3.463858718652863899e+01 4.694835680751173641e+03
3.076012870266283983e+01 -3.133926687659004529e+01 4.694835680751173641e+03
3.086005490868008394e+01 -3.111324807245819102e+01 4.694835680751173641e+03
3.096001904061603582e+01 -3.204145609237639292e+01 4.694835680751173641e+03
3.106011009671765066e+01 -2.728105330266225792e+01 4.694835680751173641e+03
3.116010574269009226e+01 -2.904583341345460212e+01 4.694835680751173641e+03
3.126007157798853697e+01 -2.593481362535840162e+01 4.694835680751173641e+03
3.136002568220683173e+01 -3.232934351040785259e+01 4.694835680751173641e+03
3.146005315939301639e+01 -2.963996427998517902e+01 4.694835680751173641e+03
3.156011152172583678e+01 -2.778613693602528656e+01 4.694835680751173641e+03
3.166012355668277323e+01 -3.069115042551584338e+01 4.694835680751173641e+03
3.176010027308443640e+01 -3.218705133007097174e+01 4.694835680751173641e+03
3.186006179385135795e+01 -3.327650005801842781e+01 4.694835680751173641e+03
3.196011793235989273e+01 -3.450133758055198996e+01 4.694835680751173641e+03
3.206002367541852749e+01 -3.581942365650320426e+01 4.694835680751173641e+03
3.215992380861585787e+01 -3.914570320038819773e+01 4.694835680751173641e+03
