8.899641323548096450e-02 4.801377565532681183e+05 4.193575442422208965e+01
1.762294649249977474e-01 5.173576563446466025e+04 4.193575442422208965e+01
2.662437218389693272e-01 9.296128736021637451e+03 4.193575442422208965e+01
3.649346201087940722e-01 4.794474046712141899e+03 4.193575442422208965e+01
4.635470928990934603e-01 2.735160210142707001e+03 4.193575442422208965e+01
5.630121343059290018e-01 2.021781546408119993e+03 4.193575442422208965e+01
6.637476258980694599e-01 1.675905663486225649e+03 4.193575442422208965e+01
7.630437067904533022e-01 1.126751538210150784e+03 4.193575442422208965e+01
8.639090016071222511e-01 1.037048787153603143e+03 4.193575442422208965e+01
9.621426022616451634e-01 8.887296352430283832e+02 4.193575442422208965e+01
1.060650350388561591e+00 7.806552268676946369e+02 4.193575442422208965e+01
1.160695738208251893e+00 6.100033575335738760e+02 4.193575442422208965e+01
1.260988189711796936e+00 5.023743954897616959e+02 4.193575442422208965e+01
1.360965173221828639e+00 4.559694161284549523e+02 4.193575442422208965e+01
1.459516200429978205e+00 4.211346581605556594e+02 4.193575442422208965e+01
1.559771173841701275e+00 3.714613911665927617e+02 4.193575442422208965e+01
1.660823609444051829e+00 3.417136323413226933e+02 4.193575442422208965e+01
1.760863065096903490e+00 3.179388155846962718e+02 4.193575442422208965e+01
1.860831138252939221e+00 2.815270888252058512e+02 4.193575442422208965e+01
1.960558372004485239e+00 2.786636695033574256e+02 4.193575442422208965e+01
2.060584726315924708e+00 2.615763745182640037e+02 4.193575442422208965e+01
2.160729659345701492e+00 2.331652477746953593e+02 4.193575442422208965e+01
2.260719120019153650e+00 2.209882165387865882e+02 4.193575442422208965e+01
2.361163348282317553e+00 2.141089776055992786e+02 4.193575442422208965e+01
2.461248779664896524e+00 1.908051213688317205e+02 4.193575442422208965e+01
2.561100761153063843e+00 1.798562130848031586e+02 4.193575442422208965e+01
2.660769167700723692e+00 1.774592725784781635e+02 4.193575442422208965e+01
2.760458960728367384e+00 1.758229321367774389e+02 4.193575442422208965e+01
2.860591290042267865e+00 1.676033911392806885e+02 4.193575442422208965e+01
2.960639175481798446e+00 1.560873777274494216e+02 4.193575442422208965e+01
3.060358024137067812e+00 1.475862254701381175e+02 4.193575442422208965e+01
3.160794728097130246e+00 1.420724747505314269e+02 4.193575442422208965e+01
3.261199944599915135e+00 1.413768273912396012e+02 4.193575442422208965e+01
3.360749919420539911e+00 1.306082208878833910e+02 4.193575442422208965e+01
3.459835126459389176e+00 1.241709167010077977e+02 4.193575442422208965e+01
3.560188740940378516e+00 1.194999790885639186e+02 4.193575442422208965e+01
3.660846965852959656e+00 1.207217263563811116e+02 4.193575442422208965e+01
3.760451276577104540e+00 1.182758233728582411e+02 4.193575442422208965e+01
3.860212202906779577e+00 1.060153853812936120e+02 4.193575442422208965e+01
3.960532647077731117e+00 1.078429008160559306e+02 4.193575442422208965e+01
4.060962209834743319e+00 1.039586969533338277e+02 4.193575442422208965e+01
4.160148069051775366e+00 9.915011303118043884e+01 4.193575442422208965e+01
4.259582262654759255e+00 9.518990594493243407e+01 4.193575442422208965e+01
4.360164345516578166e+00 9.260289689156738291e+01 4.193575442422208965e+01
4.460573579149521350e+00 9.121042844086278478e+01 4.193575442422208965e+01
4.560530149156328150e+00 8.892917182834386836e+01 4.193575442422208965e+01
4.660287485696529508e+00 8.778055465906416543e+01 4.193575442422208965e+01
4.760262084699077079e+00 8.738628301228197870e+01 4.193575442422208965e+01
4.860447565083823029e+00 8.416550432869553333e+01 4.193575442422208965e+01
4.960628913369701465e+00 8.304125081205071979e+01 4.193575442422208965e+01
5.060804152253668420e+00 8.045394058502003531e+01 4.193575442422208965e+01
5.160609437996754423e+00 8.062488794283203219e+01 4.193575442422208965e+01
5.260521321794523253e+00 7.659710996035386188e+01 4.193575442422208965e+01
5.360542927541686709e+00 7.494934352867247185e+01 4.193575442422208965e+01
5.460351121480531589e+00 7.078335684026168906e+01 4.193575442422208965e+01
5.560202561635490426e+00 6.885520696672651297e+01 4.193575442422208965e+01
5.660212261175133541e+00 6.897834295258113002e+01 4.193575442422208965e+01
5.760666909301913385e+00 6.886350339935736997e+01 4.193575442422208965e+01
5.860488403937768709e+00 6.743784029843888561e+01 4.193575442422208965e+01
5.960286234654308402e+00 6.585280116936127115e+01 4.193575442422208965e+01
6.060495439198260392e+00 6.553297671314103923e+01 4.193575442422208965e+01
6.160172772110693806e+00 6.384833257132169848e+01 4.193575442422208965e+01
6.260000307388036589e+00 6.165305041692767674e+01 4.193575442422208965e+01
6.360019877723115833e+00 6.032890676114205775e+01 4.193575442422208965e+01
6.460393176898672429e+00 5.924413179515823202e+01 4.193575442422208965e+01
6.560712870799073393e+00 5.758121805284212513e+01 4.193575442422208965e+01
6.660315614630555103e+00 5.743620395429677927e+01 4.193575442422208965e+01
6.760348783000822870e+00 5.717253315299135608e+01 4.193575442422208965e+01
6.860507314965895276e+00 5.600741181201322405e+01 4.193575442422208965e+01
6.960389334265283168e+00 5.517976933563711128e+01 4.193575442422208965e+01
7.060034423048193730e+00 5.624366686948811633e+01 4.193575442422208965e+01
7.159957956516346478e+00 5.650514906716613694e+01 4.193575442422208965e+01
7.260192657847024833e+00 5.505041214736946387e+01 4.193575442422208965e+01
7.360108533827269817e+00 5.274576820922313658e+01 4.193575442422208965e+01
7.460339090618184343e+00 5.227780197356046443e+01 4.193575442422208965e+01
7.560411676181439056e+00 5.271014462940566858e+01 4.193575442422208965e+01
7.660346114771154014e+00 5.257350664031290677e+01 4.193575442422208965e+01
7.760391007741484160e+00 5.109956738652066832e+01 4.193575442422208965e+01
7.860072651402888688e+00 4.980190265435737018e+01 4.193575442422208965e+01
7.959955397583765802e+00 4.962948943276814617e+01 4.193575442422208965e+01
8.060172532623253616e+00 4.884396644956432709e+01 4.193575442422208965e+01
8.160169871096277561e+00 4.820232829124832818e+01 4.193575442422208965e+01
8.260209309247560583e+00 4.672143878123204530e+01 4.193575442422208965e+01
8.360295260333263201e+00 4.504386666690452756e+01 4.193575442422208965e+01
8.460314428833417111e+00 4.517629265122669580e+01 4.193575442422208965e+01
8.560221857099927334e+00 4.537079216766746725e+01 4.193575442422208965e+01
8.660164637941472066e+00 4.506041260485690003e+01 4.193575442422208965e+01
8.760181857056902999e+00 4.367616929360793421e+01 4.193575442422208965e+01
8.860218717977446090e+00 4.360432705997590830e+01 4.193575442422208965e+01
8.960267699615021897e+00 4.311683157908421293e+01 4.193575442422208965e+01
9.060158543440742562e+00 4.292384189050023480e+01 4.193575442422208965e+01
9.160314747803932178e+00 4.251456404711549197e+01 4.193575442422208965e+01
9.260376927016194415e+00 4.181054512303837356e+01 4.193575442422208965e+01
9.360208025918709041e+00 4.116075651764796106e+01 4.193575442422208965e+01
9.460075101117821461e+00 4.159389387039205843e+01 4.193575442422208965e+01
9.559992906282033687e+00 4.090795694085345957e+01 4.193575442422208965e+01
9.660236476231109037e+00 4.055597825155354741e+01 4.193575442422208965e+01
9.760211827678935137e+00 4.023153271699681710e+01 4.193575442422208965e+01
9.860087741133007455e+00 4.011802556010832888e+01 4.193575442422208965e+01
9.960113214171899543e+00 3.948041076188292919e+01 4.193575442422208965e+01
1.006014253496011435e+01 3.913846263662491509e+01 4.193575442422208965e+01
1.016015305856116946e+01 3.902197435973354089e+01 4.193575442422208965e+01
1.026012791460989426e+01 3.851984001019044257e+01 4.193575442422208965e+01
1.036009715580952850e+01 3.826522024398185096e+01 4.193575442422208965e+01
1.045999384679854316e+01 3.799843348651669572e+01 4.193575442422208965e+01
1.055998031172832619e+01 3.752370235786452923e+01 4.193575442422208965e+01
1.066015733025465018e+01 3.665836730044170366e+01 4.193575442422208965e+01
1.076005445242803127e+01 3.688166176771481020e+01 4.193575442422208965e+01
1.086017199500644104e+01 3.675200851706198790e+01 4.193575442422208965e+01
1.096035721378511774e+01 3.614756462597106434e+01 4.193575442422208965e+01
1.106014543005698059e+01 3.616915394576218290e+01 4.193575442422208965e+01
1.116013746602539669e+01 3.587218337021588610e+01 4.193575442422208965e+01
1.126001995331923311e+01 3.606408936873484805e+01 4.193575442422208965e+01
1.135997563511528519e+01 3.446435667027233052e+01 4.193575442422208965e+01
1.146027771572255105e+01 3.387693807245228328e+01 4.193575442422208965e+01
1.156025344308602243e+01 3.409732748031400007e+01 4.193575442422208965e+01
1.166020264054967370e+01 3.345845383280751406e+01 4.193575442422208965e+01
1.176010824919332443e+01 3.367949594187725637e+01 4.193575442422208965e+01
1.186009918100251248e+01 3.350878945907647477e+01 4.193575442422208965e+01
1.196022404466052436e+01 3.329440097266996901e+01 4.193575442422208965e+01
1.206014086953631015e+01 3.302723366910968394e+01 4.193575442422208965e+01
1.216012200167176260e+01 3.241409539352827807e+01 4.193575442422208965e+01
1.225991162114084787e+01 3.206279644170140131e+01 4.193575442422208965e+01
1.235998963976033949e+01 3.175671316170093661e+01 4.193575442422208965e+01
1.246019708267939308e+01 3.184461265652956996e+01 4.193575442422208965e+01
1.256029988740128189e+01 3.113935421635419942e+01 4.193575442422208965e+01
1.266021832804886849e+01 3.074494762540248161e+01 4.193575442422208965e+01
1.276011783806912625e+01 3.035427648823932856e+01 4.193575442422208965e+01
1.286027643411210342e+01 3.038478802635570020e+01 4.193575442422208965e+01
1.296020505403111756e+01 3.075699386498035182e+01 4.193575442422208965e+01
1.306004381250698110e+01 2.997718539343809852e+01 4.193575442422208965e+01
1.316008799938249751e+01 3.046845949060845982e+01 4.193575442422208965e+01
1.326024158855983259e+01 3.076358900479669245e+01 4.193575442422208965e+01
1.336025563904201441e+01 3.071794388317452018e+01 4.193575442422208965e+01
1.346008251893918484e+01 3.043992204238372068e+01 4.193575442422208965e+01
1.356002845306179871e+01 2.980497781816030312e+01 4.193575442422208965e+01
1.366017449007571649e+01 2.935900527198729293e+01 4.193575442422208965e+01
1.376018618598503629e+01 2.902228877489262260e+01 4.193575442422208965e+01
1.386016602641027795e+01 2.876350697722552496e+01 4.193575442422208965e+01
1.396016603220776808e+01 2.868592168019761601e+01 4.193575442422208965e+01
1.406021375009726349e+01 2.869427980896255548e+01 4.193575442422208965e+01
1.416017889984025935e+01 2.829315943227377517e+01 4.193575442422208965e+01
1.426021760910094116e+01 2.813385527737593605e+01 4.193575442422208965e+01
1.436020568897167315e+01 2.842868763091960460e+01 4.193575442422208965e+01
1.446009957908403720e+01 2.805664393925685118e+01 4.193575442422208965e+01
1.456020661983343167e+01 2.772283406493301783e+01 4.193575442422208965e+01
1.466035845314601893e+01 2.761679685068181556e+01 4.193575442422208965e+01
1.476027873150629333e+01 2.694476906349117229e+01 4.193575442422208965e+01
1.486011958734484217e+01 2.755489774191392627e+01 4.193575442422208965e+01
1.496014783579061636e+01 2.710490113902704223e+01 4.193575442422208965e+01
1.506017080873394143e+01 2.688969306367823009e+01 4.193575442422208965e+01
1.516008530228541495e+01 2.698719238253296027e+01 4.193575442422208965e+01
1.526016901980520579e+01 2.707447582831348853e+01 4.193575442422208965e+01
1.536028844696910411e+01 2.677138948543753116e+01 4.193575442422208965e+01
1.546018238599979000e+01 2.685969204081857953e+01 4.193575442422208965e+01
1.556018596824832123e+01 2.644602478403414381e+01 4.193575442422208965e+01
1.566018715656100824e+01 2.594816839292622745e+01 4.193575442422208965e+01
1.576017128895625774e+01 2.608897948610874806e+01 4.193575442422208965e+01
1.586022654335216053e+01 2.519948827441728412e+01 4.193575442422208965e+01
1.596027194439420605e+01 2.513924499532298995e+01 4.193575442422208965e+01
1.606019988436615265e+01 2.533220129207237648e+01 4.193575442422208965e+01
1.616001619001476186e+01 2.511004614418231284e+01 4.193575442422208965e+01
1.626011267441217711e+01 2.562299022695733441e+01 4.193575442422208965e+01
1.636015423131000901e+01 2.514068644901652050e+01 4.193575442422208965e+01
1.646013567016607482e+01 2.476573930763377263e+01 4.193575442422208965e+01
1.656007240838085437e+01 2.449522091792724865e+01 4.193575442422208965e+01
1.665992901383054914e+01 2.462852786626965695e+01 4.193575442422208965e+01
1.676002219346689159e+01 2.454990967401068502e+01 4.193575442422208965e+01
1.686003790855481910e+01 2.423540301614814751e+01 4.193575442422208965e+01
1.696008931641028283e+01 2.402993254156208280e+01 4.193575442422208965e+01
1.706015857686212200e+01 2.421381393009138350e+01 4.193575442422208965e+01
1.716002510614071497e+01 2.414698285050265980e+01 4.193575442422208965e+01
1.726005228275917602e+01 2.413198298746790016e+01 4.193575442422208965e+01
1.736004143261135368e+01 2.408319719926532088e+01 4.193575442422208965e+01
1.746000211235884692e+01 2.351011025202155480e+01 4.193575442422208965e+01
1.756012122361867966e+01 2.346591305231303437e+01 4.193575442422208965e+01
1.766014398804343344e+01 2.356216154850761058e+01 4.193575442422208965e+01
1.776015571561410411e+01 2.310264053249978389e+01 4.193575442422208965e+01
1.786014681601529830e+01 2.297319233130924232e+01 4.193575442422208965e+01
1.796008276126707415e+01 2.305479104990555328e+01 4.193575442422208965e+01
1.806015261825141849e+01 2.334640895082869605e+01 4.193575442422208965e+01
1.816009831592651835e+01 2.305552169912846949e+01 4.193575442422208965e+01
1.826011438206822390e+01 2.263539865385900640e+01 4.193575442422208965e+01
1.836018372585242631e+01 2.244369975566514341e+01 4.193575442422208965e+01
1.846011248160125007e+01 2.214402176465853955e+01 4.193575442422208965e+01
1.856012405487159711e+01 2.212374948086483784e+01 4.193575442422208965e+01
1.866007499050376595e+01 2.193685226767344432e+01 4.193575442422208965e+01
1.876012430072754356e+01 2.161928968091380909e+01 4.193575442422208965e+01
1.886008617154970324e+01 2.179692764506187075e+01 4.193575442422208965e+01
1.896000428863321119e+01 2.204521133521600973e+01 4.193575442422208965e+01
1.906004619657873178e+01 2.161711684827441360e+01 4.193575442422208965e+01
1.916012450871170714e+01 2.145541447832624726e+01 4.193575442422208965e+01
1.926014135632459556e+01 2.134978015624535175e+01 4.193575442422208965e+01
1.936003992471836455e+01 2.128899380328481072e+01 4.193575442422208965e+01
1.946009659168149142e+01 2.121821416042021724e+01 4.193575442422208965e+01
1.956009751796509732e+01 2.144826811043071757e+01 4.193575442422208965e+01
1.966003308899824376e+01 2.138605659497438438e+01 4.193575442422208965e+01
1.976006350907396580e+01 2.097942476045732008e+01 4.193575442422208965e+01
1.986013807476350834e+01 2.059679582641839346e+01 4.193575442422208965e+01
1.996016270699268702e+01 2.055699052301028473e+01 4.193575442422208965e+01
2.006011812007354322e+01 2.072717993719645335e+01 4.193575442422208965e+01
2.016010605821437096e+01 2.057954473659900430e+01 4.193575442422208965e+01
2.026020834532102199e+01 2.001785738675314263e+01 4.193575442422208965e+01
2.036015264346706388e+01 1.999281816379224352e+01 4.193575442422208965e+01
2.046014229129198014e+01 2.012377198387081734e+01 4.193575442422208965e+01
2.056020556242132713e+01 2.007071924168289456e+01 4.193575442422208965e+01
2.066006737361054846e+01 2.007824353583693977e+01 4.193575442422208965e+01
2.076011273190236039e+01 1.961879152873758159e+01 4.193575442422208965e+01
2.086019097974652325e+01 1.985368303883699781e+01 4.193575442422208965e+01
2.096013179077616329e+01 1.968210461967024116e+01 4.193575442422208965e+01
2.106005425085002614e+01 1.948756425308244644e+01 4.193575442422208965e+01
2.116004591121704337e+01 1.953733854527669678e+01 4.193575442422208965e+01
2.126006410376831823e+01 1.957323267812354572e+01 4.193575442422208965e+01
2.136004018857844144e+01 1.932576820329418155e+01 4.193575442422208965e+01
2.146015210129004203e+01 1.917561194725935536e+01 4.193575442422208965e+01
2.156018961599651362e+01 1.935993386036250996e+01 4.193575442422208965e+01
2.166014215802494647e+01 1.927907485721100045e+01 4.193575442422208965e+01
2.176005975325295339e+01 1.942657787263877367e+01 4.193575442422208965e+01
2.186002365495255262e+01 1.922445709476452436e+01 4.193575442422208965e+01
2.196015797577956619e+01 1.890753413565968089e+01 4.193575442422208965e+01
2.206015327450682051e+01 1.891696493722201922e+01 4.193575442422208965e+01
2.216022562432646836e+01 1.909742546189548307e+01 4.193575442422208965e+01
2.226023762596713595e+01 1.893535594880844997e+01 4.193575442422208965e+01
2.236012187475994395e+01 1.880123122598017460e+01 4.193575442422208965e+01
2.246005770765591691e+01 1.863794391044885401e+01 4.193575442422208965e+01
2.256004550991068669e+01 1.864441045150146437e+01 4.193575442422208965e+01
2.266007914369372855e+01 1.855775286891331177e+01 4.193575442422208965e+01
2.276000806581113878e+01 1.810443349745079189e+01 4.193575442422208965e+01
2.286010844514616380e+01 1.808556309110674931e+01 4.193575442422208965e+01
2.296007356234825281e+01 1.816076655474637391e+01 4.193575442422208965e+01
2.306005103070280882e+01 1.828875845014315615e+01 4.193575442422208965e+01
2.316011535778469366e+01 1.816127480009829753e+01 4.193575442422208965e+01
2.326004152122711943e+01 1.795118575856792376e+01 4.193575442422208965e+01
2.336003177061514791e+01 1.786341246196437993e+01 4.193575442422208965e+01
2.345997616252074280e+01 1.744180573889317998e+01 4.193575442422208965e+01
2.355996558789114559e+01 1.746041766069329526e+01 4.193575442422208965e+01
2.366005677356592685e+01 1.756037456621523063e+01 4.193575442422208965e+01
2.376008499752514425e+01 1.771399288006551842e+01 4.193575442422208965e+01
2.386008650357267769e+01 1.804349627705816772e+01 4.193575442422208965e+01
2.396008208139831552e+01 1.760260975691924301e+01 4.193575442422208965e+01
2.406007349624439229e+01 1.714879315198527365e+01 4.193575442422208965e+01
2.416005355753632244e+01 1.699322469460994967e+01 4.193575442422208965e+01
2.426000100264842274e+01 1.717295191844041824e+01 4.193575442422208965e+01
2.436013464581442989e+01 1.725407532868612037e+01 4.193575442422208965e+01
2.446023033168192740e+01 1.702757763215760889e+01 4.193575442422208965e+01
2.456010370727704029e+01 1.719786210950731231e+01 4.193575442422208965e+01
2.466007991705158631e+01 1.728356677541309239e+01 4.193575442422208965e+01
2.476007853616273735e+01 1.703928631119965331e+01 4.193575442422208965e+01
2.486010699666847046e+01 1.684218474383794728e+01 4.193575442422208965e+01
2.496012068606717094e+01 1.642710394337435531e+01 4.193575442422208965e+01
2.506011884904720333e+01 1.672861569223235279e+01 4.193575442422208965e+01
2.516016461492254663e+01 1.673988059876420209e+01 4.193575442422208965e+01
2.526004864631245894e+01 1.679793089260956407e+01 4.193575442422208965e+01
2.536000880997600149e+01 1.689785893046644816e+01 4.193575442422208965e+01
2.546000763258749444e+01 1.693117519445685559e+01 4.193575442422208965e+01
2.556005256491409483e+01 1.659800391788182594e+01 4.193575442422208965e+01
2.566007495662108084e+01 1.662875511878027623e+01 4.193575442422208965e+01
2.576001284207799458e+01 1.655322781974509638e+01 4.193575442422208965e+01
2.586005665426739952e+01 1.623938780565917028e+01 4.193575442422208965e+01
2.595995283772588991e+01 1.591593822991665519e+01 4.193575442422208965e+01
2.605992768761304035e+01 1.579376269834199320e+01 4.193575442422208965e+01
2.616008588888359654e+01 1.573451059116649731e+01 4.193575442422208965e+01
2.626013639090650997e+01 1.619780926573820778e+01 4.193575442422208965e+01
2.636010086664784069e+01 1.587903126376289720e+01 4.193575442422208965e+01
2.646009292255724077e+01 1.603645503380878523e+01 4.193575442422208965e+01
2.656009163346045199e+01 1.615416154404602622e+01 4.193575442422208965e+01
2.666007616590135143e+01 1.585424975329575403e+01 4.193575442422208965e+01
2.676007911660554939e+01 1.570950828872119587e+01 4.193575442422208965e+01
2.686008193545500689e+01 1.561817320812026111e+01 4.193575442422208965e+01
2.696008527403073884e+01 1.594572545656825469e+01 4.193575442422208965e+01
2.706014568371496409e+01 1.595327586502845207e+01 4.193575442422208965e+01
2.716014672685720654e+01 1.583699027608870580e+01 4.193575442422208965e+01
2.726011201775047255e+01 1.579398897346766262e+01 4.193575442422208965e+01
2.736011629044526217e+01 1.587312350165944252e+01 4.193575442422208965e+01
2.746009456312569696e+01 1.560323118599667680e+01 4.193575442422208965e+01
2.756010111326260414e+01 1.538637656997858727e+01 4.193575442422208965e+01
2.766000659215977819e+01 1.540329263542871274e+01 4.193575442422208965e+01
2.775996930878592650e+01 1.541873184184049705e+01 4.193575442422208965e+01
2.786001736508387339e+01 1.541433295233371581e+01 4.193575442422208965e+01
2.796003666424917711e+01 1.550452375356010037e+01 4.193575442422208965e+01
2.806007318658330973e+01 1.533687724978627642e+01 4.193575442422208965e+01
2.816002575392253959e+01 1.497017542391017741e+01 4.193575442422208965e+01
2.826008618070721923e+01 1.473123871008445462e+01 4.193575442422208965e+01
2.836011268337557567e+01 1.475728200204601848e+01 4.193575442422208965e+01
2.846006766072591532e+01 1.498061144494744923e+01 4.193575442422208965e+01
2.856002342132942928e+01 1.490133315767997146e+01 4.193575442422208965e+01
2.865999923614900879e+01 1.474038290795049733e+01 4.193575442422208965e+01
2.876004741964181477e+01 1.480392081180934127e+01 4.193575442422208965e+01
2.886004046337784956e+01 1.487687888705464445e+01 4.193575442422208965e+01
2.896008102924385952e+01 1.482685517565224131e+01 4.193575442422208965e+01
2.906013056701853259e+01 1.461252758956369036e+01 4.193575442422208965e+01
2.916008342699372236e+01 1.445234415126245864e+01 4.193575442422208965e+01
2.926005396200691067e+01 1.438182809876039414e+01 4.193575442422208965e+01
2.936006015490019294e+01 1.441922998861249994e+01 4.193575442422208965e+01
2.946008302370103493e+01 1.436091564551431077e+01 4.193575442422208965e+01
2.956005136911289100e+01 1.423684212095290746e+01 4.193575442422208965e+01
2.966004211127815182e+01 1.414975063667775856e+01 4.193575442422208965e+01
2.976008309869055068e+01 1.407872868980791026e+01 4.193575442422208965e+01
2.986006866468150278e+01 1.412539519571849667e+01 4.193575442422208965e+01
2.996000836426628311e+01 1.402896473200296867e+01 4.193575442422208965e+01
3.005998672307784148e+01 1.401546219070779387e+01 4.193575442422208965e+01
3.015999329076658597e+01 1.395336256006827114e+01 4.193575442422208965e+01
3.025997071981619158e+01 1.396010901126663839e+01 4.193575442422208965e+01
3.035998250913087304e+01 1.393807952551197360e+01 4.193575442422208965e+01
3.046003667608819399e+01 1.390803916964806319e+01 4.193575442422208965e+01
3.056001139595522531e+01 1.389374086314045798e+01 4.193575442422208965e+01
3.066003402547599066e+01 1.395965717124832395e+01 4.193575442422208965e+01
3.076012870266283983e+01 1.390977351551631358e+01 4.193575442422208965e+01
3.086005490868008394e+01 1.384281942109826957e+01 4.193575442422208965e+01
3.096001904061603582e+01 1.378240629094558756e+01 4.193575442422208965e+01
3.106011009671765066e+01 1.360476717811437908e+01 4.193575442422208965e+01
3.116010574269009226e+01 1.358072345775407541e+01 4.193575442422208965e+01
3.126007157798853697e+01 1.363891115220811656e+01 4.193575442422208965e+01
3.136002568220683173e+01 1.347355133785185188e+01 4.193575442422208965e+01
3.146005315939301639e+01 1.360954134324349241e+01 4.193575442422208965e+01
3.156011152172583678e+01 1.368988704856931804e+01 4.193575442422208965e+01
3.166012355668277323e+01 1.346244063974521765e+01 4.193575442422208965e+01
3.176010027308443640e+01 1.327813674117347631e+01 4.193575442422208965e+01
3.186006179385135795e+01 1.332858482582621917e+01 4.193575442422208965e+01
3.196011793235989273e+01 1.345622980563150151e+01 4.193575442422208965e+01
3.206002367541852749e+01 1.308710100238224783e+01 4.193575442422208965e+01
3.215992380861585787e+01 1.300336627575521931e+01 4.193575442422208965e+01
