8.899641323548096450e-02 8.205127874163881643e+03 8.695652173913043953e+03
1.762294649249977474e-01 6.277087409420288168e+03 8.695652173913043953e+03
2.662437218389693272e-01 3.209526170036000622e+03 8.695652173913043953e+03
3.649346201087940722e-01 1.217947257905138031e+03 8.695652173913043953e+03
4.635470928990934603e-01 8.502936922286880872e+02 8.695652173913043953e+03
5.630121343059290018e-01 3.495261851832692628e+02 8.695652173913043953e+03
6.637476258980694599e-01 3.995269305645670102e+02 8.695652173913043953e+03
7.630437067904533022e-01 4.967326966908040049e+02 8.695652173913043953e+03
8.639090016071222511e-01 -2.251692314823412744e+02 8.695652173913043953e+03
9.621426022616451634e-01 -1.999735399375622364e+02 8.695652173913043953e+03
1.060650350388561591e+00 -1.131671756779578573e+02 8.695652173913043953e+03
1.160695738208251893e+00 1.527399714562398003e+02 8.695652173913043953e+03
1.260988189711796936e+00 2.385115026659677824e+02 8.695652173913043953e+03
1.360965173221828639e+00 5.744713524066901300e+01 8.695652173913043953e+03
1.459516200429978205e+00 1.667087906687193026e+02 8.695652173913043953e+03
1.559771173841701275e+00 -1.533093258824283112e+02 8.695652173913043953e+03
1.660823609444051829e+00 -8.614276147722011956e+01 8.695652173913043953e+03
1.760863065096903490e+00 -1.287580472727076994e+02 8.695652173913043953e+03
1.860831138252939221e+00 -3.524118993135016353e+01 8.695652173913043953e+03
1.960558372004485239e+00 -1.386329372090003744e+02 8.695652173913043953e+03
2.060584726315924708e+00 -1.786221182544177282e+02 8.695652173913043953e+03
2.160729659345701492e+00 -1.643950697181862779e+02 8.695652173913043953e+03
2.260719120019153650e+00 2.096872345354840945e+02 8.695652173913043953e+03
2.361163348282317553e+00 6.602907520778899197e+01 8.695652173913043953e+03
2.461248779664896524e+00 -1.311544816250534495e+01 8.695652173913043953e+03
2.561100761153063843e+00 -1.492762413017335348e+02 8.695652173913043953e+03
2.660769167700723692e+00 -1.094406527609298792e+02 8.695652173913043953e+03
2.760458960728367384e+00 -6.117026983952382579e+01 8.695652173913043953e+03
2.860591290042267865e+00 6.369288698005402694e+01 8.695652173913043953e+03
2.960639175481798446e+00 -2.865019363780447748e-01 8.695652173913043953e+03
3.060358024137067812e+00 3.472915169608859287e+01 8.695652173913043953e+03
3.160794728097130246e+00 -1.858921296280641400e+01 8.695652173913043953e+03
3.261199944599915135e+00 -1.267233324281187379e+01 8.695652173913043953e+03
3.360749919420539911e+00 -1.132265882769097516e+02 8.695652173913043953e+03
3.459835126459389176e+00 8.123142414748144802e+01 8.695652173913043953e+03
3.560188740940378516e+00 2.047947909074900963e+01 8.695652173913043953e+03
3.660846965852959656e+00 -1.853709407862697844e+01 8.695652173913043953e+03
3.760451276577104540e+00 4.628265194366213109e+01 8.695652173913043953e+03
3.860212202906779577e+00 4.640808433659731236e+01 8.695652173913043953e+03
3.960532647077731117e+00 2.278022145848808577e+00 8.695652173913043953e+03
4.060962209834743319e+00 5.506837902926235984e+01 8.695652173913043953e+03
4.160148069051775366e+00 -3.135713740319988574e+01 8.695652173913043953e+03
4.259582262654759255e+00 -8.688415407053980744e+00 8.695652173913043953e+03
4.360164345516578166e+00 -8.635068649886306957e+00 8.695652173913043953e+03
4.460573579149521350e+00 -1.350862184315337799e+01 8.695652173913043953e+03
4.560530149156328150e+00 -2.107086166488807066e+01 8.695652173913043953e+03
4.660287485696529508e+00 4.223309559606241237e+01 8.695652173913043953e+03
4.760262084699077079e+00 4.326648171286979050e+01 8.695652173913043953e+03
4.860447565083823029e+00 6.711408150542956719e+01 8.695652173913043953e+03
4.960628913369701465e+00 -3.345555712590794428e+00 8.695652173913043953e+03
5.060804152253668420e+00 1.273476385651883902e+01 8.695652173913043953e+03
5.160609437996754423e+00 -7.614028952720764210e+01 8.695652173913043953e+03
5.260521321794523253e+00 -3.610350386690879532e+01 8.695652173913043953e+03
5.360542927541686709e+00 -5.376619548469352594e+01 8.695652173913043953e+03
5.460351121480531589e+00 -4.309987310208634881e+01 8.695652173913043953e+03
5.560202561635490426e+00 7.757082031726895366e+00 8.695652173913043953e+03
5.660212261175133541e+00 -2.149360148305095208e+01 8.695652173913043953e+03
5.760666909301913385e+00 4.940824019303545356e+01 8.695652173913043953e+03
5.860488403937768709e+00 1.158048547964244790e+02 8.695652173913043953e+03
5.960286234654308402e+00 8.025022956686734688e+01 8.695652173913043953e+03
6.060495439198260392e+00 4.120735872470686445e+01 8.695652173913043953e+03
6.160172772110693806e+00 -1.936518045649427222e+01 8.695652173913043953e+03
6.260000307388036589e+00 2.511111403451104707e+01 8.695652173913043953e+03
6.360019877723115833e+00 -9.597386865543739987e+00 8.695652173913043953e+03
6.460393176898672429e+00 -5.094658361730762408e+01 8.695652173913043953e+03
6.560712870799073393e+00 -2.682633905065995350e+01 8.695652173913043953e+03
6.660315614630555103e+00 -1.277079154929560900e+01 8.695652173913043953e+03
6.760348783000822870e+00 -2.793769210110258427e+01 8.695652173913043953e+03
6.860507314965895276e+00 -1.118495259281189647e+01 8.695652173913043953e+03
6.960389334265283168e+00 -2.874336744671199995e+01 8.695652173913043953e+03
7.060034423048193730e+00 -2.220020525830477709e+01 8.695652173913043953e+03
7.159957956516346478e+00 -8.860134553628085996e+00 8.695652173913043953e+03
7.260192657847024833e+00 1.693509002546670672e+01 8.695652173913043953e+03
7.360108533827269817e+00 -2.941348335450675222e+01 8.695652173913043953e+03
7.460339090618184343e+00 3.514180730655061780e+01 8.695652173913043953e+03
7.560411676181439056e+00 -1.159882286982065125e+01 8.695652173913043953e+03
7.660346114771154014e+00 -3.580989774171212048e+01 8.695652173913043953e+03
7.760391007741484160e+00 -4.145830064405527082e+01 8.695652173913043953e+03
7.860072651402888688e+00 1.324156865484837908e+01 8.695652173913043953e+03
7.959955397583765802e+00 -2.549112643360422226e+01 8.695652173913043953e+03
8.060172532623253616e+00 -3.268829041789831535e+01 8.695652173913043953e+03
8.160169871096277561e+00 2.442143537597257819e+01 8.695652173913043953e+03
8.260209309247560583e+00 1.115364998342010949e+01 8.695652173913043953e+03
8.360295260333263201e+00 3.325246678946678003e+01 8.695652173913043953e+03
8.460314428833417111e+00 1.083637739080404572e+01 8.695652173913043953e+03
8.560221857099927334e+00 2.706050943467016623e+01 8.695652173913043953e+03
8.660164637941472066e+00 1.952426384593309194e+01 8.695652173913043953e+03
8.760181857056902999e+00 -1.858020566955019603e+00 8.695652173913043953e+03
8.860218717977446090e+00 -6.982054299063747749e+00 8.695652173913043953e+03
8.960267699615021897e+00 -4.234193223785041482e+01 8.695652173913043953e+03
9.060158543440742562e+00 5.256893353387567913e+00 8.695652173913043953e+03
9.160314747803932178e+00 2.446292537507906673e+01 8.695652173913043953e+03
9.260376927016194415e+00 4.432690767246822361e+01 8.695652173913043953e+03
9.360208025918709041e+00 3.746412652336948668e+01 8.695652173913043953e+03
9.460075101117821461e+00 -1.855771564207861957e+01 8.695652173913043953e+03
9.559992906282033687e+00 1.994684564834460616e+01 8.695652173913043953e+03
9.660236476231109037e+00 -5.092057831989222905e-01 8.695652173913043953e+03
9.760211827678935137e+00 2.742475939148243924e+01 8.695652173913043953e+03
9.860087741133007455e+00 -1.074173009015066782e+01 8.695652173913043953e+03
9.960113214171899543e+00 -3.331218601225737075e+01 8.695652173913043953e+03
1.006014253496011435e+01 -4.174756412625538360e+01 8.695652173913043953e+03
1.016015305856116946e+01 -3.949344085713164532e+00 8.695652173913043953e+03
1.026012791460989426e+01 -2.018826256682768872e+01 8.695652173913043953e+03
1.036009715580952850e+01 -6.868254833343598875e+00 8.695652173913043953e+03
1.045999384679854316e+01 8.287338962145440746e-02 8.695652173913043953e+03
1.055998031172832619e+01 5.203176716182497330e+00 8.695652173913043953e+03
1.066015733025465018e+01 1.352070838280997123e+01 8.695652173913043953e+03
1.076005445242803127e+01 -9.811683115498453844e+00 8.695652173913043953e+03
1.086017199500644104e+01 -8.450085348598804558e+00 8.695652173913043953e+03
1.096035721378511774e+01 -4.513617517186503392e-01 8.695652173913043953e+03
1.106014543005698059e+01 7.965626643426730880e+00 8.695652173913043953e+03
1.116013746602539669e+01 -2.351925258180381206e+01 8.695652173913043953e+03
1.126001995331923311e+01 -7.752546310633988469e+00 8.695652173913043953e+03
1.135997563511528519e+01 -5.921492604691593442e+00 8.695652173913043953e+03
1.146027771572255105e+01 -5.102121781648747856e+00 8.695652173913043953e+03
1.156025344308602243e+01 -1.892328133587398042e+01 8.695652173913043953e+03
1.166020264054967370e+01 -1.084223395152548619e+01 8.695652173913043953e+03
1.176010824919332443e+01 -1.798367794371915807e+01 8.695652173913043953e+03
1.186009918100251248e+01 -1.661291212980358978e+00 8.695652173913043953e+03
1.196022404466052436e+01 3.389887717119745503e+01 8.695652173913043953e+03
1.206014086953631015e+01 -1.901704666341174743e+01 8.695652173913043953e+03
1.216012200167176260e+01 3.661028229056682903e+00 8.695652173913043953e+03
1.225991162114084787e+01 -2.030114357871570974e+01 8.695652173913043953e+03
1.235998963976033949e+01 -3.721159300983345020e+00 8.695652173913043953e+03
1.246019708267939308e+01 -3.915160925168675021e+01 8.695652173913043953e+03
1.256029988740128189e+01 -1.829800688237082795e+01 8.695652173913043953e+03
1.266021832804886849e+01 -3.355060018064250471e+00 8.695652173913043953e+03
1.276011783806912625e+01 -7.903804732695789426e+00 8.695652173913043953e+03
1.286027643411210342e+01 -2.532628335817753396e+01 8.695652173913043953e+03
1.296020505403111756e+01 1.227323813737166347e+01 8.695652173913043953e+03
1.306004381250698110e+01 8.683876813693132135e+00 8.695652173913043953e+03
1.316008799938249751e+01 2.349565865795375430e+01 8.695652173913043953e+03
1.326024158855983259e+01 4.038674694294968504e+00 8.695652173913043953e+03
1.336025563904201441e+01 1.382254332210504799e+01 8.695652173913043953e+03
1.346008251893918484e+01 1.036499163182088523e+01 8.695652173913043953e+03
1.356002845306179871e+01 -3.360778071981258108e+00 8.695652173913043953e+03
1.366017449007571649e+01 1.440714804926028592e+01 8.695652173913043953e+03
1.376018618598503629e+01 -8.250789620484283660e+00 8.695652173913043953e+03
1.386016602641027795e+01 2.451385055354694487e+01 8.695652173913043953e+03
1.396016603220776808e+01 1.129896925378488959e+01 8.695652173913043953e+03
1.406021375009726349e+01 1.580105270425519848e+01 8.695652173913043953e+03
1.416017889984025935e+01 1.325812863240571460e+00 8.695652173913043953e+03
1.426021760910094116e+01 7.310840971233119490e+00 8.695652173913043953e+03
1.436020568897167315e+01 -2.022091671313683037e+01 8.695652173913043953e+03
1.446009957908403720e+01 -3.280637018616835121e+01 8.695652173913043953e+03
1.456020661983343167e+01 -2.443053620330647391e+01 8.695652173913043953e+03
1.466035845314601893e+01 -5.216870805230064434e+01 8.695652173913043953e+03
1.476027873150629333e+01 -5.435184264461167913e+01 8.695652173913043953e+03
1.486011958734484217e+01 -4.162863440028922923e+01 8.695652173913043953e+03
1.496014783579061636e+01 -3.145494113417771587e+01 8.695652173913043953e+03
1.506017080873394143e+01 1.393684667886191164e+00 8.695652173913043953e+03
1.516008530228541495e+01 -3.787605861517295125e+01 8.695652173913043953e+03
1.526016901980520579e+01 -3.773365412965358701e+01 8.695652173913043953e+03
1.536028844696910411e+01 -5.078705372770855320e+00 8.695652173913043953e+03
1.546018238599979000e+01 -6.277673113496348378e+00 8.695652173913043953e+03
1.556018596824832123e+01 -1.176402922043780563e+01 8.695652173913043953e+03
1.566018715656100824e+01 -1.859902509882886079e+00 8.695652173913043953e+03
1.576017128895625774e+01 -3.873791506469751766e+01 8.695652173913043953e+03
1.586022654335216053e+01 2.173710803141148062e+00 8.695652173913043953e+03
1.596027194439420605e+01 -3.754662129809730686e+00 8.695652173913043953e+03
1.606019988436615265e+01 -7.320205768821324455e+00 8.695652173913043953e+03
1.616001619001476186e+01 2.002746864861728682e+01 8.695652173913043953e+03
1.626011267441217711e+01 -1.428411546041752445e+01 8.695652173913043953e+03
1.636015423131000901e+01 1.302551205859344918e+00 8.695652173913043953e+03
1.646013567016607482e+01 1.474405428669342655e+01 8.695652173913043953e+03
1.656007240838085437e+01 -1.421866926443181001e+01 8.695652173913043953e+03
1.665992901383054914e+01 -1.887822904608401586e+01 8.695652173913043953e+03
1.676002219346689159e+01 -3.828009682927586255e+00 8.695652173913043953e+03
1.686003790855481910e+01 -2.986673270697792759e-01 8.695652173913043953e+03
1.696008931641028283e+01 -2.229535915715132433e+01 8.695652173913043953e+03
1.706015857686212200e+01 -2.287139776574622374e+01 8.695652173913043953e+03
1.716002510614071497e+01 -3.216229359901808493e+01 8.695652173913043953e+03
1.726005228275917602e+01 -1.503377368019755522e+01 8.695652173913043953e+03
1.736004143261135368e+01 -1.973173923314789135e+01 8.695652173913043953e+03
1.746000211235884692e+01 -2.834826141231678776e+01 8.695652173913043953e+03
1.756012122361867966e+01 -1.060223657128881314e+01 8.695652173913043953e+03
1.766014398804343344e+01 -9.284784792032951373e+00 8.695652173913043953e+03
1.776015571561410411e+01 -1.896848951818719797e+01 8.695652173913043953e+03
1.786014681601529830e+01 -2.506771862204550416e+01 8.695652173913043953e+03
1.796008276126707415e+01 -3.379053921634113067e+01 8.695652173913043953e+03
1.806015261825141849e+01 -4.045345832026214339e+01 8.695652173913043953e+03
1.816009831592651835e+01 -3.419166285916253401e+01 8.695652173913043953e+03
1.826011438206822390e+01 -2.467395172968463157e+01 8.695652173913043953e+03
1.836018372585242631e+01 -3.979217681883528712e+01 8.695652173913043953e+03
1.846011248160125007e+01 -1.897030129199447401e+01 8.695652173913043953e+03
1.856012405487159711e+01 -4.546840350008824316e+01 8.695652173913043953e+03
1.866007499050376595e+01 -3.398704573062423151e+01 8.695652173913043953e+03
1.876012430072754356e+01 -1.479969551784415671e+01 8.695652173913043953e+03
1.886008617154970324e+01 -2.030147823619881819e+01 8.695652173913043953e+03
1.896000428863321119e+01 -1.756177882963675074e+01 8.695652173913043953e+03
1.906004619657873178e+01 -3.443577061569340003e+01 8.695652173913043953e+03
1.916012450871170714e+01 -2.595189620355085935e+01 8.695652173913043953e+03
1.926014135632459556e+01 -4.140663319214036164e+01 8.695652173913043953e+03
1.936003992471836455e+01 -3.531705026776035083e+01 8.695652173913043953e+03
1.946009659168149142e+01 -3.402747494216782798e+01 8.695652173913043953e+03
1.956009751796509732e+01 -3.333427670674609544e+01 8.695652173913043953e+03
1.966003308899824376e+01 -2.664950980795038049e+01 8.695652173913043953e+03
1.976006350907396580e+01 -3.199510955200821627e+01 8.695652173913043953e+03
1.986013807476350834e+01 -5.443776681642702897e+00 8.695652173913043953e+03
1.996016270699268702e+01 -5.376900008515076479e+01 8.695652173913043953e+03
2.006011812007354322e+01 -2.112233052067676908e+01 8.695652173913043953e+03
2.016010605821437096e+01 -3.221102569177128316e+01 8.695652173913043953e+03
2.026020834532102199e+01 -5.075965255865412473e+01 8.695652173913043953e+03
2.036015264346706388e+01 -4.698263573824988271e+01 8.695652173913043953e+03
2.046014229129198014e+01 -4.298435814119875431e+01 8.695652173913043953e+03
2.056020556242132713e+01 -6.584297315460389655e+01 8.695652173913043953e+03
2.066006737361054846e+01 -4.757482290886764531e+01 8.695652173913043953e+03
2.076011273190236039e+01 -6.310891837109375047e+01 8.695652173913043953e+03
2.086019097974652325e+01 -5.280046870676960680e+01 8.695652173913043953e+03
2.096013179077616329e+01 -2.153774598077507108e+01 8.695652173913043953e+03
2.106005425085002614e+01 -3.547897796327561082e+01 8.695652173913043953e+03
2.116004591121704337e+01 -3.895307034423422010e+01 8.695652173913043953e+03
2.126006410376831823e+01 -4.699602628751927114e+01 8.695652173913043953e+03
2.136004018857844144e+01 -4.689888800415974401e+01 8.695652173913043953e+03
2.146015210129004203e+01 -4.444009762481073267e+01 8.695652173913043953e+03
2.156018961599651362e+01 -3.278952661953917413e+01 8.695652173913043953e+03
2.166014215802494647e+01 -4.595368916659572278e+01 8.695652173913043953e+03
2.176005975325295339e+01 -5.915663096734715509e+01 8.695652173913043953e+03
2.186002365495255262e+01 -4.540423582699804683e+01 8.695652173913043953e+03
2.196015797577956619e+01 -5.188628631315259554e+01 8.695652173913043953e+03
2.206015327450682051e+01 -6.168016231091132795e+01 8.695652173913043953e+03
2.216022562432646836e+01 -5.276696419293693907e+01 8.695652173913043953e+03
2.226023762596713595e+01 -4.384641613937856164e+01 8.695652173913043953e+03
2.236012187475994395e+01 -5.764181881220429204e+01 8.695652173913043953e+03
2.246005770765591691e+01 -5.596517551818033098e+01 8.695652173913043953e+03
2.256004550991068669e+01 -6.276441968832659768e+01 8.695652173913043953e+03
2.266007914369372855e+01 -7.046675156384844740e+01 8.695652173913043953e+03
2.276000806581113878e+01 -6.774920783589368511e+01 8.695652173913043953e+03
2.286010844514616380e+01 -8.703807024610978260e+01 8.695652173913043953e+03
2.296007356234825281e+01 -7.345995507207589981e+01 8.695652173913043953e+03
2.306005103070280882e+01 -8.475918047963932622e+01 8.695652173913043953e+03
2.316011535778469366e+01 -7.543071287389284407e+01 8.695652173913043953e+03
2.326004152122711943e+01 -7.382809452161382069e+01 8.695652173913043953e+03
2.336003177061514791e+01 -7.804571742572625226e+01 8.695652173913043953e+03
2.345997616252074280e+01 -8.993376600999363291e+01 8.695652173913043953e+03
2.355996558789114559e+01 -8.841954773418729019e+01 8.695652173913043953e+03
2.366005677356592685e+01 -7.407907003132459067e+01 8.695652173913043953e+03
2.376008499752514425e+01 -7.646649415283354756e+01 8.695652173913043953e+03
2.386008650357267769e+01 -8.873595177186143701e+01 8.695652173913043953e+03
2.396008208139831552e+01 -7.615272006644590874e+01 8.695652173913043953e+03
2.406007349624439229e+01 -9.190432007354502275e+01 8.695652173913043953e+03
2.416005355753632244e+01 -8.608149419203800790e+01 8.695652173913043953e+03
2.426000100264842274e+01 -9.520412127231975319e+01 8.695652173913043953e+03
2.436013464581442989e+01 -8.195157104304416862e+01 8.695652173913043953e+03
2.446023033168192740e+01 -8.518731875921548635e+01 8.695652173913043953e+03
2.456010370727704029e+01 -7.052561925495319883e+01 8.695652173913043953e+03
2.466007991705158631e+01 -8.104082805334837758e+01 8.695652173913043953e+03
2.476007853616273735e+01 -9.351816742243681801e+01 8.695652173913043953e+03
2.486010699666847046e+01 -9.790261362356250174e+01 8.695652173913043953e+03
2.496012068606717094e+01 -9.341050676022496191e+01 8.695652173913043953e+03
2.506011884904720333e+01 -1.007503093479481322e+02 8.695652173913043953e+03
2.516016461492254663e+01 -9.958583169034500315e+01 8.695652173913043953e+03
2.526004864631245894e+01 -1.089223378860951925e+02 8.695652173913043953e+03
2.536000880997600149e+01 -1.082924866866778757e+02 8.695652173913043953e+03
2.546000763258749444e+01 -1.047275931833210052e+02 8.695652173913043953e+03
2.556005256491409483e+01 -1.138786810707424593e+02 8.695652173913043953e+03
2.566007495662108084e+01 -1.064372990313404443e+02 8.695652173913043953e+03
2.576001284207799458e+01 -1.129555001436474413e+02 8.695652173913043953e+03
2.586005665426739952e+01 -1.093948900906598283e+02 8.695652173913043953e+03
2.595995283772588991e+01 -1.219974205274138512e+02 8.695652173913043953e+03
2.605992768761304035e+01 -1.259940865228381881e+02 8.695652173913043953e+03
2.616008588888359654e+01 -1.220972449585460708e+02 8.695652173913043953e+03
2.626013639090650997e+01 -1.392623541331158776e+02 8.695652173913043953e+03
2.636010086664784069e+01 -1.424443351255013113e+02 8.695652173913043953e+03
2.646009292255724077e+01 -1.454985574495858600e+02 8.695652173913043953e+03
2.656009163346045199e+01 -1.314167775891237397e+02 8.695652173913043953e+03
2.666007616590135143e+01 -1.315844447939671227e+02 8.695652173913043953e+03
2.676007911660554939e+01 -1.238965044729920919e+02 8.695652173913043953e+03
2.686008193545500689e+01 -1.280876847274703323e+02 8.695652173913043953e+03
2.696008527403073884e+01 -1.354530205861556169e+02 8.695652173913043953e+03
2.706014568371496409e+01 -1.448291756770158827e+02 8.695652173913043953e+03
2.716014672685720654e+01 -1.445381307272964477e+02 8.695652173913043953e+03
2.726011201775047255e+01 -1.483428290842675779e+02 8.695652173913043953e+03
2.736011629044526217e+01 -1.573531553085213091e+02 8.695652173913043953e+03
2.746009456312569696e+01 -1.758290420897046715e+02 8.695652173913043953e+03
2.756010111326260414e+01 -1.611722886524894420e+02 8.695652173913043953e+03
2.766000659215977819e+01 -1.763639299325186585e+02 8.695652173913043953e+03
2.775996930878592650e+01 -1.728038732271779736e+02 8.695652173913043953e+03
2.786001736508387339e+01 -1.670073888736205845e+02 8.695652173913043953e+03
2.796003666424917711e+01 -1.626242577799730498e+02 8.695652173913043953e+03
2.806007318658330973e+01 -1.707882118022462237e+02 8.695652173913043953e+03
2.816002575392253959e+01 -1.739484148417886900e+02 8.695652173913043953e+03
2.826008618070721923e+01 -1.787380987478190946e+02 8.695652173913043953e+03
2.836011268337557567e+01 -1.730225027260894421e+02 8.695652173913043953e+03
2.846006766072591532e+01 -1.815064431907649123e+02 8.695652173913043953e+03
2.856002342132942928e+01 -1.910786849819396593e+02 8.695652173913043953e+03
2.865999923614900879e+01 -1.883584489932218275e+02 8.695652173913043953e+03
2.876004741964181477e+01 -1.878547304030726082e+02 8.695652173913043953e+03
2.886004046337784956e+01 -1.859764969050556829e+02 8.695652173913043953e+03
2.896008102924385952e+01 -1.743030726520028111e+02 8.695652173913043953e+03
2.906013056701853259e+01 -1.750334520334508852e+02 8.695652173913043953e+03
2.916008342699372236e+01 -1.862036627061534091e+02 8.695652173913043953e+03
2.926005396200691067e+01 -1.866165971744176204e+02 8.695652173913043953e+03
2.936006015490019294e+01 -2.033357709399442683e+02 8.695652173913043953e+03
2.946008302370103493e+01 -2.043547803309757001e+02 8.695652173913043953e+03
2.956005136911289100e+01 -2.046241699336642341e+02 8.695652173913043953e+03
2.966004211127815182e+01 -2.195890656824722100e+02 8.695652173913043953e+03
2.976008309869055068e+01 -2.280633859332083375e+02 8.695652173913043953e+03
2.986006866468150278e+01 -2.248006105411695899e+02 8.695652173913043953e+03
2.996000836426628311e+01 -2.400944522885165497e+02 8.695652173913043953e+03
3.005998672307784148e+01 -2.338260479175405635e+02 8.695652173913043953e+03
3.015999329076658597e+01 -2.360112388096822542e+02 8.695652173913043953e+03
3.025997071981619158e+01 -2.340998731522904563e+02 8.695652173913043953e+03
3.035998250913087304e+01 -2.331921550721963285e+02 8.695652173913043953e+03
3.046003667608819399e+01 -2.377355338988891162e+02 8.695652173913043953e+03
3.056001139595522531e+01 -2.433672489360651525e+02 8.695652173913043953e+03
3.066003402547599066e+01 -2.519524337321472558e+02 8.695652173913043953e+03
3.076012870266283983e+01 -2.503742783962843532e+02 8.695652173913043953e+03
3.086005490868008394e+01 -2.622080666141355323e+02 8.695652173913043953e+03
3.096001904061603582e+01 -2.588748538162399200e+02 8.695652173913043953e+03
3.106011009671765066e+01 -2.615621800534863723e+02 8.695652173913043953e+03
3.116010574269009226e+01 -2.620985419017797540e+02 8.695652173913043953e+03
3.126007157798853697e+01 -2.610216962020240317e+02 8.695652173913043953e+03
3.136002568220683173e+01 -2.757834916179854190e+02 8.695652173913043953e+03
3.146005315939301639e+01 -2.675799658559299132e+02 8.695652173913043953e+03
3.156011152172583678e+01 -2.804980159327806177e+02 8.695652173913043953e+03
3.166012355668277323e+01 -2.676769804637624475e+02 8.695652173913043953e+03
3.176010027308443640e+01 -2.811375921695653233e+02 8.695652173913043953e+03
3.186006179385135795e+01 -2.786952143111175246e+02 8.695652173913043953e+03
3.196011793235989273e+01 -2.863702068468192010e+02 8.695652173913043953e+03
3.206002367541852749e+01 -2.914874743728014437e+02 8.695652173913043953e+03
3.215992380861585787e+01 -2.957170279626152478e+02 8.695652173913043953e+03
