8.899641323548096450e-02 8.299700586575773777e+05 1.251721116535236007e+02
1.762294649249977474e-01 4.785501056661242037e+05 1.251721116535236007e+02
2.662437218389693272e-01 1.743203565507668827e+05 1.251721116535236007e+02
3.649346201087940722e-01 2.927752391107374933e+04 1.251721116535236007e+02
4.635470928990934603e-01 1.033421568362206744e+04 1.251721116535236007e+02
5.630121343059290018e-01 1.314223454708607096e+04 1.251721116535236007e+02
6.637476258980694599e-01 8.049115201779311974e+03 1.251721116535236007e+02
7.630437067904533022e-01 4.808116541299363234e+03 1.251721116535236007e+02
8.639090016071222511e-01 4.544561363826220258e+03 1.251721116535236007e+02
9.621426022616451634e-01 4.013842774511100288e+03 1.251721116535236007e+02
1.060650350388561591e+00 3.376596331692752301e+03 1.251721116535236007e+02
1.160695738208251893e+00 2.892701569471915718e+03 1.251721116535236007e+02
1.260988189711796936e+00 2.640695914888623975e+03 1.251721116535236007e+02
1.360965173221828639e+00 2.451931299400016997e+03 1.251721116535236007e+02
1.459516200429978205e+00 1.975743864231932093e+03 1.251721116535236007e+02
1.559771173841701275e+00 1.763061981792497591e+03 1.251721116535236007e+02
1.660823609444051829e+00 1.679961373799984585e+03 1.251721116535236007e+02
1.760863065096903490e+00 1.486047788970759711e+03 1.251721116535236007e+02
1.860831138252939221e+00 1.275381092007803545e+03 1.251721116535236007e+02
1.960558372004485239e+00 1.175947937724112535e+03 1.251721116535236007e+02
2.060584726315924708e+00 1.173189947715678500e+03 1.251721116535236007e+02
2.160729659345701492e+00 1.108902313244987909e+03 1.251721116535236007e+02
2.260719120019153650e+00 1.008110921785351820e+03 1.251721116535236007e+02
2.361163348282317553e+00 9.086724515761852672e+02 1.251721116535236007e+02
2.461248779664896524e+00 8.135106668146560196e+02 1.251721116535236007e+02
2.561100761153063843e+00 7.538737367219275711e+02 1.251721116535236007e+02
2.660769167700723692e+00 7.121352690845501456e+02 1.251721116535236007e+02
2.760458960728367384e+00 6.820679110631886033e+02 1.251721116535236007e+02
2.860591290042267865e+00 6.840875055898553683e+02 1.251721116535236007e+02
2.960639175481798446e+00 6.648071569127764633e+02 1.251721116535236007e+02
3.060358024137067812e+00 6.072794985015283373e+02 1.251721116535236007e+02
3.160794728097130246e+00 5.661911365414923694e+02 1.251721116535236007e+02
3.261199944599915135e+00 5.521250421034422970e+02 1.251721116535236007e+02
3.360749919420539911e+00 5.525784845030200358e+02 1.251721116535236007e+02
3.459835126459389176e+00 5.381597726467606435e+02 1.251721116535236007e+02
3.560188740940378516e+00 5.306447242696380044e+02 1.251721116535236007e+02
3.660846965852959656e+00 4.823065400318697016e+02 1.251721116535236007e+02
3.760451276577104540e+00 4.242963520187564086e+02 1.251721116535236007e+02
3.860212202906779577e+00 4.100148270786087892e+02 1.251721116535236007e+02
3.960532647077731117e+00 4.278181975066866585e+02 1.251721116535236007e+02
4.060962209834743319e+00 4.420817522228323355e+02 1.251721116535236007e+02
4.160148069051775366e+00 4.107107795563849209e+02 1.251721116535236007e+02
4.259582262654759255e+00 3.835294993211052201e+02 1.251721116535236007e+02
4.360164345516578166e+00 3.719428554517395469e+02 1.251721116535236007e+02
4.460573579149521350e+00 3.749144563996879924e+02 1.251721116535236007e+02
4.560530149156328150e+00 3.674659176933934646e+02 1.251721116535236007e+02
4.660287485696529508e+00 3.518236775515293857e+02 1.251721116535236007e+02
4.760262084699077079e+00 3.389857061740457880e+02 1.251721116535236007e+02
4.860447565083823029e+00 3.220012127879568880e+02 1.251721116535236007e+02
4.960628913369701465e+00 3.113370398140739894e+02 1.251721116535236007e+02
5.060804152253668420e+00 3.089326634543014052e+02 1.251721116535236007e+02
5.160609437996754423e+00 3.074150082619387945e+02 1.251721116535236007e+02
5.260521321794523253e+00 3.101390462891773154e+02 1.251721116535236007e+02
5.360542927541686709e+00 3.060518592907862967e+02 1.251721116535236007e+02
5.460351121480531589e+00 2.977271623334427204e+02 1.251721116535236007e+02
5.560202561635490426e+00 2.895439711897390112e+02 1.251721116535236007e+02
5.660212261175133541e+00 2.865007573834077448e+02 1.251721116535236007e+02
5.760666909301913385e+00 2.806997801872630021e+02 1.251721116535236007e+02
5.860488403937768709e+00 2.718555293387648248e+02 1.251721116535236007e+02
5.960286234654308402e+00 2.535418665087030377e+02 1.251721116535236007e+02
6.060495439198260392e+00 2.416769010221684084e+02 1.251721116535236007e+02
6.160172772110693806e+00 2.369696318056346627e+02 1.251721116535236007e+02
6.260000307388036589e+00 2.353055081145046756e+02 1.251721116535236007e+02
6.360019877723115833e+00 2.313041771669572881e+02 1.251721116535236007e+02
6.460393176898672429e+00 2.239319929118062760e+02 1.251721116535236007e+02
6.560712870799073393e+00 2.219007690804213553e+02 1.251721116535236007e+02
6.660315614630555103e+00 2.208873091948591423e+02 1.251721116535236007e+02
6.760348783000822870e+00 2.195621024851174639e+02 1.251721116535236007e+02
6.860507314965895276e+00 2.149699222818528597e+02 1.251721116535236007e+02
6.960389334265283168e+00 2.104583557214845655e+02 1.251721116535236007e+02
7.060034423048193730e+00 2.074546339614914814e+02 1.251721116535236007e+02
7.159957956516346478e+00 2.024106969131173628e+02 1.251721116535236007e+02
7.260192657847024833e+00 1.975455753191848203e+02 1.251721116535236007e+02
7.360108533827269817e+00 1.968794825535959490e+02 1.251721116535236007e+02
7.460339090618184343e+00 1.990474833232837000e+02 1.251721116535236007e+02
7.560411676181439056e+00 2.000809460696486894e+02 1.251721116535236007e+02
7.660346114771154014e+00 1.958248427840558179e+02 1.251721116535236007e+02
7.760391007741484160e+00 1.885534968231864354e+02 1.251721116535236007e+02
7.860072651402888688e+00 1.838472552113325946e+02 1.251721116535236007e+02
7.959955397583765802e+00 1.826574741746957216e+02 1.251721116535236007e+02
8.060172532623253616e+00 1.834183980552143112e+02 1.251721116535236007e+02
8.160169871096277561e+00 1.844158306700367120e+02 1.251721116535236007e+02
8.260209309247560583e+00 1.871872135140289970e+02 1.251721116535236007e+02
8.360295260333263201e+00 1.847049602398356569e+02 1.251721116535236007e+02
8.460314428833417111e+00 1.798578514721802435e+02 1.251721116535236007e+02
8.560221857099927334e+00 1.770932895544142980e+02 1.251721116535236007e+02
8.660164637941472066e+00 1.773208779058427353e+02 1.251721116535236007e+02
8.760181857056902999e+00 1.731571072154101216e+02 1.251721116535236007e+02
8.860218717977446090e+00 1.658921362754616098e+02 1.251721116535236007e+02
8.960267699615021897e+00 1.641135295335975570e+02 1.251721116535236007e+02
9.060158543440742562e+00 1.667163282680703560e+02 1.251721116535236007e+02
9.160314747803932178e+00 1.660445050568548027e+02 1.251721116535236007e+02
9.260376927016194415e+00 1.624134745979778245e+02 1.251721116535236007e+02
9.360208025918709041e+00 1.607364711502433465e+02 1.251721116535236007e+02
9.460075101117821461e+00 1.568478162517435521e+02 1.251721116535236007e+02
9.559992906282033687e+00 1.514265417510882799e+02 1.251721116535236007e+02
9.660236476231109037e+00 1.474710675928747605e+02 1.251721116535236007e+02
9.760211827678935137e+00 1.441137498366125556e+02 1.251721116535236007e+02
9.860087741133007455e+00 1.455194044402828695e+02 1.251721116535236007e+02
9.960113214171899543e+00 1.483761737605560711e+02 1.251721116535236007e+02
1.006014253496011435e+01 1.490221982809117094e+02 1.251721116535236007e+02
1.016015305856116946e+01 1.440647695611418726e+02 1.251721116535236007e+02
1.026012791460989426e+01 1.417234624007086836e+02 1.251721116535236007e+02
1.036009715580952850e+01 1.396052654355115692e+02 1.251721116535236007e+02
1.045999384679854316e+01 1.360990662189397540e+02 1.251721116535236007e+02
1.055998031172832619e+01 1.330971622515671697e+02 1.251721116535236007e+02
1.066015733025465018e+01 1.346220377988540804e+02 1.251721116535236007e+02
1.076005445242803127e+01 1.362885040344693834e+02 1.251721116535236007e+02
1.086017199500644104e+01 1.353468500505853740e+02 1.251721116535236007e+02
1.096035721378511774e+01 1.310961652723930797e+02 1.251721116535236007e+02
1.106014543005698059e+01 1.275781589870624799e+02 1.251721116535236007e+02
1.116013746602539669e+01 1.267110756216904264e+02 1.251721116535236007e+02
1.126001995331923311e+01 1.271615965767130803e+02 1.251721116535236007e+02
1.135997563511528519e+01 1.260392273098182869e+02 1.251721116535236007e+02
1.146027771572255105e+01 1.252606628152754666e+02 1.251721116535236007e+02
1.156025344308602243e+01 1.272911772722481061e+02 1.251721116535236007e+02
1.166020264054967370e+01 1.289036202827753073e+02 1.251721116535236007e+02
1.176010824919332443e+01 1.261381256590922959e+02 1.251721116535236007e+02
1.186009918100251248e+01 1.220712083860779416e+02 1.251721116535236007e+02
1.196022404466052436e+01 1.197321523664591467e+02 1.251721116535236007e+02
1.206014086953631015e+01 1.188861976375858802e+02 1.251721116535236007e+02
1.216012200167176260e+01 1.174265008976505982e+02 1.251721116535236007e+02
1.225991162114084787e+01 1.154185237785950306e+02 1.251721116535236007e+02
1.235998963976033949e+01 1.141143258850645879e+02 1.251721116535236007e+02
1.246019708267939308e+01 1.135154932666607834e+02 1.251721116535236007e+02
1.256029988740128189e+01 1.120356270998991164e+02 1.251721116535236007e+02
1.266021832804886849e+01 1.106708478043974679e+02 1.251721116535236007e+02
1.276011783806912625e+01 1.104901666843092443e+02 1.251721116535236007e+02
1.286027643411210342e+01 1.106822289061173166e+02 1.251721116535236007e+02
1.296020505403111756e+01 1.093510205885389581e+02 1.251721116535236007e+02
1.306004381250698110e+01 1.069638708871271291e+02 1.251721116535236007e+02
1.316008799938249751e+01 1.074235107491535217e+02 1.251721116535236007e+02
1.326024158855983259e+01 1.091672101514970308e+02 1.251721116535236007e+02
1.336025563904201441e+01 1.096918335029381382e+02 1.251721116535236007e+02
1.346008251893918484e+01 1.083049114129503181e+02 1.251721116535236007e+02
1.356002845306179871e+01 1.088300971254076472e+02 1.251721116535236007e+02
1.366017449007571649e+01 1.109075024411448709e+02 1.251721116535236007e+02
1.376018618598503629e+01 1.123222812308367935e+02 1.251721116535236007e+02
1.386016602641027795e+01 1.112833382836256959e+02 1.251721116535236007e+02
1.396016603220776808e+01 1.079919593778083566e+02 1.251721116535236007e+02
1.406021375009726349e+01 1.045643327235361966e+02 1.251721116535236007e+02
1.416017889984025935e+01 1.029654591596243591e+02 1.251721116535236007e+02
1.426021760910094116e+01 1.020010373964346826e+02 1.251721116535236007e+02
1.436020568897167315e+01 9.987551909680276196e+01 1.251721116535236007e+02
1.446009957908403720e+01 9.892540055530825782e+01 1.251721116535236007e+02
1.456020661983343167e+01 9.972577889299971332e+01 1.251721116535236007e+02
1.466035845314601893e+01 1.010148106785675992e+02 1.251721116535236007e+02
1.476027873150629333e+01 1.015325360989209429e+02 1.251721116535236007e+02
1.486011958734484217e+01 1.010747741905718584e+02 1.251721116535236007e+02
1.496014783579061636e+01 9.946111085706094457e+01 1.251721116535236007e+02
1.506017080873394143e+01 9.802301293226479117e+01 1.251721116535236007e+02
1.516008530228541495e+01 9.754055130923562444e+01 1.251721116535236007e+02
1.526016901980520579e+01 9.785759175199576987e+01 1.251721116535236007e+02
1.536028844696910411e+01 9.681102320066453615e+01 1.251721116535236007e+02
1.546018238599979000e+01 9.488859112149346231e+01 1.251721116535236007e+02
1.556018596824832123e+01 9.285129143735231594e+01 1.251721116535236007e+02
1.566018715656100824e+01 9.168251957536971020e+01 1.251721116535236007e+02
1.576017128895625774e+01 9.196935862591622879e+01 1.251721116535236007e+02
1.586022654335216053e+01 9.354465675877374053e+01 1.251721116535236007e+02
1.596027194439420605e+01 9.325978086170364634e+01 1.251721116535236007e+02
1.606019988436615265e+01 9.189123762407236029e+01 1.251721116535236007e+02
1.616001619001476186e+01 9.023027419293462970e+01 1.251721116535236007e+02
1.626011267441217711e+01 9.050811529142079337e+01 1.251721116535236007e+02
1.636015423131000901e+01 9.120299100223250832e+01 1.251721116535236007e+02
1.646013567016607482e+01 9.071539789602859116e+01 1.251721116535236007e+02
1.656007240838085437e+01 8.937576615441081174e+01 1.251721116535236007e+02
1.665992901383054914e+01 8.867307718446103593e+01 1.251721116535236007e+02
1.676002219346689159e+01 8.864086221130533261e+01 1.251721116535236007e+02
1.686003790855481910e+01 8.847440401041374969e+01 1.251721116535236007e+02
1.696008931641028283e+01 8.732227972207830646e+01 1.251721116535236007e+02
1.706015857686212200e+01 8.634903056408667510e+01 1.251721116535236007e+02
1.716002510614071497e+01 8.764644537683612668e+01 1.251721116535236007e+02
1.726005228275917602e+01 8.937983182807350602e+01 1.251721116535236007e+02
1.736004143261135368e+01 8.889820359439617903e+01 1.251721116535236007e+02
1.746000211235884692e+01 8.695563935386935839e+01 1.251721116535236007e+02
1.756012122361867966e+01 8.541298847179287179e+01 1.251721116535236007e+02
1.766014398804343344e+01 8.508240183914399779e+01 1.251721116535236007e+02
1.776015571561410411e+01 8.424601012563284996e+01 1.251721116535236007e+02
1.786014681601529830e+01 8.308473034741790286e+01 1.251721116535236007e+02
1.796008276126707415e+01 8.219963296045635559e+01 1.251721116535236007e+02
1.806015261825141849e+01 8.232677609624913373e+01 1.251721116535236007e+02
1.816009831592651835e+01 8.254684349641838992e+01 1.251721116535236007e+02
1.826011438206822390e+01 8.259949895958750687e+01 1.251721116535236007e+02
1.836018372585242631e+01 8.206668347412029618e+01 1.251721116535236007e+02
1.846011248160125007e+01 8.138616630866364687e+01 1.251721116535236007e+02
1.856012405487159711e+01 8.108757090070101015e+01 1.251721116535236007e+02
1.866007499050376595e+01 8.064251859364436825e+01 1.251721116535236007e+02
1.876012430072754356e+01 8.000154168458591641e+01 1.251721116535236007e+02
1.886008617154970324e+01 8.056264659807719397e+01 1.251721116535236007e+02
1.896000428863321119e+01 8.134880142812697557e+01 1.251721116535236007e+02
1.906004619657873178e+01 8.196534387505870711e+01 1.251721116535236007e+02
1.916012450871170714e+01 8.147425477486611101e+01 1.251721116535236007e+02
1.926014135632459556e+01 7.999489543782819112e+01 1.251721116535236007e+02
1.936003992471836455e+01 7.846224337597494980e+01 1.251721116535236007e+02
1.946009659168149142e+01 7.821584718152494986e+01 1.251721116535236007e+02
1.956009751796509732e+01 7.906306487343040601e+01 1.251721116535236007e+02
1.966003308899824376e+01 7.974731219670606208e+01 1.251721116535236007e+02
1.976006350907396580e+01 7.956243644554312766e+01 1.251721116535236007e+02
1.986013807476350834e+01 7.919942647173964190e+01 1.251721116535236007e+02
1.996016270699268702e+01 7.857825109911478023e+01 1.251721116535236007e+02
2.006011812007354322e+01 7.703729265642523671e+01 1.251721116535236007e+02
2.016010605821437096e+01 7.645700448452477360e+01 1.251721116535236007e+02
2.026020834532102199e+01 7.690267480256930810e+01 1.251721116535236007e+02
2.036015264346706388e+01 7.658329581768093419e+01 1.251721116535236007e+02
2.046014229129198014e+01 7.584033029533871684e+01 1.251721116535236007e+02
2.056020556242132713e+01 7.539407045432595567e+01 1.251721116535236007e+02
2.066006737361054846e+01 7.511018949623606034e+01 1.251721116535236007e+02
2.076011273190236039e+01 7.387668675288001907e+01 1.251721116535236007e+02
2.086019097974652325e+01 7.352724853663075066e+01 1.251721116535236007e+02
2.096013179077616329e+01 7.479520287223489561e+01 1.251721116535236007e+02
2.106005425085002614e+01 7.636103190873778601e+01 1.251721116535236007e+02
2.116004591121704337e+01 7.697639147552864358e+01 1.251721116535236007e+02
2.126006410376831823e+01 7.583726877658467913e+01 1.251721116535236007e+02
2.136004018857844144e+01 7.379896058587617347e+01 1.251721116535236007e+02
2.146015210129004203e+01 7.206166785287284426e+01 1.251721116535236007e+02
2.156018961599651362e+01 7.217972129926344849e+01 1.251721116535236007e+02
2.166014215802494647e+01 7.260664785890146788e+01 1.251721116535236007e+02
2.176005975325295339e+01 7.370090989196710041e+01 1.251721116535236007e+02
2.186002365495255262e+01 7.350723998977620965e+01 1.251721116535236007e+02
2.196015797577956619e+01 7.192366516804089827e+01 1.251721116535236007e+02
2.206015327450682051e+01 6.984966711808316120e+01 1.251721116535236007e+02
2.216022562432646836e+01 6.911192716274074144e+01 1.251721116535236007e+02
2.226023762596713595e+01 6.909998139572677189e+01 1.251721116535236007e+02
2.236012187475994395e+01 6.946252163424857429e+01 1.251721116535236007e+02
2.246005770765591691e+01 7.008945034487125270e+01 1.251721116535236007e+02
2.256004550991068669e+01 6.999521249698223357e+01 1.251721116535236007e+02
2.266007914369372855e+01 6.943779026319488423e+01 1.251721116535236007e+02
2.276000806581113878e+01 6.869664194774954069e+01 1.251721116535236007e+02
2.286010844514616380e+01 6.820891593877173875e+01 1.251721116535236007e+02
2.296007356234825281e+01 6.719293171032113321e+01 1.251721116535236007e+02
2.306005103070280882e+01 6.695917584224592645e+01 1.251721116535236007e+02
2.316011535778469366e+01 6.689179628131860511e+01 1.251721116535236007e+02
2.326004152122711943e+01 6.648283918289577343e+01 1.251721116535236007e+02
2.336003177061514791e+01 6.618559754401816519e+01 1.251721116535236007e+02
2.345997616252074280e+01 6.600006685431627318e+01 1.251721116535236007e+02
2.355996558789114559e+01 6.551540509085116071e+01 1.251721116535236007e+02
2.366005677356592685e+01 6.441882677389106959e+01 1.251721116535236007e+02
2.376008499752514425e+01 6.379101260981154553e+01 1.251721116535236007e+02
2.386008650357267769e+01 6.401756472452849778e+01 1.251721116535236007e+02
2.396008208139831552e+01 6.487540506812526075e+01 1.251721116535236007e+02
2.406007349624439229e+01 6.536722695200218425e+01 1.251721116535236007e+02
2.416005355753632244e+01 6.436066138291012351e+01 1.251721116535236007e+02
2.426000100264842274e+01 6.289818958285984252e+01 1.251721116535236007e+02
2.436013464581442989e+01 6.212227571167976237e+01 1.251721116535236007e+02
2.446023033168192740e+01 6.224932795757796100e+01 1.251721116535236007e+02
2.456010370727704029e+01 6.248894191225166139e+01 1.251721116535236007e+02
2.466007991705158631e+01 6.272445827827461073e+01 1.251721116535236007e+02
2.476007853616273735e+01 6.222899743236000347e+01 1.251721116535236007e+02
2.486010699666847046e+01 6.162747480160548719e+01 1.251721116535236007e+02
2.496012068606717094e+01 6.068152040507835920e+01 1.251721116535236007e+02
2.506011884904720333e+01 5.953199456066739970e+01 1.251721116535236007e+02
2.516016461492254663e+01 5.846363971031344420e+01 1.251721116535236007e+02
2.526004864631245894e+01 5.775439778833556659e+01 1.251721116535236007e+02
2.536000880997600149e+01 5.811635776201255510e+01 1.251721116535236007e+02
2.546000763258749444e+01 5.983539040396415487e+01 1.251721116535236007e+02
2.556005256491409483e+01 6.095036686734935927e+01 1.251721116535236007e+02
2.566007495662108084e+01 5.993786466311290440e+01 1.251721116535236007e+02
2.576001284207799458e+01 5.772562865535299181e+01 1.251721116535236007e+02
2.586005665426739952e+01 5.639074097035215516e+01 1.251721116535236007e+02
2.595995283772588991e+01 5.725281095936354347e+01 1.251721116535236007e+02
2.605992768761304035e+01 5.857525129282517184e+01 1.251721116535236007e+02
2.616008588888359654e+01 5.910123384324204210e+01 1.251721116535236007e+02
2.626013639090650997e+01 5.877364302697974097e+01 1.251721116535236007e+02
2.636010086664784069e+01 5.817787448176868281e+01 1.251721116535236007e+02
2.646009292255724077e+01 5.692726110001790119e+01 1.251721116535236007e+02
2.656009163346045199e+01 5.621537695528438405e+01 1.251721116535236007e+02
2.666007616590135143e+01 5.599229589445120325e+01 1.251721116535236007e+02
2.676007911660554939e+01 5.556570777862030752e+01 1.251721116535236007e+02
2.686008193545500689e+01 5.479388294747344901e+01 1.251721116535236007e+02
2.696008527403073884e+01 5.481417782354689905e+01 1.251721116535236007e+02
2.706014568371496409e+01 5.454736391755845659e+01 1.251721116535236007e+02
2.716014672685720654e+01 5.380850595277540549e+01 1.251721116535236007e+02
2.726011201775047255e+01 5.330506505704779840e+01 1.251721116535236007e+02
2.736011629044526217e+01 5.400478219075712616e+01 1.251721116535236007e+02
2.746009456312569696e+01 5.434342871331291747e+01 1.251721116535236007e+02
2.756010111326260414e+01 5.416334740819043247e+01 1.251721116535236007e+02
2.766000659215977819e+01 5.421214609289116027e+01 1.251721116535236007e+02
2.775996930878592650e+01 5.457411659819747740e+01 1.251721116535236007e+02
2.786001736508387339e+01 5.481422157429967967e+01 1.251721116535236007e+02
2.796003666424917711e+01 5.451788797827616406e+01 1.251721116535236007e+02
2.806007318658330973e+01 5.393942669223541486e+01 1.251721116535236007e+02
2.816002575392253959e+01 5.361608372635488706e+01 1.251721116535236007e+02
2.826008618070721923e+01 5.332659794363767958e+01 1.251721116535236007e+02
2.836011268337557567e+01 5.319740166072249110e+01 1.251721116535236007e+02
2.846006766072591532e+01 5.374848706629005335e+01 1.251721116535236007e+02
2.856002342132942928e+01 5.423444051179255609e+01 1.251721116535236007e+02
2.865999923614900879e+01 5.395234172645719184e+01 1.251721116535236007e+02
2.876004741964181477e+01 5.287387461894594765e+01 1.251721116535236007e+02
2.886004046337784956e+01 5.239827764858416970e+01 1.251721116535236007e+02
2.896008102924385952e+01 5.267685392307414816e+01 1.251721116535236007e+02
2.906013056701853259e+01 5.316182133248493358e+01 1.251721116535236007e+02
2.916008342699372236e+01 5.268661503101783694e+01 1.251721116535236007e+02
2.926005396200691067e+01 5.129354373463321792e+01 1.251721116535236007e+02
2.936006015490019294e+01 5.063370633380885977e+01 1.251721116535236007e+02
2.946008302370103493e+01 5.129056516020266088e+01 1.251721116535236007e+02
2.956005136911289100e+01 5.194063864040784040e+01 1.251721116535236007e+02
2.966004211127815182e+01 5.212548037781799337e+01 1.251721116535236007e+02
2.976008309869055068e+01 5.163597549480793703e+01 1.251721116535236007e+02
2.986006866468150278e+01 5.130892257573786708e+01 1.251721116535236007e+02
2.996000836426628311e+01 5.107362868555883040e+01 1.251721116535236007e+02
3.005998672307784148e+01 5.072637362638779734e+01 1.251721116535236007e+02
3.015999329076658597e+01 5.027058042593232301e+01 1.251721116535236007e+02
3.025997071981619158e+01 4.987769912882045276e+01 1.251721116535236007e+02
3.035998250913087304e+01 4.967620839948072842e+01 1.251721116535236007e+02
3.046003667608819399e+01 4.920575065619446775e+01 1.251721116535236007e+02
3.056001139595522531e+01 4.881529422914796612e+01 1.251721116535236007e+02
3.066003402547599066e+01 4.888286333516670368e+01 1.251721116535236007e+02
3.076012870266283983e+01 4.973677172481011155e+01 1.251721116535236007e+02
3.086005490868008394e+01 5.078440086212224003e+01 1.251721116535236007e+02
3.096001904061603582e+01 5.122242910148536055e+01 1.251721116535236007e+02
3.106011009671765066e+01 5.090261368229970174e+01 1.251721116535236007e+02
3.116010574269009226e+01 4.968227380093306067e+01 1.251721116535236007e+02
3.126007157798853697e+01 4.863493588487976638e+01 1.251721116535236007e+02
3.136002568220683173e+01 4.839400862608879095e+01 1.251721116535236007e+02
3.146005315939301639e+01 4.836640185998992081e+01 1.251721116535236007e+02
3.156011152172583678e+01 4.846264558955040513e+01 1.251721116535236007e+02
3.166012355668277323e+01 4.894406461614663328e+01 1.251721116535236007e+02
3.176010027308443640e+01 4.946677727889316145e+01 1.251721116535236007e+02
3.186006179385135795e+01 4.944467954111679830e+01 1.251721116535236007e+02
3.196011793235989273e+01 4.885175058015822458e+01 1.251721116535236007e+02
3.206002367541852749e+01 4.820713686978389489e+01 1.251721116535236007e+02
3.215992380861585787e+01 4.834760798607520371e+01 1.251721116535236007e+02
