8.899641323548096450e-02 5.639587885892587110e+03 7.308338814587443721e+01
1.762294649249977474e-01 2.371316785465236535e+03 7.308338814587443721e+01
2.662437218389693272e-01 1.496346946249030225e+03 7.308338814587443721e+01
3.649346201087940722e-01 8.475230571666255628e+02 7.308338814587443721e+01
4.635470928990934603e-01 5.540688633305035182e+02 7.308338814587443721e+01
5.630121343059290018e-01 4.505558062655404683e+02 7.308338814587443721e+01
6.637476258980694599e-01 3.306503455294986793e+02 7.308338814587443721e+01
7.630437067904533022e-01 2.812947638116571056e+02 7.308338814587443721e+01
8.639090016071222511e-01 2.306630804042321756e+02 7.308338814587443721e+01
9.621426022616451634e-01 1.971082712236527072e+02 7.308338814587443721e+01
1.060650350388561591e+00 1.722179046532783957e+02 7.308338814587443721e+01
1.160695738208251893e+00 1.462175533840200501e+02 7.308338814587443721e+01
1.260988189711796936e+00 1.427050119524297997e+02 7.308338814587443721e+01
1.360965173221828639e+00 1.245316944318457502e+02 7.308338814587443721e+01
1.459516200429978205e+00 1.177109081992649635e+02 7.308338814587443721e+01
1.559771173841701275e+00 1.121844917775827355e+02 7.308338814587443721e+01
1.660823609444051829e+00 1.040721131376395192e+02 7.308338814587443721e+01
1.760863065096903490e+00 9.446935742680997805e+01 7.308338814587443721e+01
1.860831138252939221e+00 8.649171196854203458e+01 7.308338814587443721e+01
1.960558372004485239e+00 8.515467892541451533e+01 7.308338814587443721e+01
2.060584726315924708e+00 7.984206408047063519e+01 7.308338814587443721e+01
2.160729659345701492e+00 7.597000960446388262e+01 7.308338814587443721e+01
2.260719120019153650e+00 7.552584808858381393e+01 7.308338814587443721e+01
2.361163348282317553e+00 7.038182320593313079e+01 7.308338814587443721e+01
2.461248779664896524e+00 6.516561440497909530e+01 7.308338814587443721e+01
2.561100761153063843e+00 6.466270090346370125e+01 7.308338814587443721e+01
2.660769167700723692e+00 6.048567969840999581e+01 7.308338814587443721e+01
2.760458960728367384e+00 6.009851334620051944e+01 7.308338814587443721e+01
2.860591290042267865e+00 5.682824436910718191e+01 7.308338814587443721e+01
2.960639175481798446e+00 5.640717725686280914e+01 7.308338814587443721e+01
3.060358024137067812e+00 5.468760137533872978e+01 7.308338814587443721e+01
3.160794728097130246e+00 5.236319985195183335e+01 7.308338814587443721e+01
3.261199944599915135e+00 5.216220784470040428e+01 7.308338814587443721e+01
3.360749919420539911e+00 4.794810294684545227e+01 7.308338814587443721e+01
3.459835126459389176e+00 4.781900275865658045e+01 7.308338814587443721e+01
3.560188740940378516e+00 4.602573641059197485e+01 7.308338814587443721e+01
3.660846965852959656e+00 4.589063610013384675e+01 7.308338814587443721e+01
3.760451276577104540e+00 4.548947744296245332e+01 7.308338814587443721e+01
3.860212202906779577e+00 4.279656031047287001e+01 7.308338814587443721e+01
3.960532647077731117e+00 4.269212815915034298e+01 7.308338814587443721e+01
4.060962209834743319e+00 4.200884090279600969e+01 7.308338814587443721e+01
4.160148069051775366e+00 3.971162525647328323e+01 7.308338814587443721e+01
4.259582262654759255e+00 4.008892743992464602e+01 7.308338814587443721e+01
4.360164345516578166e+00 3.970142887715186930e+01 7.308338814587443721e+01
4.460573579149521350e+00 3.764305879148285783e+01 7.308338814587443721e+01
4.560530149156328150e+00 3.717484191570846974e+01 7.308338814587443721e+01
4.660287485696529508e+00 3.664303778241445286e+01 7.308338814587443721e+01
4.760262084699077079e+00 3.546325091890879833e+01 7.308338814587443721e+01
4.860447565083823029e+00 3.499815570207488236e+01 7.308338814587443721e+01
4.960628913369701465e+00 3.472101224484440252e+01 7.308338814587443721e+01
5.060804152253668420e+00 3.281893779374354381e+01 7.308338814587443721e+01
5.160609437996754423e+00 3.333309371871649773e+01 7.308338814587443721e+01
5.260521321794523253e+00 3.232617071953536936e+01 7.308338814587443721e+01
5.360542927541686709e+00 3.230879488296112356e+01 7.308338814587443721e+01
5.460351121480531589e+00 3.150417805138344818e+01 7.308338814587443721e+01
5.560202561635490426e+00 3.185881333712224261e+01 7.308338814587443721e+01
5.660212261175133541e+00 3.118008755911738206e+01 7.308338814587443721e+01
5.760666909301913385e+00 3.048618498450279901e+01 7.308338814587443721e+01
5.860488403937768709e+00 3.033720787753911452e+01 7.308338814587443721e+01
5.960286234654308402e+00 2.937092144706858221e+01 7.308338814587443721e+01
6.060495439198260392e+00 2.924473550679435618e+01 7.308338814587443721e+01
6.160172772110693806e+00 2.857227188689500963e+01 7.308338814587443721e+01
6.260000307388036589e+00 2.833380802154866274e+01 7.308338814587443721e+01
6.360019877723115833e+00 2.726601566505959795e+01 7.308338814587443721e+01
6.460393176898672429e+00 2.693756253351811836e+01 7.308338814587443721e+01
6.560712870799073393e+00 2.708103387247417970e+01 7.308338814587443721e+01
6.660315614630555103e+00 2.717645035130688314e+01 7.308338814587443721e+01
6.760348783000822870e+00 2.659802914993888123e+01 7.308338814587443721e+01
6.860507314965895276e+00 2.602343173753054373e+01 7.308338814587443721e+01
6.960389334265283168e+00 2.625446466684964264e+01 7.308338814587443721e+01
7.060034423048193730e+00 2.536712815717231706e+01 7.308338814587443721e+01
7.159957956516346478e+00 2.536834224519472514e+01 7.308338814587443721e+01
7.260192657847024833e+00 2.551126913337616031e+01 7.308338814587443721e+01
7.360108533827269817e+00 2.500303906814031052e+01 7.308338814587443721e+01
7.460339090618184343e+00 2.480510319930034768e+01 7.308338814587443721e+01
7.560411676181439056e+00 2.401018371753804104e+01 7.308338814587443721e+01
7.660346114771154014e+00 2.429389182400609570e+01 7.308338814587443721e+01
7.760391007741484160e+00 2.425832267032363632e+01 7.308338814587443721e+01
7.860072651402888688e+00 2.378131376638653194e+01 7.308338814587443721e+01
7.959955397583765802e+00 2.350670726022261192e+01 7.308338814587443721e+01
8.060172532623253616e+00 2.299070772791198181e+01 7.308338814587443721e+01
8.160169871096277561e+00 2.297470976635241868e+01 7.308338814587443721e+01
8.260209309247560583e+00 2.249662109840566870e+01 7.308338814587443721e+01
8.360295260333263201e+00 2.232971508055098298e+01 7.308338814587443721e+01
8.460314428833417111e+00 2.257507196585247300e+01 7.308338814587443721e+01
8.560221857099927334e+00 2.216104671176145757e+01 7.308338814587443721e+01
8.660164637941472066e+00 2.178452704437887633e+01 7.308338814587443721e+01
8.760181857056902999e+00 2.158995423928057278e+01 7.308338814587443721e+01
8.860218717977446090e+00 2.152604533297835587e+01 7.308338814587443721e+01
8.960267699615021897e+00 2.115513818648798861e+01 7.308338814587443721e+01
9.060158543440742562e+00 2.110115507137489033e+01 7.308338814587443721e+01
9.160314747803932178e+00 2.109192095865908811e+01 7.308338814587443721e+01
9.260376927016194415e+00 2.067191075461526850e+01 7.308338814587443721e+01
9.360208025918709041e+00 2.050789618961918848e+01 7.308338814587443721e+01
9.460075101117821461e+00 2.063042056394868951e+01 7.308338814587443721e+01
9.559992906282033687e+00 2.024943113206441581e+01 7.308338814587443721e+01
9.660236476231109037e+00 2.003981947458866841e+01 7.308338814587443721e+01
9.760211827678935137e+00 2.025125261597968063e+01 7.308338814587443721e+01
9.860087741133007455e+00 1.987856235283263118e+01 7.308338814587443721e+01
9.960113214171899543e+00 1.959724037642951089e+01 7.308338814587443721e+01
1.006014253496011435e+01 1.951307533384648707e+01 7.308338814587443721e+01
1.016015305856116946e+01 1.959809157650525435e+01 7.308338814587443721e+01
1.026012791460989426e+01 1.931540402873575601e+01 7.308338814587443721e+01
1.036009715580952850e+01 1.915211615099049425e+01 7.308338814587443721e+01
1.045999384679854316e+01 1.894469013823042758e+01 7.308338814587443721e+01
1.055998031172832619e+01 1.894034446948950290e+01 7.308338814587443721e+01
1.066015733025465018e+01 1.871912121222898406e+01 7.308338814587443721e+01
1.076005445242803127e+01 1.824946132827105316e+01 7.308338814587443721e+01
1.086017199500644104e+01 1.824848407921162163e+01 7.308338814587443721e+01
1.096035721378511774e+01 1.836475087083024960e+01 7.308338814587443721e+01
1.106014543005698059e+01 1.793564879373798249e+01 7.308338814587443721e+01
1.116013746602539669e+01 1.787603640202081579e+01 7.308338814587443721e+01
1.126001995331923311e+01 1.771151825486535358e+01 7.308338814587443721e+01
1.135997563511528519e+01 1.772061858083615959e+01 7.308338814587443721e+01
1.146027771572255105e+01 1.732714958646980108e+01 7.308338814587443721e+01
1.156025344308602243e+01 1.711478319124267955e+01 7.308338814587443721e+01
1.166020264054967370e+01 1.702014925647610255e+01 7.308338814587443721e+01
1.176010824919332443e+01 1.675861168791216471e+01 7.308338814587443721e+01
1.186009918100251248e+01 1.705658757861530717e+01 7.308338814587443721e+01
1.196022404466052436e+01 1.686021140318720768e+01 7.308338814587443721e+01
1.206014086953631015e+01 1.694028948657944511e+01 7.308338814587443721e+01
1.216012200167176260e+01 1.672756393476434766e+01 7.308338814587443721e+01
1.225991162114084787e+01 1.641077974816488450e+01 7.308338814587443721e+01
1.235998963976033949e+01 1.638651306836717936e+01 7.308338814587443721e+01
1.246019708267939308e+01 1.631403170782232337e+01 7.308338814587443721e+01
1.256029988740128189e+01 1.597377888729556616e+01 7.308338814587443721e+01
1.266021832804886849e+01 1.593133687973967483e+01 7.308338814587443721e+01
1.276011783806912625e+01 1.605161882695209385e+01 7.308338814587443721e+01
1.286027643411210342e+01 1.597277649933614896e+01 7.308338814587443721e+01
1.296020505403111756e+01 1.568516706558672524e+01 7.308338814587443721e+01
1.306004381250698110e+01 1.581364390390604058e+01 7.308338814587443721e+01
1.316008799938249751e+01 1.552249169298924869e+01 7.308338814587443721e+01
1.326024158855983259e+01 1.530788957669685146e+01 7.308338814587443721e+01
1.336025563904201441e+01 1.511808568564464395e+01 7.308338814587443721e+01
1.346008251893918484e+01 1.499182576826289903e+01 7.308338814587443721e+01
1.356002845306179871e+01 1.477308840139664881e+01 7.308338814587443721e+01
1.366017449007571649e+01 1.483110104489018966e+01 7.308338814587443721e+01
1.376018618598503629e+01 1.466428225469347524e+01 7.308338814587443721e+01
1.386016602641027795e+01 1.470055329205123940e+01 7.308338814587443721e+01
1.396016603220776808e+01 1.455877277878899179e+01 7.308338814587443721e+01
1.406021375009726349e+01 1.457790282023552209e+01 7.308338814587443721e+01
1.416017889984025935e+01 1.447697858338656829e+01 7.308338814587443721e+01
1.426021760910094116e+01 1.436793637474804086e+01 7.308338814587443721e+01
1.436020568897167315e+01 1.412933745123791596e+01 7.308338814587443721e+01
1.446009957908403720e+01 1.442130959004508384e+01 7.308338814587443721e+01
1.456020661983343167e+01 1.429072547442393670e+01 7.308338814587443721e+01
1.466035845314601893e+01 1.394638650862513884e+01 7.308338814587443721e+01
1.476027873150629333e+01 1.397469013378298541e+01 7.308338814587443721e+01
1.486011958734484217e+01 1.379359822410374647e+01 7.308338814587443721e+01
1.496014783579061636e+01 1.362165948676488370e+01 7.308338814587443721e+01
1.506017080873394143e+01 1.364034883542461785e+01 7.308338814587443721e+01
1.516008530228541495e+01 1.350532685495069529e+01 7.308338814587443721e+01
1.526016901980520579e+01 1.369170691212404734e+01 7.308338814587443721e+01
1.536028844696910411e+01 1.347580061248110894e+01 7.308338814587443721e+01
1.546018238599979000e+01 1.331631287129557961e+01 7.308338814587443721e+01
1.556018596824832123e+01 1.310067012730061720e+01 7.308338814587443721e+01
1.566018715656100824e+01 1.301930320005632780e+01 7.308338814587443721e+01
1.576017128895625774e+01 1.302476314839906024e+01 7.308338814587443721e+01
1.586022654335216053e+01 1.314321218996461482e+01 7.308338814587443721e+01
1.596027194439420605e+01 1.286919410458799007e+01 7.308338814587443721e+01
1.606019988436615265e+01 1.299050399395204636e+01 7.308338814587443721e+01
1.616001619001476186e+01 1.274046699116729542e+01 7.308338814587443721e+01
1.626011267441217711e+01 1.278205996311635317e+01 7.308338814587443721e+01
1.636015423131000901e+01 1.265747032211764633e+01 7.308338814587443721e+01
1.646013567016607482e+01 1.248433618674829404e+01 7.308338814587443721e+01
1.656007240838085437e+01 1.260898351203398704e+01 7.308338814587443721e+01
1.665992901383054914e+01 1.265231406004451742e+01 7.308338814587443721e+01
1.676002219346689159e+01 1.230213509068899214e+01 7.308338814587443721e+01
1.686003790855481910e+01 1.224137711756451097e+01 7.308338814587443721e+01
1.696008931641028283e+01 1.207275655978402540e+01 7.308338814587443721e+01
1.706015857686212200e+01 1.204767567466527112e+01 7.308338814587443721e+01
1.716002510614071497e+01 1.198777514487912299e+01 7.308338814587443721e+01
1.726005228275917602e+01 1.217971348670302234e+01 7.308338814587443721e+01
1.736004143261135368e+01 1.198896925759565590e+01 7.308338814587443721e+01
1.746000211235884692e+01 1.181070849916751797e+01 7.308338814587443721e+01
1.756012122361867966e+01 1.182315132881930708e+01 7.308338814587443721e+01
1.766014398804343344e+01 1.187714641883553668e+01 7.308338814587443721e+01
1.776015571561410411e+01 1.173151153892067100e+01 7.308338814587443721e+01
1.786014681601529830e+01 1.168680089800454880e+01 7.308338814587443721e+01
1.796008276126707415e+01 1.167486850074904225e+01 7.308338814587443721e+01
1.806015261825141849e+01 1.158967798949126404e+01 7.308338814587443721e+01
1.816009831592651835e+01 1.138856242562164311e+01 7.308338814587443721e+01
1.826011438206822390e+01 1.148574194674331750e+01 7.308338814587443721e+01
1.836018372585242631e+01 1.147569549873789185e+01 7.308338814587443721e+01
1.846011248160125007e+01 1.155643989150007656e+01 7.308338814587443721e+01
1.856012405487159711e+01 1.128396028865523704e+01 7.308338814587443721e+01
1.866007499050376595e+01 1.129423650257338352e+01 7.308338814587443721e+01
1.876012430072754356e+01 1.123361360042028423e+01 7.308338814587443721e+01
1.886008617154970324e+01 1.120243072780220928e+01 7.308338814587443721e+01
1.896000428863321119e+01 1.118487348713696861e+01 7.308338814587443721e+01
1.906004619657873178e+01 1.106588368559818036e+01 7.308338814587443721e+01
1.916012450871170714e+01 1.091397967911383660e+01 7.308338814587443721e+01
1.926014135632459556e+01 1.097923578221421792e+01 7.308338814587443721e+01
1.936003992471836455e+01 1.082351001490393116e+01 7.308338814587443721e+01
1.946009659168149142e+01 1.060401654559674967e+01 7.308338814587443721e+01
1.956009751796509732e+01 1.075644895700186510e+01 7.308338814587443721e+01
1.966003308899824376e+01 1.071450775271175360e+01 7.308338814587443721e+01
1.976006350907396580e+01 1.072187224764502389e+01 7.308338814587443721e+01
1.986013807476350834e+01 1.074484184515232243e+01 7.308338814587443721e+01
1.996016270699268702e+01 1.048282313077697836e+01 7.308338814587443721e+01
2.006011812007354322e+01 1.063891106932071295e+01 7.308338814587443721e+01
2.016010605821437096e+01 1.052617855190169394e+01 7.308338814587443721e+01
2.026020834532102199e+01 1.030947119167855419e+01 7.308338814587443721e+01
2.036015264346706388e+01 1.053360448566128582e+01 7.308338814587443721e+01
2.046014229129198014e+01 1.030155957987579995e+01 7.308338814587443721e+01
2.056020556242132713e+01 1.041029713149092117e+01 7.308338814587443721e+01
2.066006737361054846e+01 1.015100588882678778e+01 7.308338814587443721e+01
2.076011273190236039e+01 1.020545850702492885e+01 7.308338814587443721e+01
2.086019097974652325e+01 1.007372616373106666e+01 7.308338814587443721e+01
2.096013179077616329e+01 1.009388595462763760e+01 7.308338814587443721e+01
2.106005425085002614e+01 1.002510834157884290e+01 7.308338814587443721e+01
2.116004591121704337e+01 1.006614390576901030e+01 7.308338814587443721e+01
2.126006410376831823e+01 9.980694561339376492e+00 7.308338814587443721e+01
2.136004018857844144e+01 9.939158503782849152e+00 7.308338814587443721e+01
2.146015210129004203e+01 9.892975923128034310e+00 7.308338814587443721e+01
2.156018961599651362e+01 9.838554688058110287e+00 7.308338814587443721e+01
2.166014215802494647e+01 9.787997132595492644e+00 7.308338814587443721e+01
2.176005975325295339e+01 9.788711595953742517e+00 7.308338814587443721e+01
2.186002365495255262e+01 9.686411221417372985e+00 7.308338814587443721e+01
2.196015797577956619e+01 9.705871457311587847e+00 7.308338814587443721e+01
2.206015327450682051e+01 9.584822872577362318e+00 7.308338814587443721e+01
2.216022562432646836e+01 9.645850766628569772e+00 7.308338814587443721e+01
2.226023762596713595e+01 9.450140849780652275e+00 7.308338814587443721e+01
2.236012187475994395e+01 9.515585819503812104e+00 7.308338814587443721e+01
2.246005770765591691e+01 9.406818013836641512e+00 7.308338814587443721e+01
2.256004550991068669e+01 9.281558373695560249e+00 7.308338814587443721e+01
2.266007914369372855e+01 9.190931028083312526e+00 7.308338814587443721e+01
2.276000806581113878e+01 9.254352586849364570e+00 7.308338814587443721e+01
2.286010844514616380e+01 9.040950959130682918e+00 7.308338814587443721e+01
2.296007356234825281e+01 9.088216721931175357e+00 7.308338814587443721e+01
2.306005103070280882e+01 8.979745084125298149e+00 7.308338814587443721e+01
2.316011535778469366e+01 8.994975716664541210e+00 7.308338814587443721e+01
2.326004152122711943e+01 8.801918966882553264e+00 7.308338814587443721e+01
2.336003177061514791e+01 8.965278669390244204e+00 7.308338814587443721e+01
2.345997616252074280e+01 8.885769283336983904e+00 7.308338814587443721e+01
2.355996558789114559e+01 8.918446717814802582e+00 7.308338814587443721e+01
2.366005677356592685e+01 8.895530564333924417e+00 7.308338814587443721e+01
2.376008499752514425e+01 8.775394647733492093e+00 7.308338814587443721e+01
2.386008650357267769e+01 8.761929465099782988e+00 7.308338814587443721e+01
2.396008208139831552e+01 8.669651466067747947e+00 7.308338814587443721e+01
2.406007349624439229e+01 8.731889666940688244e+00 7.308338814587443721e+01
2.416005355753632244e+01 8.504474133725267393e+00 7.308338814587443721e+01
2.426000100264842274e+01 8.507308486324134833e+00 7.308338814587443721e+01
2.436013464581442989e+01 8.521954895647169792e+00 7.308338814587443721e+01
2.446023033168192740e+01 8.540114846160008710e+00 7.308338814587443721e+01
2.456010370727704029e+01 8.417767094130354621e+00 7.308338814587443721e+01
2.466007991705158631e+01 8.401342673104778669e+00 7.308338814587443721e+01
2.476007853616273735e+01 8.381249513435051313e+00 7.308338814587443721e+01
2.486010699666847046e+01 8.448233996645370780e+00 7.308338814587443721e+01
2.496012068606717094e+01 8.308936072330624256e+00 7.308338814587443721e+01
2.506011884904720333e+01 8.311793747058331405e+00 7.308338814587443721e+01
2.516016461492254663e+01 8.174055897518897496e+00 7.308338814587443721e+01
2.526004864631245894e+01 8.239259605037815959e+00 7.308338814587443721e+01
2.536000880997600149e+01 8.285751947378798832e+00 7.308338814587443721e+01
2.546000763258749444e+01 8.114029478413073093e+00 7.308338814587443721e+01
2.556005256491409483e+01 8.185384867475946180e+00 7.308338814587443721e+01
2.566007495662108084e+01 8.148665581252870993e+00 7.308338814587443721e+01
2.576001284207799458e+01 8.087928400592943490e+00 7.308338814587443721e+01
2.586005665426739952e+01 7.981260941729729552e+00 7.308338814587443721e+01
2.595995283772588991e+01 7.989230993295564076e+00 7.308338814587443721e+01
2.605992768761304035e+01 7.849944258714501188e+00 7.308338814587443721e+01
2.616008588888359654e+01 7.852293098481553102e+00 7.308338814587443721e+01
2.626013639090650997e+01 7.850436070098652408e+00 7.308338814587443721e+01
2.636010086664784069e+01 7.822981891810300681e+00 7.308338814587443721e+01
2.646009292255724077e+01 7.706451871040087553e+00 7.308338814587443721e+01
2.656009163346045199e+01 7.681401371765957720e+00 7.308338814587443721e+01
2.666007616590135143e+01 7.587770093168472840e+00 7.308338814587443721e+01
2.676007911660554939e+01 7.621975123197259450e+00 7.308338814587443721e+01
2.686008193545500689e+01 7.758698680426988403e+00 7.308338814587443721e+01
2.696008527403073884e+01 7.537197076058276934e+00 7.308338814587443721e+01
2.706014568371496409e+01 7.573219100313409058e+00 7.308338814587443721e+01
2.716014672685720654e+01 7.594312355553171301e+00 7.308338814587443721e+01
2.726011201775047255e+01 7.545805712243947028e+00 7.308338814587443721e+01
2.736011629044526217e+01 7.543000019141786083e+00 7.308338814587443721e+01
2.746009456312569696e+01 7.522491647643221313e+00 7.308338814587443721e+01
2.756010111326260414e+01 7.373923375878248976e+00 7.308338814587443721e+01
2.766000659215977819e+01 7.389367555098019125e+00 7.308338814587443721e+01
2.775996930878592650e+01 7.416316888495586568e+00 7.308338814587443721e+01
2.786001736508387339e+01 7.219340832099746308e+00 7.308338814587443721e+01
2.796003666424917711e+01 7.179819523584654917e+00 7.308338814587443721e+01
2.806007318658330973e+01 7.132612416041695269e+00 7.308338814587443721e+01
2.816002575392253959e+01 7.070992374500491451e+00 7.308338814587443721e+01
2.826008618070721923e+01 7.142135173195669040e+00 7.308338814587443721e+01
2.836011268337557567e+01 6.971499836031327391e+00 7.308338814587443721e+01
2.846006766072591532e+01 6.929976083467508374e+00 7.308338814587443721e+01
2.856002342132942928e+01 6.900700560363688396e+00 7.308338814587443721e+01
2.865999923614900879e+01 6.919193278720442208e+00 7.308338814587443721e+01
2.876004741964181477e+01 6.825586298771540328e+00 7.308338814587443721e+01
2.886004046337784956e+01 6.812408650294159429e+00 7.308338814587443721e+01
2.896008102924385952e+01 6.747601240639042430e+00 7.308338814587443721e+01
2.906013056701853259e+01 6.627761279842815156e+00 7.308338814587443721e+01
2.916008342699372236e+01 6.776138582897090146e+00 7.308338814587443721e+01
2.926005396200691067e+01 6.722408014611929161e+00 7.308338814587443721e+01
2.936006015490019294e+01 6.694574422949031600e+00 7.308338814587443721e+01
2.946008302370103493e+01 6.572352772135829468e+00 7.308338814587443721e+01
2.956005136911289100e+01 6.533144367465524738e+00 7.308338814587443721e+01
2.966004211127815182e+01 6.509009989307401156e+00 7.308338814587443721e+01
2.976008309869055068e+01 6.480299573792962065e+00 7.308338814587443721e+01
2.986006866468150278e+01 6.374435090626860756e+00 7.308338814587443721e+01
2.996000836426628311e+01 6.455890098852520964e+00 7.308338814587443721e+01
3.005998672307784148e+01 6.446819785312442264e+00 7.308338814587443721e+01
3.015999329076658597e+01 6.345009890778356976e+00 7.308338814587443721e+01
3.025997071981619158e+01 6.479086460486414012e+00 7.308338814587443721e+01
3.035998250913087304e+01 6.355190564310788659e+00 7.308338814587443721e+01
3.046003667608819399e+01 6.384952071746170077e+00 7.308338814587443721e+01
3.056001139595522531e+01 6.356783025784736196e+00 7.308338814587443721e+01
3.066003402547599066e+01 6.331813011634963573e+00 7.308338814587443721e+01
3.076012870266283983e+01 6.247766923595264643e+00 7.308338814587443721e+01
3.086005490868008394e+01 6.100977416016718280e+00 7.308338814587443721e+01
3.096001904061603582e+01 6.088215877766927520e+00 7.308338814587443721e+01
3.106011009671765066e+01 6.069685468294849784e+00 7.308338814587443721e+01
3.116010574269009226e+01 6.092477255761849619e+00 7.308338814587443721e+01
3.126007157798853697e+01 6.068470373321588340e+00 7.308338814587443721e+01
3.136002568220683173e+01 5.946635353362410115e+00 7.308338814587443721e+01
3.146005315939301639e+01 5.904991507363703818e+00 7.308338814587443721e+01
3.156011152172583678e+01 5.910332277414369173e+00 7.308338814587443721e+01
3.166012355668277323e+01 5.840110552651793796e+00 7.308338814587443721e+01
3.176010027308443640e+01 5.857393255684101518e+00 7.308338814587443721e+01
3.186006179385135795e+01 5.847091457574890683e+00 7.308338814587443721e+01
3.196011793235989273e+01 5.781043901757342951e+00 7.308338814587443721e+01
3.206002367541852749e+01 5.793188853917641268e+00 7.308338814587443721e+01
3.215992380861585787e+01 5.678687014240580311e+00 7.308338814587443721e+01
