8.899641323548096450e-02 2.499034199108818211e+04 1.219512195121951299e+04
1.762294649249977474e-01 1.588471138211381913e+04 1.219512195121951299e+04
2.662437218389693272e-01 9.451432188907878299e+03 1.219512195121951299e+04
3.649346201087940722e-01 7.018457594235034776e+03 1.219512195121951299e+04
4.635470928990934603e-01 3.594625096024581580e+03 1.219512195121951299e+04
5.630121343059290018e-01 3.454371508946953327e+03 1.219512195121951299e+04
6.637476258980694599e-01 3.157506780123771023e+03 1.219512195121951299e+04
7.630437067904533022e-01 2.376671014938416192e+03 1.219512195121951299e+04
8.639090016071222511e-01 2.668069946435070960e+03 1.219512195121951299e+04
9.621426022616451634e-01 2.933230062790995362e+03 1.219512195121951299e+04
1.060650350388561591e+00 1.492292097492099856e+03 1.219512195121951299e+04
1.160695738208251893e+00 1.548973007748832970e+03 1.219512195121951299e+04
1.260988189711796936e+00 1.024537916069746643e+03 1.219512195121951299e+04
1.360965173221828639e+00 1.013350414929018370e+03 1.219512195121951299e+04
1.459516200429978205e+00 1.270239013362250262e+03 1.219512195121951299e+04
1.559771173841701275e+00 1.115774556514499636e+03 1.219512195121951299e+04
1.660823609444051829e+00 1.220590541649853549e+03 1.219512195121951299e+04
1.760863065096903490e+00 9.706173786314229801e+02 1.219512195121951299e+04
1.860831138252939221e+00 9.306629458056595467e+02 1.219512195121951299e+04
1.960558372004485239e+00 9.423272823984279967e+02 1.219512195121951299e+04
2.060584726315924708e+00 5.134346350513587822e+02 1.219512195121951299e+04
2.160729659345701492e+00 7.542136374137753592e+02 1.219512195121951299e+04
2.260719120019153650e+00 3.193875861965025251e+02 1.219512195121951299e+04
2.361163348282317553e+00 5.319428961570520187e+02 1.219512195121951299e+04
2.461248779664896524e+00 4.838582306105599855e+02 1.219512195121951299e+04
2.561100761153063843e+00 6.487702268791617826e+02 1.219512195121951299e+04
2.660769167700723692e+00 4.635270136769759119e+02 1.219512195121951299e+04
2.760458960728367384e+00 7.172192124957018677e+02 1.219512195121951299e+04
2.860591290042267865e+00 6.132716308411854698e+02 1.219512195121951299e+04
2.960639175481798446e+00 6.589341403218822961e+02 1.219512195121951299e+04
3.060358024137067812e+00 7.343774524267646484e+02 1.219512195121951299e+04
3.160794728097130246e+00 8.003013854779492249e+02 1.219512195121951299e+04
3.261199944599915135e+00 7.471707517763334181e+02 1.219512195121951299e+04
3.360749919420539911e+00 6.110836877200308663e+02 1.219512195121951299e+04
3.459835126459389176e+00 7.204589884226879803e+02 1.219512195121951299e+04
3.560188740940378516e+00 5.201258158182936313e+02 1.219512195121951299e+04
3.660846965852959656e+00 5.233291428076900047e+02 1.219512195121951299e+04
3.760451276577104540e+00 4.287906268857841496e+02 1.219512195121951299e+04
3.860212202906779577e+00 4.246193740368762519e+02 1.219512195121951299e+04
3.960532647077731117e+00 3.008282244113888737e+02 1.219512195121951299e+04
4.060962209834743319e+00 3.879495664919195406e+02 1.219512195121951299e+04
4.160148069051775366e+00 2.685778361915217829e+02 1.219512195121951299e+04
4.259582262654759255e+00 3.335045244202028698e+02 1.219512195121951299e+04
4.360164345516578166e+00 3.219109435173286329e+02 1.219512195121951299e+04
4.460573579149521350e+00 2.537529420595510601e+02 1.219512195121951299e+04
4.560530149156328150e+00 4.421276496320042497e+02 1.219512195121951299e+04
4.660287485696529508e+00 4.622205449980647245e+02 1.219512195121951299e+04
4.760262084699077079e+00 3.291728090616088593e+02 1.219512195121951299e+04
4.860447565083823029e+00 5.269384689205326140e+02 1.219512195121951299e+04
4.960628913369701465e+00 6.527461011111900007e+02 1.219512195121951299e+04
5.060804152253668420e+00 6.052871676960749028e+02 1.219512195121951299e+04
5.160609437996754423e+00 4.941361118562890624e+02 1.219512195121951299e+04
5.260521321794523253e+00 4.619160393255679082e+02 1.219512195121951299e+04
5.360542927541686709e+00 4.264637850780873123e+02 1.219512195121951299e+04
5.460351121480531589e+00 5.161140760159305501e+02 1.219512195121951299e+04
5.560202561635490426e+00 4.509016744516720792e+02 1.219512195121951299e+04
5.660212261175133541e+00 3.918385593999446428e+02 1.219512195121951299e+04
5.760666909301913385e+00 3.248077074738775991e+02 1.219512195121951299e+04
5.860488403937768709e+00 3.725978295107670419e+02 1.219512195121951299e+04
5.960286234654308402e+00 3.026252472966662026e+02 1.219512195121951299e+04
6.060495439198260392e+00 3.266309159012944292e+02 1.219512195121951299e+04
6.160172772110693806e+00 2.451753531292215484e+02 1.219512195121951299e+04
6.260000307388036589e+00 3.240836161027255002e+02 1.219512195121951299e+04
6.360019877723115833e+00 2.084473898551877937e+02 1.219512195121951299e+04
6.460393176898672429e+00 2.206433409898072568e+02 1.219512195121951299e+04
6.560712870799073393e+00 1.818580120832375542e+02 1.219512195121951299e+04
6.660315614630555103e+00 1.643089709239393414e+02 1.219512195121951299e+04
6.760348783000822870e+00 2.146801078058815619e+02 1.219512195121951299e+04
6.860507314965895276e+00 2.533149520301740267e+02 1.219512195121951299e+04
6.960389334265283168e+00 2.156695226087904302e+02 1.219512195121951299e+04
7.060034423048193730e+00 1.893341191317649645e+02 1.219512195121951299e+04
7.159957956516346478e+00 1.626442336564959987e+02 1.219512195121951299e+04
7.260192657847024833e+00 1.379405281391791505e+02 1.219512195121951299e+04
7.360108533827269817e+00 2.290357292983226216e+02 1.219512195121951299e+04
7.460339090618184343e+00 2.086875294909732474e+02 1.219512195121951299e+04
7.560411676181439056e+00 2.565209731260511035e+02 1.219512195121951299e+04
7.660346114771154014e+00 2.772797672037868324e+02 1.219512195121951299e+04
7.760391007741484160e+00 2.976602560822066152e+02 1.219512195121951299e+04
7.860072651402888688e+00 1.810871826387538022e+02 1.219512195121951299e+04
7.959955397583765802e+00 1.751483163647753827e+02 1.219512195121951299e+04
8.060172532623253616e+00 1.794326118872832012e+02 1.219512195121951299e+04
8.160169871096277561e+00 2.502852921719750157e+02 1.219512195121951299e+04
8.260209309247560583e+00 2.250061745026960125e+02 1.219512195121951299e+04
8.360295260333263201e+00 1.811827560770507262e+02 1.219512195121951299e+04
8.460314428833417111e+00 2.119300040014022670e+02 1.219512195121951299e+04
8.560221857099927334e+00 1.917191186683212436e+02 1.219512195121951299e+04
8.660164637941472066e+00 1.696426001175532292e+02 1.219512195121951299e+04
8.760181857056902999e+00 1.851921469927528960e+02 1.219512195121951299e+04
8.860218717977446090e+00 2.779130488056052855e+02 1.219512195121951299e+04
8.960267699615021897e+00 2.852848818120528449e+02 1.219512195121951299e+04
9.060158543440742562e+00 2.906434952086274279e+02 1.219512195121951299e+04
9.160314747803932178e+00 2.549750139359766763e+02 1.219512195121951299e+04
9.260376927016194415e+00 1.886456548046953685e+02 1.219512195121951299e+04
9.360208025918709041e+00 2.811634967013287678e+02 1.219512195121951299e+04
9.460075101117821461e+00 3.182733209956713836e+02 1.219512195121951299e+04
9.559992906282033687e+00 2.428084445313470496e+02 1.219512195121951299e+04
9.660236476231109037e+00 3.045345199250768928e+02 1.219512195121951299e+04
9.760211827678935137e+00 3.367479485627682152e+02 1.219512195121951299e+04
9.860087741133007455e+00 2.951926340843601793e+02 1.219512195121951299e+04
9.960113214171899543e+00 3.041369401104457211e+02 1.219512195121951299e+04
1.006014253496011435e+01 2.321201161527969816e+02 1.219512195121951299e+04
1.016015305856116946e+01 1.908553427485276188e+02 1.219512195121951299e+04
1.026012791460989426e+01 2.569466520637943177e+02 1.219512195121951299e+04
1.036009715580952850e+01 2.515049379828869860e+02 1.219512195121951299e+04
1.045999384679854316e+01 2.329810602631187066e+02 1.219512195121951299e+04
1.055998031172832619e+01 2.357349773385212757e+02 1.219512195121951299e+04
1.066015733025465018e+01 1.641325060104882141e+02 1.219512195121951299e+04
1.076005445242803127e+01 1.997597315149305359e+02 1.219512195121951299e+04
1.086017199500644104e+01 1.947757290771442058e+02 1.219512195121951299e+04
1.096035721378511774e+01 1.697241204774563812e+02 1.219512195121951299e+04
1.106014543005698059e+01 1.070028827606656705e+02 1.219512195121951299e+04
1.116013746602539669e+01 1.691667879527685727e+02 1.219512195121951299e+04
1.126001995331923311e+01 1.754433433244867047e+02 1.219512195121951299e+04
1.135997563511528519e+01 2.150099155037187302e+02 1.219512195121951299e+04
1.146027771572255105e+01 1.836291483334753138e+02 1.219512195121951299e+04
1.156025344308602243e+01 2.347624666166193492e+02 1.219512195121951299e+04
1.166020264054967370e+01 2.271825064637887408e+02 1.219512195121951299e+04
1.176010824919332443e+01 2.468629118980206840e+02 1.219512195121951299e+04
1.186009918100251248e+01 2.689640534454119916e+02 1.219512195121951299e+04
1.196022404466052436e+01 2.540982349030800833e+02 1.219512195121951299e+04
1.206014086953631015e+01 3.135465483557327389e+02 1.219512195121951299e+04
1.216012200167176260e+01 2.638876796848926460e+02 1.219512195121951299e+04
1.225991162114084787e+01 2.854090536627518304e+02 1.219512195121951299e+04
1.235998963976033949e+01 2.703934223141350230e+02 1.219512195121951299e+04
1.246019708267939308e+01 2.647936039290798362e+02 1.219512195121951299e+04
1.256029988740128189e+01 2.455861482131349476e+02 1.219512195121951299e+04
1.266021832804886849e+01 2.827635845981822058e+02 1.219512195121951299e+04
1.276011783806912625e+01 2.529961493680420972e+02 1.219512195121951299e+04
1.286027643411210342e+01 2.295499234820435959e+02 1.219512195121951299e+04
1.296020505403111756e+01 2.041920354329722613e+02 1.219512195121951299e+04
1.306004381250698110e+01 1.531558119984983932e+02 1.219512195121951299e+04
1.316008799938249751e+01 2.240952463543490012e+02 1.219512195121951299e+04
1.326024158855983259e+01 2.164353849013132276e+02 1.219512195121951299e+04
1.336025563904201441e+01 2.974855437097612594e+02 1.219512195121951299e+04
1.346008251893918484e+01 2.559307727733776119e+02 1.219512195121951299e+04
1.356002845306179871e+01 2.593270999705473514e+02 1.219512195121951299e+04
1.366017449007571649e+01 2.857404221658598544e+02 1.219512195121951299e+04
1.376018618598503629e+01 2.498534676699200645e+02 1.219512195121951299e+04
1.386016602641027795e+01 2.794143584167741210e+02 1.219512195121951299e+04
1.396016603220776808e+01 2.846307803262170637e+02 1.219512195121951299e+04
1.406021375009726349e+01 3.176954318969055748e+02 1.219512195121951299e+04
1.416017889984025935e+01 3.289370663121644611e+02 1.219512195121951299e+04
1.426021760910094116e+01 3.668255249205267319e+02 1.219512195121951299e+04
1.436020568897167315e+01 3.337354944451817573e+02 1.219512195121951299e+04
1.446009957908403720e+01 3.571445248089239612e+02 1.219512195121951299e+04
1.456020661983343167e+01 3.805316073206122383e+02 1.219512195121951299e+04
1.466035845314601893e+01 3.491634864143597952e+02 1.219512195121951299e+04
1.476027873150629333e+01 3.660432123522259644e+02 1.219512195121951299e+04
1.486011958734484217e+01 3.494971451207729842e+02 1.219512195121951299e+04
1.496014783579061636e+01 3.653551116428843670e+02 1.219512195121951299e+04
1.506017080873394143e+01 3.867181761712399748e+02 1.219512195121951299e+04
1.516008530228541495e+01 3.532444055657888384e+02 1.219512195121951299e+04
1.526016901980520579e+01 3.587232204766187351e+02 1.219512195121951299e+04
1.536028844696910411e+01 3.336151320077715354e+02 1.219512195121951299e+04
1.546018238599979000e+01 2.918031261307187378e+02 1.219512195121951299e+04
1.556018596824832123e+01 2.721959711697909370e+02 1.219512195121951299e+04
1.566018715656100824e+01 2.460467734846715757e+02 1.219512195121951299e+04
1.576017128895625774e+01 2.636981465915723675e+02 1.219512195121951299e+04
1.586022654335216053e+01 2.625545322003945330e+02 1.219512195121951299e+04
1.596027194439420605e+01 2.548775132140781352e+02 1.219512195121951299e+04
1.606019988436615265e+01 2.638784847404276661e+02 1.219512195121951299e+04
1.616001619001476186e+01 3.047456187231182412e+02 1.219512195121951299e+04
1.626011267441217711e+01 3.405905533992463461e+02 1.219512195121951299e+04
1.636015423131000901e+01 2.943255687946675607e+02 1.219512195121951299e+04
1.646013567016607482e+01 3.034000094763505331e+02 1.219512195121951299e+04
1.656007240838085437e+01 3.188209257222206361e+02 1.219512195121951299e+04
1.665992901383054914e+01 2.806071825849958259e+02 1.219512195121951299e+04
1.676002219346689159e+01 2.722040453347071889e+02 1.219512195121951299e+04
1.686003790855481910e+01 3.082885151386217331e+02 1.219512195121951299e+04
1.696008931641028283e+01 2.917047516651000478e+02 1.219512195121951299e+04
1.706015857686212200e+01 2.941712147073703818e+02 1.219512195121951299e+04
1.716002510614071497e+01 2.655978934048198425e+02 1.219512195121951299e+04
1.726005228275917602e+01 2.403139443166965066e+02 1.219512195121951299e+04
1.736004143261135368e+01 2.324312104467608151e+02 1.219512195121951299e+04
1.746000211235884692e+01 2.578485041932435706e+02 1.219512195121951299e+04
1.756012122361867966e+01 3.007447324970162299e+02 1.219512195121951299e+04
1.766014398804343344e+01 3.211721150970079179e+02 1.219512195121951299e+04
1.776015571561410411e+01 2.914199009844196553e+02 1.219512195121951299e+04
1.786014681601529830e+01 2.696582871293885546e+02 1.219512195121951299e+04
1.796008276126707415e+01 2.587570528792839468e+02 1.219512195121951299e+04
1.806015261825141849e+01 2.704245988704351475e+02 1.219512195121951299e+04
1.816009831592651835e+01 2.710369929431180935e+02 1.219512195121951299e+04
1.826011438206822390e+01 2.859653940138268808e+02 1.219512195121951299e+04
1.836018372585242631e+01 2.398836494591287192e+02 1.219512195121951299e+04
1.846011248160125007e+01 2.794557536962383892e+02 1.219512195121951299e+04
1.856012405487159711e+01 2.472813285954252933e+02 1.219512195121951299e+04
1.866007499050376595e+01 2.448799108573603007e+02 1.219512195121951299e+04
1.876012430072754356e+01 2.874417168949366896e+02 1.219512195121951299e+04
1.886008617154970324e+01 3.206027332085632224e+02 1.219512195121951299e+04
1.896000428863321119e+01 3.404743262168340152e+02 1.219512195121951299e+04
1.906004619657873178e+01 3.623204592454239901e+02 1.219512195121951299e+04
1.916012450871170714e+01 3.758587271989072178e+02 1.219512195121951299e+04
1.926014135632459556e+01 3.666018058750360069e+02 1.219512195121951299e+04
1.936003992471836455e+01 3.442203361313477217e+02 1.219512195121951299e+04
1.946009659168149142e+01 3.554921731919694139e+02 1.219512195121951299e+04
1.956009751796509732e+01 3.119365496643604274e+02 1.219512195121951299e+04
1.966003308899824376e+01 3.040874339516303735e+02 1.219512195121951299e+04
1.976006350907396580e+01 3.042044921565138793e+02 1.219512195121951299e+04
1.986013807476350834e+01 3.110134996782617236e+02 1.219512195121951299e+04
1.996016270699268702e+01 3.275343971498841711e+02 1.219512195121951299e+04
2.006011812007354322e+01 2.948212868562823132e+02 1.219512195121951299e+04
2.016010605821437096e+01 2.946892767436638678e+02 1.219512195121951299e+04
2.026020834532102199e+01 2.901028997606372286e+02 1.219512195121951299e+04
2.036015264346706388e+01 2.852760547023754043e+02 1.219512195121951299e+04
2.046014229129198014e+01 2.889375112100169645e+02 1.219512195121951299e+04
2.056020556242132713e+01 2.793315943373672781e+02 1.219512195121951299e+04
2.066006737361054846e+01 3.127190741982267355e+02 1.219512195121951299e+04
2.076011273190236039e+01 3.479021245128660667e+02 1.219512195121951299e+04
2.086019097974652325e+01 3.429332629084183282e+02 1.219512195121951299e+04
2.096013179077616329e+01 3.443831055340942839e+02 1.219512195121951299e+04
2.106005425085002614e+01 3.361900938978906197e+02 1.219512195121951299e+04
2.116004591121704337e+01 3.245745025212545443e+02 1.219512195121951299e+04
2.126006410376831823e+01 3.281068746359305806e+02 1.219512195121951299e+04
2.136004018857844144e+01 3.176643040508715785e+02 1.219512195121951299e+04
2.146015210129004203e+01 2.982800171004309959e+02 1.219512195121951299e+04
2.156018961599651362e+01 3.245529617023767059e+02 1.219512195121951299e+04
2.166014215802494647e+01 3.184904401873154711e+02 1.219512195121951299e+04
2.176005975325295339e+01 3.569193829910927889e+02 1.219512195121951299e+04
2.186002365495255262e+01 3.507988669928436138e+02 1.219512195121951299e+04
2.196015797577956619e+01 3.502240250553531951e+02 1.219512195121951299e+04
2.206015327450682051e+01 3.335746445732111169e+02 1.219512195121951299e+04
2.216022562432646836e+01 3.295026120975144295e+02 1.219512195121951299e+04
2.226023762596713595e+01 3.565202486083508120e+02 1.219512195121951299e+04
2.236012187475994395e+01 3.685932764008284721e+02 1.219512195121951299e+04
2.246005770765591691e+01 3.389157694867462851e+02 1.219512195121951299e+04
2.256004550991068669e+01 3.372833893101251306e+02 1.219512195121951299e+04
2.266007914369372855e+01 2.928352443251787918e+02 1.219512195121951299e+04
2.276000806581113878e+01 3.116521433937450638e+02 1.219512195121951299e+04
2.286010844514616380e+01 3.186948837069539877e+02 1.219512195121951299e+04
2.296007356234825281e+01 3.114263948861535027e+02 1.219512195121951299e+04
2.306005103070280882e+01 3.246295800853131368e+02 1.219512195121951299e+04
2.316011535778469366e+01 3.288153907056239404e+02 1.219512195121951299e+04
2.326004152122711943e+01 3.188862082930481847e+02 1.219512195121951299e+04
2.336003177061514791e+01 3.331371882821822510e+02 1.219512195121951299e+04
2.345997616252074280e+01 2.913614902829849598e+02 1.219512195121951299e+04
2.355996558789114559e+01 3.452939843797557842e+02 1.219512195121951299e+04
2.366005677356592685e+01 3.371371006297486019e+02 1.219512195121951299e+04
2.376008499752514425e+01 3.514078123132603650e+02 1.219512195121951299e+04
2.386008650357267769e+01 3.935390146129193454e+02 1.219512195121951299e+04
2.396008208139831552e+01 3.663186831438524678e+02 1.219512195121951299e+04
2.406007349624439229e+01 3.469090314905224659e+02 1.219512195121951299e+04
2.416005355753632244e+01 3.386083264740263985e+02 1.219512195121951299e+04
2.426000100264842274e+01 3.355234491241171781e+02 1.219512195121951299e+04
2.436013464581442989e+01 3.134136690572977386e+02 1.219512195121951299e+04
2.446023033168192740e+01 3.255881054508081434e+02 1.219512195121951299e+04
2.456010370727704029e+01 2.991765392013348901e+02 1.219512195121951299e+04
2.466007991705158631e+01 2.857253751332027605e+02 1.219512195121951299e+04
2.476007853616273735e+01 2.995690413717620686e+02 1.219512195121951299e+04
2.486010699666847046e+01 2.935740499036946858e+02 1.219512195121951299e+04
2.496012068606717094e+01 2.813952090811053495e+02 1.219512195121951299e+04
2.506011884904720333e+01 3.114956386213925725e+02 1.219512195121951299e+04
2.516016461492254663e+01 2.868459852021078405e+02 1.219512195121951299e+04
2.526004864631245894e+01 3.128790135831713997e+02 1.219512195121951299e+04
2.536000880997600149e+01 2.918815095991631097e+02 1.219512195121951299e+04
2.546000763258749444e+01 3.045586096364022524e+02 1.219512195121951299e+04
2.556005256491409483e+01 2.922832278963524004e+02 1.219512195121951299e+04
2.566007495662108084e+01 3.251932248684570368e+02 1.219512195121951299e+04
2.576001284207799458e+01 3.077306487901205401e+02 1.219512195121951299e+04
2.586005665426739952e+01 2.992952343993347313e+02 1.219512195121951299e+04
2.595995283772588991e+01 2.797583839123271900e+02 1.219512195121951299e+04
2.605992768761304035e+01 2.777044269791422266e+02 1.219512195121951299e+04
2.616008588888359654e+01 2.892386024009520042e+02 1.219512195121951299e+04
2.626013639090650997e+01 3.075855785436360748e+02 1.219512195121951299e+04
2.636010086664784069e+01 3.272641604345699307e+02 1.219512195121951299e+04
2.646009292255724077e+01 3.682791284901231847e+02 1.219512195121951299e+04
2.656009163346045199e+01 3.486344396030490316e+02 1.219512195121951299e+04
2.666007616590135143e+01 3.281137585585456691e+02 1.219512195121951299e+04
2.676007911660554939e+01 3.251016993658522551e+02 1.219512195121951299e+04
2.686008193545500689e+01 3.285780078391435381e+02 1.219512195121951299e+04
2.696008527403073884e+01 3.575250473367887025e+02 1.219512195121951299e+04
2.706014568371496409e+01 3.113000595367320784e+02 1.219512195121951299e+04
2.716014672685720654e+01 3.427284601396113430e+02 1.219512195121951299e+04
2.726011201775047255e+01 3.308711440773950017e+02 1.219512195121951299e+04
2.736011629044526217e+01 3.579049796565668657e+02 1.219512195121951299e+04
2.746009456312569696e+01 3.409707071803895815e+02 1.219512195121951299e+04
2.756010111326260414e+01 3.422616069504765619e+02 1.219512195121951299e+04
2.766000659215977819e+01 3.528500371820628061e+02 1.219512195121951299e+04
2.775996930878592650e+01 3.750869192386435316e+02 1.219512195121951299e+04
2.786001736508387339e+01 3.844963033052881656e+02 1.219512195121951299e+04
2.796003666424917711e+01 3.832192775705152599e+02 1.219512195121951299e+04
2.806007318658330973e+01 3.783812787948354526e+02 1.219512195121951299e+04
2.816002575392253959e+01 3.952119645797210978e+02 1.219512195121951299e+04
2.826008618070721923e+01 4.014614964762240561e+02 1.219512195121951299e+04
2.836011268337557567e+01 4.109937317066942342e+02 1.219512195121951299e+04
2.846006766072591532e+01 4.141654747384945949e+02 1.219512195121951299e+04
2.856002342132942928e+01 4.159960420344705199e+02 1.219512195121951299e+04
2.865999923614900879e+01 4.264433428328866285e+02 1.219512195121951299e+04
2.876004741964181477e+01 4.304296148454213835e+02 1.219512195121951299e+04
2.886004046337784956e+01 4.286270206839199091e+02 1.219512195121951299e+04
2.896008102924385952e+01 4.138993665233556385e+02 1.219512195121951299e+04
2.906013056701853259e+01 4.284153014237581374e+02 1.219512195121951299e+04
2.916008342699372236e+01 4.441782321588016202e+02 1.219512195121951299e+04
2.926005396200691067e+01 4.627953856159128918e+02 1.219512195121951299e+04
2.936006015490019294e+01 4.377678103389844182e+02 1.219512195121951299e+04
2.946008302370103493e+01 4.475637702123221970e+02 1.219512195121951299e+04
2.956005136911289100e+01 4.216777159596495039e+02 1.219512195121951299e+04
2.966004211127815182e+01 4.217041971292219387e+02 1.219512195121951299e+04
2.976008309869055068e+01 4.447421835472723615e+02 1.219512195121951299e+04
2.986006866468150278e+01 4.498487547113982146e+02 1.219512195121951299e+04
2.996000836426628311e+01 4.382484478954720544e+02 1.219512195121951299e+04
3.005998672307784148e+01 4.360550444604505174e+02 1.219512195121951299e+04
3.015999329076658597e+01 4.281071081249883719e+02 1.219512195121951299e+04
3.025997071981619158e+01 4.404948172517451894e+02 1.219512195121951299e+04
3.035998250913087304e+01 4.309451833153489133e+02 1.219512195121951299e+04
3.046003667608819399e+01 4.489720924543144065e+02 1.219512195121951299e+04
3.056001139595522531e+01 4.569874686385664972e+02 1.219512195121951299e+04
3.066003402547599066e+01 4.550929099971708638e+02 1.219512195121951299e+04
3.076012870266283983e+01 4.482604942877333087e+02 1.219512195121951299e+04
3.086005490868008394e+01 4.684011843031676108e+02 1.219512195121951299e+04
3.096001904061603582e+01 4.899926698766157642e+02 1.219512195121951299e+04
3.106011009671765066e+01 4.815770583787088981e+02 1.219512195121951299e+04
3.116010574269009226e+01 4.956066143084772193e+02 1.219512195121951299e+04
3.126007157798853697e+01 5.055965835543975118e+02 1.219512195121951299e+04
3.136002568220683173e+01 5.163001853106907220e+02 1.219512195121951299e+04
3.146005315939301639e+01 5.120649942164891399e+02 1.219512195121951299e+04
3.156011152172583678e+01 5.173849173152266303e+02 1.219512195121951299e+04
3.166012355668277323e+01 5.091082515552589030e+02 1.219512195121951299e+04
3.176010027308443640e+01 5.086126361338356219e+02 1.219512195121951299e+04
3.186006179385135795e+01 5.237657970863638184e+02 1.219512195121951299e+04
3.196011793235989273e+01 5.302278114095042838e+02 1.219512195121951299e+04
3.206002367541852749e+01 5.372172868302513962e+02 1.219512195121951299e+04
3.215992380861585787e+01 5.569873684202393633e+02 1.219512195121951299e+04
