nan nan 5.505092210294522204e+01
8.899641323548096450e-02 6.498551029240508797e+05 5.505092210294522204e+01
1.448080953624513445e-01 3.059466157445636927e+05 5.505092210294522204e+01
1.950822866625256113e-01 1.016375379667859379e+05 5.505092210294522204e+01
2.418344986082902603e-01 3.102000504804630691e+04 5.505092210294522204e+01
2.844150324662526597e-01 1.032706574456372073e+04 5.505092210294522204e+01
3.311492092627331685e-01 1.902384945383690138e+04 5.505092210294522204e+01
3.854527006682739732e-01 1.650593994547696275e+04 5.505092210294522204e+01
4.379760757023590800e-01 9.979413051696179537e+03 5.505092210294522204e+01
4.845354905265206735e-01 6.409410995459778860e+03 5.505092210294522204e+01
5.331869425000370644e-01 4.227280834653812235e+03 5.505092210294522204e+01
5.864416905016403003e-01 4.275622113990472826e+03 5.505092210294522204e+01
6.393143479449987510e-01 4.428681119484956980e+03 5.505092210294522204e+01
6.875509482501400704e-01 3.858756168136465476e+03 5.505092210294522204e+01
7.360532472319636366e-01 3.018289148819040747e+03 5.505092210294522204e+01
7.867697342078286971e-01 2.429650761188825527e+03 5.505092210294522204e+01
8.376194660778666368e-01 2.241349751297728290e+03 5.505092210294522204e+01
8.876896880604894235e-01 2.130840956069643653e+03 5.505092210294522204e+01
9.363402658038668669e-01 1.885342635320024101e+03 5.505092210294522204e+01
9.849243849049101884e-01 1.560184753906947662e+03 5.505092210294522204e+01
1.033922473950819487e+00 1.270363377139479098e+03 5.505092210294522204e+01
1.083968788523273830e+00 1.053232537910273550e+03 5.505092210294522204e+01
1.133915541218776246e+00 9.435165984536645283e+02 5.505092210294522204e+01
1.183819436428001248e+00 8.674744738555473305e+02 5.505092210294522204e+01
1.235159589274556602e+00 8.030497566300863355e+02 5.505092210294522204e+01
1.285686788879907949e+00 7.338778038585932109e+02 5.505092210294522204e+01
1.335577748586906033e+00 6.792096193972766969e+02 5.505092210294522204e+01
1.385007992768898966e+00 6.106846810916742925e+02 5.505092210294522204e+01
1.434761006508366910e+00 5.472306012899798588e+02 5.505092210294522204e+01
1.483809371322070803e+00 5.087547423240798139e+02 5.505092210294522204e+01
1.534060792161507925e+00 4.727382762228757542e+02 5.505092210294522204e+01
1.585002278264664888e+00 4.465681537264386520e+02 5.505092210294522204e+01
1.635527410472897403e+00 4.084159843718749130e+02 5.505092210294522204e+01
1.685676391865528423e+00 3.465940807243094923e+02 5.505092210294522204e+01
1.734789433360194755e+00 3.138386938949287810e+02 5.505092210294522204e+01
1.784875565396764951e+00 2.997868777012643022e+02 5.505092210294522204e+01
1.835586570008190588e+00 3.052339851971706821e+02 5.505092210294522204e+01
1.885448157908552691e+00 2.985153490834954937e+02 5.505092210294522204e+01
1.935207439362316428e+00 2.655842045455789844e+02 5.505092210294522204e+01
1.985052992803765015e+00 2.298159367158250461e+02 5.505092210294522204e+01
2.035079590713408937e+00 2.140927536186167686e+02 5.505092210294522204e+01
2.085261259228671005e+00 2.059827062963977369e+02 5.505092210294522204e+01
2.135521812674741060e+00 2.014796831826473067e+02 5.505092210294522204e+01
2.185539865877868859e+00 1.935582195315572562e+02 5.505092210294522204e+01
2.234928417494250752e+00 1.794845363497768744e+02 5.505092210294522204e+01
2.285020483940173541e+00 1.708692256396676612e+02 5.505092210294522204e+01
2.335227126917563290e+00 1.678989111578928259e+02 5.505092210294522204e+01
2.385597458206195398e+00 1.604361015277063416e+02 5.505092210294522204e+01
2.435604585857625182e+00 1.491133015120972232e+02 5.505092210294522204e+01
2.485423401501763330e+00 1.414281122045516099e+02 5.505092210294522204e+01
2.535218303430096576e+00 1.317494452236641678e+02 5.505092210294522204e+01
2.585301717955153844e+00 1.374039911582027571e+02 5.505092210294522204e+01
2.635310621692829258e+00 1.382839628282447961e+02 5.505092210294522204e+01
2.684883533713459336e+00 1.253033609510585080e+02 5.505092210294522204e+01
2.734760511342632316e+00 1.099088303827750934e+02 5.505092210294522204e+01
2.784962555331770062e+00 1.019653663488954152e+02 5.505092210294522204e+01
2.835387565949985422e+00 9.800289818747482684e+01 5.505092210294522204e+01
2.885384254562536110e+00 9.797296103385853883e+01 5.505092210294522204e+01
2.935452697317705084e+00 9.231872349178830461e+01 5.505092210294522204e+01
2.985584946861008060e+00 8.579321866161355103e+01 5.505092210294522204e+01
3.035281973877222761e+00 8.006863280087604551e+01 5.505092210294522204e+01
3.084822103129104764e+00 7.926110979135758328e+01 5.505092210294522204e+01
3.135015350087773989e+00 7.494224557445888024e+01 5.505092210294522204e+01
3.185847982026314362e+00 6.682008823000541042e+01 5.505092210294522204e+01
3.235464408484991061e+00 6.070281199078537782e+01 5.505092210294522204e+01
3.285149658618915502e+00 5.709695861046370169e+01 5.505092210294522204e+01
3.335370615645364634e+00 5.850022116250671900e+01 5.505092210294522204e+01
3.385209898508314996e+00 6.155327182309291345e+01 5.505092210294522204e+01
3.434934112077638879e+00 5.869303728791773267e+01 5.505092210294522204e+01
3.484151880424383396e+00 5.848186044827752994e+01 5.505092210294522204e+01
3.534737654629889203e+00 5.652545021209057552e+01 5.505092210294522204e+01
3.585624261789238432e+00 5.510077351200187934e+01 5.505092210294522204e+01
3.635262333854326844e+00 5.593795208334181268e+01 5.505092210294522204e+01
3.685039256951247122e+00 5.610371173471226314e+01 5.505092210294522204e+01
3.735233298459508244e+00 5.487983166305319571e+01 5.505092210294522204e+01
3.785147580586893934e+00 5.068429086361237523e+01 5.505092210294522204e+01
3.835695018070195861e+00 4.602567920424431236e+01 5.505092210294522204e+01
3.885539873192506377e+00 4.328561168412332449e+01 5.505092210294522204e+01
3.934696648644303352e+00 4.040768771789088021e+01 5.505092210294522204e+01
3.985162965584265304e+00 3.713749030581389832e+01 5.505092210294522204e+01
4.035471487646510091e+00 3.594349726613685903e+01 5.505092210294522204e+01
4.085372705036187213e+00 3.673084322475033048e+01 5.505092210294522204e+01
4.135141121895999028e+00 3.814453425276859377e+01 5.505092210294522204e+01
4.184482326706712385e+00 3.689087792441081604e+01 5.505092210294522204e+01
4.234523823648805418e+00 3.639728099486195845e+01 5.505092210294522204e+01
4.284609124085813292e+00 3.533927582865865702e+01 5.505092210294522204e+01
4.334887301479964705e+00 3.297322954839688691e+01 5.505092210294522204e+01
4.385302499000811594e+00 2.955398009904764933e+01 5.505092210294522204e+01
4.435186196473425824e+00 2.850094699940173371e+01 5.505092210294522204e+01
4.485197364325797409e+00 2.766674129127387971e+01 5.505092210294522204e+01
4.535537527983671602e+00 2.738934632791291790e+01 5.505092210294522204e+01
4.585513271404134450e+00 2.690668118085243066e+01 5.505092210294522204e+01
4.634965284950676612e+00 2.580443219568056179e+01 5.505092210294522204e+01
4.684823536717123815e+00 2.580570161394516049e+01 5.505092210294522204e+01
4.735220518702936587e+00 2.609776865926794187e+01 5.505092210294522204e+01
4.785263605082985983e+00 2.449911266152548706e+01 5.505092210294522204e+01
4.835259232697663556e+00 2.409496360176400742e+01 5.505092210294522204e+01
4.885376870001424621e+00 2.402188433261622436e+01 5.505092210294522204e+01
4.935301902824286380e+00 2.408406205175661796e+01 5.505092210294522204e+01
4.985473083840958886e+00 2.390102079951313385e+01 5.505092210294522204e+01
5.035412558343983491e+00 2.221941682711137389e+01 5.505092210294522204e+01
5.085460294222076350e+00 2.104961832271588662e+01 5.505092210294522204e+01
5.135289803448600310e+00 1.900527087047015584e+01 5.505092210294522204e+01
5.185032520573041204e+00 1.754717731225946409e+01 5.505092210294522204e+01
5.234850251783559116e+00 1.628091292813968494e+01 5.505092210294522204e+01
5.284974752151396338e+00 1.445843369542551216e+01 5.505092210294522204e+01
5.335255304675732724e+00 1.437680384051670046e+01 5.505092210294522204e+01
5.385226941869014183e+00 1.465294925066920939e+01 5.505092210294522204e+01
5.435093414465236528e+00 1.551023839552391337e+01 5.505092210294522204e+01
5.485028900036975408e+00 1.660719015400195531e+01 5.505092210294522204e+01
5.535369898797608990e+00 1.569220037042184401e+01 5.505092210294522204e+01
5.585317464617740590e+00 1.462864024116235839e+01 5.505092210294522204e+01
5.634959412056486094e+00 1.477231065888392436e+01 5.505092210294522204e+01
5.685029758810561162e+00 1.530602742156099794e+01 5.505092210294522204e+01
5.734808126101578196e+00 1.544000000681472784e+01 5.505092210294522204e+01
5.785204671217075933e+00 1.411778485515874593e+01 5.505092210294522204e+01
5.835595383591638097e+00 1.352477229283117310e+01 5.505092210294522204e+01
5.885099705458816111e+00 1.299710085476547761e+01 5.505092210294522204e+01
5.934848410668140950e+00 1.244131804522275786e+01 5.505092210294522204e+01
5.985196547442282800e+00 1.256729020831059529e+01 5.505092210294522204e+01
6.035486174940983162e+00 1.249414399255249464e+01 5.505092210294522204e+01
6.085325279241985186e+00 1.212596544941220600e+01 5.505092210294522204e+01
6.135085486579567871e+00 1.162189559520211901e+01 5.505092210294522204e+01
6.184888436502457232e+00 1.169169723077483525e+01 5.505092210294522204e+01
6.235029371165762058e+00 1.172973775154014220e+01 5.505092210294522204e+01
6.285013590301256947e+00 1.214307987553377188e+01 5.505092210294522204e+01
6.334991409707096288e+00 1.253452383325775088e+01 5.505092210294522204e+01
6.385041519748988925e+00 1.272800178617094957e+01 5.505092210294522204e+01
6.434975721315313812e+00 1.245474200410259868e+01 5.505092210294522204e+01
6.485280363044087615e+00 1.187753899172658123e+01 5.505092210294522204e+01
6.535416874783217978e+00 1.074737298206825642e+01 5.505092210294522204e+01
6.585380878873609234e+00 1.086651017031744004e+01 5.505092210294522204e+01
6.635104421514804507e+00 1.165167288904778786e+01 5.505092210294522204e+01
6.684781936645507905e+00 1.185940902288260190e+01 5.505092210294522204e+01
6.735145019191668858e+00 1.123203695274111169e+01 5.505092210294522204e+01
6.785484310639345651e+00 9.891430404808502885e+00 5.505092210294522204e+01
6.835069983673240479e+00 8.363806745887785610e+00 5.505092210294522204e+01
6.884859417295578154e+00 7.549638557003397921e+00 5.505092210294522204e+01
6.935355612194037178e+00 8.591188480954720319e+00 5.505092210294522204e+01
6.985394515797676895e+00 9.213039850832529964e+00 5.505092210294522204e+01
7.034922173494991604e+00 9.191762853350326168e+00 5.505092210294522204e+01
7.084541644025414087e+00 9.195963786586645483e+00 5.505092210294522204e+01
7.134492388478031799e+00 9.286142804771856163e+00 5.505092210294522204e+01
7.184836085760269775e+00 9.480344441700736979e+00 5.505092210294522204e+01
7.235281431471350722e+00 9.095523231227858219e+00 5.505092210294522204e+01
7.285158542839955231e+00 8.329715398745470623e+00 5.505092210294522204e+01
7.334994866462388963e+00 7.996845199546918082e+00 5.505092210294522204e+01
7.385036014789000625e+00 8.050686868995697409e+00 5.505092210294522204e+01
7.435042277965444590e+00 8.791529879772838285e+00 5.505092210294522204e+01
7.485223592156194705e+00 8.730395838507654105e+00 5.505092210294522204e+01
7.535266472986156039e+00 7.785989384813724712e+00 5.505092210294522204e+01
7.585148990618067799e+00 6.744534002013125473e+00 5.505092210294522204e+01
7.635267236183615580e+00 6.736091233980552317e+00 5.505092210294522204e+01
7.685330414506132080e+00 7.352602208901352299e+00 5.505092210294522204e+01
7.735344685230187700e+00 7.957764635650967477e+00 5.505092210294522204e+01
7.785330483772995969e+00 8.104693647064593165e+00 5.505092210294522204e+01
7.834761832474934629e+00 7.732060575993259022e+00 5.505092210294522204e+01
7.884484420735616617e+00 7.720821968575343419e+00 5.505092210294522204e+01
7.934886275689092550e+00 8.341094343646830112e+00 5.505092210294522204e+01
7.985027633925892765e+00 8.905030588593170648e+00 5.505092210294522204e+01
8.034964647769141877e+00 9.312993092264647998e+00 5.505092210294522204e+01
8.085037081011565263e+00 9.421156484410886378e+00 5.505092210294522204e+01
8.135210740574738253e+00 9.465495453401160830e+00 5.505092210294522204e+01
8.185171412298620552e+00 8.963580552805339607e+00 5.505092210294522204e+01
8.234851685324960258e+00 7.916485096483881989e+00 5.505092210294522204e+01
8.284952683584384303e+00 6.757447664523191122e+00 5.505092210294522204e+01
8.335101055446942908e+00 6.410536763391689874e+00 5.505092210294522204e+01
8.385121635699965381e+00 6.514972931117171129e+00 5.505092210294522204e+01
8.435202770999854494e+00 6.695678179023225596e+00 5.505092210294522204e+01
8.485152015979231521e+00 6.931806417504951412e+00 5.505092210294522204e+01
8.534970558995501833e+00 7.405088012929503805e+00 5.505092210294522204e+01
8.584943353041420977e+00 6.920706340114236355e+00 5.505092210294522204e+01
8.635099409501286516e+00 6.524528989172537763e+00 5.505092210294522204e+01
8.685126877716973226e+00 5.960406067208516845e+00 5.505092210294522204e+01
8.735139517930596398e+00 5.691969758609559449e+00 5.505092210294522204e+01
8.785167076524256657e+00 5.886527167056520682e+00 5.505092210294522204e+01
8.834939158351296840e+00 5.992772738981514635e+00 5.505092210294522204e+01
8.884964740422104157e+00 5.734643062578193451e+00 5.505092210294522204e+01
8.935124000705533476e+00 5.607885184752582575e+00 5.505092210294522204e+01
8.985127489085840580e+00 5.430765943159997278e+00 5.505092210294522204e+01
9.035265046452737536e+00 5.375551451353224763e+00 5.505092210294522204e+01
9.085196565938222335e+00 5.192001832988630383e+00 5.505092210294522204e+01
9.134926709958008928e+00 4.920678544775917373e+00 5.505092210294522204e+01
9.185157474150241086e+00 4.964033558245120048e+00 5.505092210294522204e+01
9.235291320298310680e+00 4.760709267778544529e+00 5.505092210294522204e+01
9.285092122152331484e+00 4.787171169857089126e+00 5.505092210294522204e+01
9.334907817633720128e+00 5.155619646503403430e+00 5.505092210294522204e+01
9.384925913340945058e+00 5.389248494770050968e+00 5.505092210294522204e+01
9.435005700254814442e+00 5.183710313545475401e+00 5.505092210294522204e+01
9.484846973764282652e+00 4.752306429996018267e+00 5.505092210294522204e+01
9.535053339925784854e+00 4.653000828143980527e+00 5.505092210294522204e+01
9.585148484630341414e+00 4.887842282275855155e+00 5.505092210294522204e+01
9.635175604414920159e+00 5.292921626724677253e+00 5.505092210294522204e+01
9.685272388073006056e+00 5.443836373383518890e+00 5.505092210294522204e+01
9.735267651789188292e+00 5.481198443723776847e+00 5.505092210294522204e+01
9.785106718646577662e+00 5.111090067372813905e+00 5.505092210294522204e+01
9.835036654763204211e+00 4.941282670107199237e+00 5.505092210294522204e+01
9.885080117034645397e+00 4.659753170545812395e+00 5.505092210294522204e+01
9.935053116209049406e+00 4.409772318224163712e+00 5.505092210294522204e+01
9.985047954935728498e+00 4.413144975018624905e+00 5.505092210294522204e+01
1.003493641968782235e+01 4.492938648100960108e+00 5.505092210294522204e+01
1.008496760761574507e+01 4.691411106667835895e+00 5.505092210294522204e+01
1.013505517142033696e+01 4.639440966396016108e+00 5.505092210294522204e+01
1.018499348439089580e+01 4.443518149777489157e+00 5.505092210294522204e+01
1.023485181331652605e+01 4.475663375517704878e+00 5.505092210294522204e+01
1.028490076264209918e+01 4.025710811264190170e+00 5.505092210294522204e+01
1.033508016021523979e+01 3.906752099457158067e+00 5.505092210294522204e+01
1.038503814993866037e+01 3.974665450844916847e+00 5.505092210294522204e+01
1.043506092056377987e+01 3.792240034468164822e+00 5.505092210294522204e+01
1.048500648683518222e+01 3.447689098582458200e+00 5.505092210294522204e+01
1.053492467464587357e+01 3.176774415137913365e+00 5.505092210294522204e+01
1.058493633210190055e+01 3.505403194005474177e+00 5.505092210294522204e+01
1.063496141493038571e+01 4.024224700807934596e+00 5.505092210294522204e+01
1.068510956159988190e+01 4.081334159083873203e+00 5.505092210294522204e+01
1.073519324482465542e+01 3.952311488118304794e+00 5.505092210294522204e+01
1.078499374610442985e+01 3.848466865570536299e+00 5.505092210294522204e+01
1.083498852684137681e+01 3.873967087646960294e+00 5.505092210294522204e+01
1.088532717033764108e+01 3.804855117899435868e+00 5.505092210294522204e+01
1.093533967140946928e+01 3.506791464062352759e+00 5.505092210294522204e+01
1.098516814213459369e+01 3.432655557683837344e+00 5.505092210294522204e+01
1.103487009664334018e+01 3.663511244123569099e+00 5.505092210294522204e+01
1.108482779519205685e+01 3.435517773908671302e+00 5.505092210294522204e+01
1.113497951311520850e+01 3.371012058932812749e+00 5.505092210294522204e+01
1.118504655472112930e+01 3.432472452006166463e+00 5.505092210294522204e+01
1.123510664327012165e+01 3.483007394689487057e+00 5.505092210294522204e+01
1.128492672628014759e+01 3.625378150076990380e+00 5.505092210294522204e+01
1.133483676091637449e+01 3.685077113451676212e+00 5.505092210294522204e+01
1.138496869555097213e+01 3.358083320028470098e+00 5.505092210294522204e+01
1.143488632814817052e+01 3.530888581170515295e+00 5.505092210294522204e+01
1.148507158105109838e+01 3.343001141149450461e+00 5.505092210294522204e+01
1.153512077344084652e+01 3.525167322603223852e+00 5.505092210294522204e+01
1.158496874923152120e+01 3.768059174425971491e+00 5.505092210294522204e+01
1.163503447483404862e+01 3.772818590146563622e+00 5.505092210294522204e+01
1.168514574175370413e+01 3.901665720352404776e+00 5.505092210294522204e+01
1.173520144267176768e+01 3.794629751475980584e+00 5.505092210294522204e+01
1.178499978579660024e+01 3.553519591224194585e+00 5.505092210294522204e+01
1.183489361131316109e+01 3.355948490577432608e+00 5.505092210294522204e+01
1.188508688648073353e+01 3.105195453039790721e+00 5.505092210294522204e+01
1.193507368630230303e+01 2.901564607694616882e+00 5.505092210294522204e+01
1.198501534283204073e+01 2.894429790260524271e+00 5.505092210294522204e+01
1.203499287021151787e+01 2.868872839402783370e+00 5.505092210294522204e+01
1.208500207354710376e+01 2.827786453247803422e+00 5.505092210294522204e+01
1.213511755040241447e+01 2.839694622296697446e+00 5.505092210294522204e+01
1.218508185768859775e+01 3.036330197172787848e+00 5.505092210294522204e+01
1.223499578229461093e+01 3.296739931530090928e+00 5.505092210294522204e+01
1.228482496548857839e+01 3.538250509264834420e+00 5.505092210294522204e+01
1.233472258167685354e+01 3.303854330864794520e+00 5.505092210294522204e+01
1.238495919658963373e+01 2.999479153250078411e+00 5.505092210294522204e+01
1.243501623080759977e+01 2.938720675456380604e+00 5.505092210294522204e+01
1.248498520461935968e+01 3.055678342232774014e+00 5.505092210294522204e+01
1.253491772764473389e+01 2.823234950507959695e+00 5.505092210294522204e+01
1.258505667599542477e+01 2.529020209013950193e+00 5.505092210294522204e+01
1.263533194845266294e+01 2.238446192526758693e+00 5.505092210294522204e+01
1.268509781067005449e+01 2.185828447620188797e+00 5.505092210294522204e+01
1.273496424556897288e+01 2.267586678770570074e+00 5.505092210294522204e+01
1.278509996901004975e+01 2.451476948995697569e+00 5.505092210294522204e+01
1.283513809744099454e+01 2.224168531133187798e+00 5.505092210294522204e+01
1.288513662977390872e+01 2.198179210063777589e+00 5.505092210294522204e+01
1.293516775797505858e+01 2.155539439874416985e+00 5.505092210294522204e+01
1.298508564746807004e+01 1.796362089209274870e+00 5.505092210294522204e+01
1.303485050444322191e+01 1.600529343819459882e+00 5.505092210294522204e+01
1.308477248822843464e+01 1.596612514436763774e+00 5.505092210294522204e+01
1.313495048384857000e+01 1.929790042931145422e+00 5.505092210294522204e+01
1.318508214353928665e+01 2.074622516150114393e+00 5.505092210294522204e+01
1.323498058186023130e+01 2.318413350558273578e+00 5.505092210294522204e+01
1.328501693617584500e+01 2.216259676459749528e+00 5.505092210294522204e+01
1.333523870267546485e+01 2.297647652269283469e+00 5.505092210294522204e+01
1.338517858123485915e+01 2.297328136853913350e+00 5.505092210294522204e+01
1.343509981213488302e+01 2.105958916004766479e+00 5.505092210294522204e+01
1.348497851692220806e+01 1.831713228106245595e+00 5.505092210294522204e+01
1.353502032703213587e+01 1.559241000124949039e+00 5.505092210294522204e+01
1.358510348967521608e+01 1.335195080293701153e+00 5.505092210294522204e+01
1.363504968078970769e+01 1.507111662308702194e+00 5.505092210294522204e+01
1.368512606201380066e+01 1.763538183044474295e+00 5.505092210294522204e+01
1.373499467664954388e+01 2.091054870572634172e+00 5.505092210294522204e+01
1.378492307579496234e+01 2.664123851377709684e+00 5.505092210294522204e+01
1.383507424762243687e+01 2.834616318027173065e+00 5.505092210294522204e+01
1.388511084066553458e+01 2.389153424703877704e+00 5.505092210294522204e+01
1.393507568847607203e+01 2.182737316607742173e+00 5.505092210294522204e+01
1.398506445617934446e+01 1.721298773780375768e+00 5.505092210294522204e+01
1.403502933207308878e+01 1.836908742066960087e+00 5.505092210294522204e+01
1.408509116651932658e+01 2.229934934541240921e+00 5.505092210294522204e+01
1.413501876932126322e+01 2.183354745462466440e+00 5.505092210294522204e+01
1.418492186532934873e+01 1.863300343583176755e+00 5.505092210294522204e+01
1.423490351986086466e+01 1.761013363266819454e+00 5.505092210294522204e+01
1.428504941701871722e+01 1.942442146083379839e+00 5.505092210294522204e+01
1.433512393770669036e+01 2.108031751529289011e+00 5.505092210294522204e+01
1.438498778231173958e+01 2.271332987995101860e+00 5.505092210294522204e+01
1.443505469180176348e+01 2.090146675448096403e+00 5.505092210294522204e+01
1.448509396921661008e+01 2.045843580587728638e+00 5.505092210294522204e+01
1.453500725043747011e+01 2.100016486941008509e+00 5.505092210294522204e+01
1.458506203599850082e+01 1.863235975957515222e+00 5.505092210294522204e+01
1.463510945522735618e+01 1.577152277739770625e+00 5.505092210294522204e+01
1.468518338522024536e+01 1.275776253525059190e+00 5.505092210294522204e+01
1.473511674948366057e+01 1.035885820954824510e+00 5.505092210294522204e+01
1.478499469255191379e+01 1.165514328803780586e+00 5.505092210294522204e+01
1.483519165114115879e+01 1.360293317187014850e+00 5.505092210294522204e+01
1.488517752652281168e+01 1.568045411751533891e+00 5.505092210294522204e+01
1.493491330480827983e+01 1.785355720442240113e+00 5.505092210294522204e+01
1.498495676551141820e+01 1.759395856523674695e+00 5.505092210294522204e+01
1.503511884068045923e+01 2.092224558876168317e+00 5.505092210294522204e+01
1.508508315088700869e+01 2.267619348723165729e+00 5.505092210294522204e+01
1.513503556379768966e+01 2.487702797506059937e+00 5.505092210294522204e+01
1.518499676732287540e+01 2.320186928182529584e+00 5.505092210294522204e+01
1.523508436290063095e+01 2.030826817849934685e+00 5.505092210294522204e+01
1.528522781999686053e+01 1.859434005512902388e+00 5.505092210294522204e+01
1.533502167931889559e+01 1.598106505262911980e+00 5.505092210294522204e+01
1.538498481261066075e+01 1.572766281329627702e+00 5.505092210294522204e+01
1.543513611943905417e+01 1.715308603231122220e+00 5.505092210294522204e+01
1.548505834224075706e+01 1.908951327293088696e+00 5.505092210294522204e+01
1.553504763409418921e+01 1.759235044258815606e+00 5.505092210294522204e+01
1.558510724608531106e+01 1.634256895364863738e+00 5.505092210294522204e+01
1.563520755254619132e+01 1.340424711100254740e+00 5.505092210294522204e+01
1.568514954075441636e+01 1.296119950946895472e+00 5.505092210294522204e+01
1.573497001906558346e+01 1.319990012740859697e+00 5.505092210294522204e+01
1.578501951482137855e+01 1.419925911792432771e+00 5.505092210294522204e+01
1.583505996699327234e+01 1.544916721837253704e+00 5.505092210294522204e+01
1.588504732433563937e+01 1.726026174690382220e+00 5.505092210294522204e+01
1.593492601146461141e+01 1.816727307690612747e+00 5.505092210294522204e+01
1.598497954552474276e+01 1.867229647670718862e+00 5.505092210294522204e+01
1.603519544557364185e+01 1.584627253370456401e+00 5.505092210294522204e+01
1.608505934770346002e+01 1.347522787079725504e+00 5.505092210294522204e+01
1.613492369455208220e+01 1.387370945430156155e+00 5.505092210294522204e+01
1.618487545351322154e+01 1.703267672977794689e+00 5.505092210294522204e+01
1.623491462415037034e+01 1.946143939568692360e+00 5.505092210294522204e+01
1.628502566686339392e+01 2.124898719165784655e+00 5.505092210294522204e+01
1.633514483849683430e+01 2.023443528817750803e+00 5.505092210294522204e+01
1.638505554887958837e+01 1.869214790078359556e+00 5.505092210294522204e+01
1.643503370695393073e+01 2.137694834538365285e+00 5.505092210294522204e+01
1.648511919866944808e+01 2.268358416195930261e+00 5.505092210294522204e+01
1.653520949175244326e+01 2.311675767869623144e+00 5.505092210294522204e+01
1.658506906510178069e+01 2.354620858917606085e+00 5.505092210294522204e+01
1.663488141241765206e+01 2.251309330994125446e+00 5.505092210294522204e+01
1.668486705482716204e+01 2.096025686167529045e+00 5.505092210294522204e+01
1.673492103191636104e+01 1.930681926675070770e+00 5.505092210294522204e+01
1.678500937030894846e+01 1.775559115681332401e+00 5.505092210294522204e+01
1.683496483388560350e+01 1.879657309682038147e+00 5.505092210294522204e+01
1.688490029853898733e+01 1.889568495804603288e+00 5.505092210294522204e+01
1.693486900501934400e+01 1.860681202839906234e+00 5.505092210294522204e+01
1.698500806291582776e+01 1.764814723831555909e+00 5.505092210294522204e+01
1.703516048416506479e+01 1.626902369697482698e+00 5.505092210294522204e+01
1.708509007434781068e+01 1.528519431221681657e+00 5.505092210294522204e+01
1.713498442939637201e+01 1.390421672040574208e+00 5.505092210294522204e+01
1.718492428173238196e+01 1.515838789198724612e+00 5.505092210294522204e+01
1.723486141856428233e+01 1.392583811655661918e+00 5.505092210294522204e+01
1.728495617542862206e+01 1.146323322540510503e+00 5.505092210294522204e+01
1.733506984443393506e+01 9.955730308267973783e-01 5.505092210294522204e+01
1.738497568670722160e+01 5.701084409164991484e-01 5.505092210294522204e+01
1.743490614939463157e+01 4.447071996626661416e-01 5.505092210294522204e+01
1.748496913497200467e+01 5.154201875069688299e-01 5.505092210294522204e+01
1.753507445822357624e+01 5.529893393799483192e-01 5.505092210294522204e+01
1.758513482966695562e+01 6.387185279250999770e-01 5.505092210294522204e+01
1.763511755933055269e+01 7.003357914043419896e-01 5.505092210294522204e+01
1.768508466776422239e+01 9.449207760886295659e-01 5.505092210294522204e+01
1.773505073952180311e+01 1.132590758569136824e+00 5.505092210294522204e+01
1.778508782630178686e+01 1.339723113834750734e+00 5.505092210294522204e+01
1.783504284633070824e+01 1.347635533091960269e+00 5.505092210294522204e+01
1.788499742965798589e+01 1.410324713946877750e+00 5.505092210294522204e+01
1.793498972719416429e+01 1.308107684372444623e+00 5.505092210294522204e+01
1.798499848428144787e+01 1.322083607047630949e+00 5.505092210294522204e+01
1.803510953377203663e+01 1.258684827961040753e+00 5.505092210294522204e+01
1.808516677532512062e+01 1.192587677995540218e+00 5.505092210294522204e+01
1.813507550829074688e+01 1.002431251130758483e+00 5.505092210294522204e+01
1.818496845642778936e+01 1.018512509127866394e+00 5.505092210294522204e+01
1.823497139660265276e+01 1.073538026694819791e+00 5.505092210294522204e+01
1.828507879191377228e+01 1.142425281340472054e+00 5.505092210294522204e+01
1.833510418824468857e+01 1.183001473613487065e+00 5.505092210294522204e+01
1.838506948334563873e+01 1.184443417644708063e+00 5.505092210294522204e+01
1.843507536407004466e+01 1.472563463701000330e+00 5.505092210294522204e+01
1.848504942076525737e+01 1.572764318219221025e+00 5.505092210294522204e+01
1.853507441616272544e+01 1.447928013189610397e+00 5.505092210294522204e+01
1.858511879045116899e+01 1.313086142515082599e+00 5.505092210294522204e+01
1.863495525648787421e+01 1.274344576518402050e+00 5.505092210294522204e+01
1.868488130392274016e+01 1.398310971549335591e+00 5.505092210294522204e+01
1.873504875184114482e+01 1.452582237416223165e+00 5.505092210294522204e+01
1.878514388429111648e+01 1.292378602173087643e+00 5.505092210294522204e+01
1.883511007463363995e+01 1.146700134683875660e+00 5.505092210294522204e+01
1.888497244834255895e+01 1.245120474443986325e+00 5.505092210294522204e+01
1.893485641817745346e+01 1.268214302700613416e+00 5.505092210294522204e+01
1.898490619453832551e+01 1.180281442405870962e+00 5.505092210294522204e+01
1.903488786107232045e+01 1.089904665866207267e+00 5.505092210294522204e+01
1.908487881142723097e+01 1.115287883559503257e+00 5.505092210294522204e+01
1.913492348207432414e+01 1.098575797049598179e+00 5.505092210294522204e+01
1.918501168728120021e+01 1.038458365719762355e+00 5.505092210294522204e+01
1.923514124826581906e+01 9.706354839545312529e-01 5.505092210294522204e+01
1.928506748334755017e+01 9.806373253914202337e-01 5.505092210294522204e+01
1.933495430610808086e+01 1.013942807632957965e+00 5.505092210294522204e+01
1.938494634755015866e+01 1.173337216178346409e+00 5.505092210294522204e+01
1.943493914899500297e+01 1.223064503140903980e+00 5.505092210294522204e+01
1.948497893127760250e+01 1.165984657314091066e+00 5.505092210294522204e+01
1.953503482368078537e+01 1.090203895749098706e+00 5.505092210294522204e+01
1.958498207675637559e+01 9.705118040304725469e-01 5.505092210294522204e+01
1.963504343592175871e+01 8.372761979631633267e-01 5.505092210294522204e+01
1.968503863116305297e+01 8.890280531492109617e-01 5.505092210294522204e+01
1.973506536610938156e+01 9.611519312228438139e-01 5.505092210294522204e+01
1.978512121103143784e+01 1.008386476007146371e+00 5.505092210294522204e+01
1.983496687045177964e+01 1.077244451951806070e+00 5.505092210294522204e+01
1.988498280723141320e+01 1.190136014816893351e+00 5.505092210294522204e+01
1.993508900434436626e+01 1.080799636669325992e+00 5.505092210294522204e+01
1.998508408833317418e+01 9.551172675847894311e-01 5.505092210294522204e+01
2.003507324128244704e+01 1.004484485489115286e+00 5.505092210294522204e+01
2.008505399653831702e+01 9.427238032280911284e-01 5.505092210294522204e+01
2.013499669309325313e+01 9.218326075613987314e-01 5.505092210294522204e+01
2.018502569446345518e+01 7.934706130131417012e-01 5.505092210294522204e+01
2.023503536485620202e+01 5.695907967742499523e-01 5.505092210294522204e+01
2.028511407188591065e+01 3.959781768939478752e-01 5.505092210294522204e+01
2.033506684544470744e+01 5.524382792098592176e-01 5.505092210294522204e+01
2.038493053717687786e+01 6.858700562397217482e-01 5.505092210294522204e+01
2.043503656635626342e+01 7.405536134599444154e-01 5.505092210294522204e+01
2.048515681613748640e+01 7.637568478338039313e-01 5.505092210294522204e+01
2.053512184950790243e+01 6.517276512758485296e-01 5.505092210294522204e+01
2.058506579015766036e+01 5.873335865414475165e-01 5.505092210294522204e+01
2.063503949539584070e+01 6.333654636021890383e-01 5.505092210294522204e+01
2.068496726901411620e+01 5.825834089240089497e-01 5.505092210294522204e+01
2.073499283942112825e+01 6.844777889635054180e-01 5.505092210294522204e+01
2.078510852351926275e+01 9.795658242075191424e-01 5.505092210294522204e+01
2.083507144762231178e+01 1.097032497287031561e+00 5.505092210294522204e+01
2.088503448202894930e+01 1.197975871422407579e+00 5.505092210294522204e+01
2.093502569401122670e+01 9.968339790183478044e-01 5.505092210294522204e+01
2.098501092220254804e+01 8.421559314005619967e-01 5.505092210294522204e+01
2.103489933635630749e+01 7.613906540791433031e-01 5.505092210294522204e+01
2.108484379460264790e+01 8.327554675119444028e-01 5.505092210294522204e+01
2.113497050350854778e+01 9.182079994424157121e-01 5.505092210294522204e+01
2.118501489664703996e+01 1.157460237844276207e+00 5.505092210294522204e+01
2.123500322597652001e+01 1.267004687181909617e+00 5.505092210294522204e+01
2.128496140673073000e+01 1.485335008299472292e+00 5.505092210294522204e+01
2.133497759989855780e+01 1.535499425759141445e+00 5.505092210294522204e+01
2.138501427804164834e+01 1.458257967332002636e+00 5.505092210294522204e+01
2.143512307678850348e+01 1.279852985395507403e+00 5.505092210294522204e+01
2.148520101455627085e+01 1.108171336064508239e+00 5.505092210294522204e+01
2.153506198237843705e+01 8.926487455266780557e-01 5.505092210294522204e+01
2.158501725909731306e+01 8.387562777069419440e-01 5.505092210294522204e+01
2.163513192522731643e+01 9.288522200152300456e-01 5.505092210294522204e+01
2.168511393406111054e+01 7.767645210914366771e-01 5.505092210294522204e+01
2.173504372356545389e+01 6.810082641453192309e-01 5.505092210294522204e+01
2.178497281075374303e+01 7.854278681410491458e-01 5.505092210294522204e+01
2.183494731131466438e+01 7.372961481487152469e-01 5.505092210294522204e+01
2.188500823254057082e+01 8.469621287232556028e-01 5.505092210294522204e+01
2.193509886117685070e+01 7.866592610400573449e-01 5.505092210294522204e+01
2.198516119020909798e+01 7.459538921883179796e-01 5.505092210294522204e+01
2.203505025422927233e+01 7.172603316620609348e-01 5.505092210294522204e+01
2.208496894321325854e+01 9.488065441668069866e-01 5.505092210294522204e+01
2.213503419908408887e+01 1.224617072197830225e+00 5.505092210294522204e+01
2.218516000856649484e+01 1.418228790620055690e+00 5.505092210294522204e+01
2.223516154100823528e+01 1.446752591923697651e+00 5.505092210294522204e+01
2.228504923601680332e+01 1.304114437926394032e+00 5.505092210294522204e+01
2.233504290137151926e+01 1.159939747498377471e+00 5.505092210294522204e+01
2.238504178238817488e+01 1.143722662958097658e+00 5.505092210294522204e+01
2.243506292974217686e+01 1.192496150912148778e+00 5.505092210294522204e+01
2.248498010803980307e+01 1.234916955277249428e+00 5.505092210294522204e+01
2.253497408768199151e+01 1.064628805448990079e+00 5.505092210294522204e+01
2.258504576314178891e+01 9.721831173866277709e-01 5.505092210294522204e+01
2.263501755529657089e+01 9.000361964729606257e-01 5.505092210294522204e+01
2.268497133650677711e+01 8.516697311283110139e-01 5.505092210294522204e+01
2.273496946975517119e+01 9.188287785826290133e-01 5.505092210294522204e+01
2.278495606365159531e+01 8.748547071009298293e-01 5.505092210294522204e+01
2.283504517344439222e+01 8.379845510110399687e-01 5.505092210294522204e+01
2.288515384815983467e+01 8.498747956766763423e-01 5.505092210294522204e+01
2.293513970257658485e+01 9.309061578949524574e-01 5.505092210294522204e+01
2.298499895949208849e+01 1.030846997861985415e+00 5.505092210294522204e+01
2.303494368627049482e+01 1.092098476740410717e+00 5.505092210294522204e+01
2.308506613449876355e+01 1.155558658495465352e+00 5.505092210294522204e+01
2.313508392148495574e+01 1.073578683828117164e+00 5.505092210294522204e+01
2.318502453278797404e+01 9.940805950406286229e-01 5.505092210294522204e+01
2.323497485065410117e+01 8.114696222948154514e-01 5.505092210294522204e+01
2.328497090944668102e+01 7.410248504556236071e-01 5.505092210294522204e+01
2.333499385253491454e+01 7.176128866091602276e-01 5.505092210294522204e+01
2.338498727106783193e+01 9.302524228415478547e-01 5.505092210294522204e+01
2.343501191119998239e+01 9.669656650878550863e-01 5.505092210294522204e+01
2.348496544655622387e+01 1.098506635538683440e+00 5.505092210294522204e+01
2.353495792677599496e+01 1.055267760439726032e+00 5.505092210294522204e+01
2.358500365650586872e+01 9.335766007766537200e-01 5.505092210294522204e+01
2.363496159683297293e+01 7.300628880318384972e-01 5.505092210294522204e+01
2.368501138596607802e+01 6.470207800538716469e-01 5.505092210294522204e+01
2.373498470094738977e+01 7.311018121420218563e-01 5.505092210294522204e+01
2.378496214819288213e+01 8.128854470837438839e-01 5.505092210294522204e+01
2.383497596387970674e+01 1.170013197438393604e+00 5.505092210294522204e+01
2.388498789192226113e+01 1.446390092493317070e+00 5.505092210294522204e+01
2.393503375318008253e+01 1.568584382073808570e+00 5.505092210294522204e+01
2.398501935373159100e+01 1.621748541665674281e+00 5.505092210294522204e+01
2.403496569110036774e+01 1.679029765110826133e+00 5.505092210294522204e+01
2.408498673386322153e+01 1.596654564713027469e+00 5.505092210294522204e+01
2.413506042996912626e+01 1.362158092691551303e+00 5.505092210294522204e+01
2.418502307876385871e+01 1.061726661271528371e+00 5.505092210294522204e+01
2.423492163595081550e+01 1.050605797702864663e+00 5.505092210294522204e+01
2.428490428825202585e+01 1.056765514716936138e+00 5.505092210294522204e+01
2.433496680196650530e+01 9.858333899397635491e-01 5.505092210294522204e+01
2.438512209170648148e+01 1.004770424806523010e+00 5.505092210294522204e+01
2.443514839901259350e+01 1.109757470702462001e+00 5.505092210294522204e+01
2.448509052949892961e+01 1.287938795221599264e+00 5.505092210294522204e+01
2.453509143701500861e+01 1.390391341181391738e+00 5.505092210294522204e+01
2.458502365090511788e+01 1.333774307470889653e+00 5.505092210294522204e+01
2.463504153640463201e+01 1.030320001798614271e+00 5.505092210294522204e+01
2.468508194249478649e+01 7.661337243522439167e-01 5.505092210294522204e+01
2.473503958790242407e+01 5.908552167649006037e-01 5.505092210294522204e+01
2.478500304505123708e+01 7.181253140730703421e-01 5.505092210294522204e+01
2.483507100557675784e+01 9.058141118311269224e-01 5.505092210294522204e+01
2.488511954357796441e+01 8.038181045213761422e-01 5.505092210294522204e+01
2.493506250080584152e+01 6.334570278391495890e-01 5.505092210294522204e+01
2.498502129798272975e+01 3.802839886383893031e-01 5.505092210294522204e+01
2.503501437401748220e+01 4.104292572620664714e-01 5.505092210294522204e+01
2.508506646650047855e+01 6.477770357836689641e-01 5.505092210294522204e+01
2.513508907173123674e+01 8.314221532167778150e-01 5.505092210294522204e+01
2.518507998159773820e+01 8.577396628759146324e-01 5.505092210294522204e+01
2.523505185786540750e+01 7.438581670270991708e-01 5.505092210294522204e+01
2.528493522995301390e+01 6.301426314403713036e-01 5.505092210294522204e+01
2.533497298671538545e+01 5.316106845735077968e-01 5.505092210294522204e+01
2.538502983866438711e+01 5.777640449972309966e-01 5.505092210294522204e+01
2.543495840570060551e+01 6.389205167898666105e-01 5.505092210294522204e+01
2.548490619549177083e+01 6.871727588974394507e-01 5.505092210294522204e+01
2.553504240236605227e+01 7.051168236819407298e-01 5.505092210294522204e+01
2.558513992818135208e+01 6.464701468962132935e-01 5.505092210294522204e+01
2.563511225024596385e+01 6.683227811626295534e-01 5.505092210294522204e+01
2.568502585376510083e+01 6.265080194419070381e-01 5.505092210294522204e+01
2.573498204820310065e+01 6.362788454500716284e-01 5.505092210294522204e+01
2.578500790559889566e+01 5.521572082151990912e-01 5.505092210294522204e+01
2.583497123978640531e+01 4.684129708466713282e-01 5.505092210294522204e+01
2.588498768970100627e+01 4.738421159913954739e-01 5.505092210294522204e+01
2.593504047435509818e+01 4.882142966678273410e-01 5.505092210294522204e+01
2.598492966214148936e+01 5.124290369238622134e-01 5.505092210294522204e+01
2.603490575269462681e+01 6.122213332543751108e-01 5.505092210294522204e+01
2.608498537799486172e+01 6.071394075983320704e-01 5.505092210294522204e+01
2.613498443791063153e+01 5.976595486406495183e-01 5.505092210294522204e+01
2.618506832819802099e+01 5.350628965778980728e-01 5.505092210294522204e+01
2.623502416925955671e+01 4.291999395393730765e-01 5.505092210294522204e+01
2.628500242861670344e+01 3.655282378748623273e-01 5.505092210294522204e+01
2.633505458811568190e+01 3.263948599731207878e-01 5.505092210294522204e+01
2.638505163208250437e+01 2.485346881864884949e-01 5.505092210294522204e+01
2.643507388196501040e+01 1.764055615754216433e-01 5.505092210294522204e+01
2.648507376463455287e+01 2.389673605980249249e-01 5.505092210294522204e+01
2.653501897948297028e+01 3.112122917753907814e-01 5.505092210294522204e+01
2.658500608304605706e+01 3.567432234109091382e-01 5.505092210294522204e+01
2.663500634603502704e+01 4.483340558924453489e-01 5.505092210294522204e+01
2.668499674593755699e+01 4.511288683721943471e-01 5.505092210294522204e+01
2.673507012876124023e+01 4.288672951114023135e-01 5.505092210294522204e+01
2.678510131184463461e+01 5.733134389146172794e-01 5.505092210294522204e+01
2.683506136577998191e+01 5.879546411159495278e-01 5.505092210294522204e+01
2.688505297879097711e+01 6.292378258392261614e-01 5.505092210294522204e+01
2.693504435016774679e+01 5.010066901194107913e-01 5.505092210294522204e+01
2.698504814319771228e+01 5.144250156753216174e-01 5.505092210294522204e+01
2.703494373337554890e+01 5.371580847252772628e-01 5.505092210294522204e+01
2.708497938352233092e+01 5.421843773526688892e-01 5.505092210294522204e+01
2.713508632778151508e+01 4.776531157177359432e-01 5.505092210294522204e+01
2.718506074587872945e+01 4.876851547429694733e-01 5.505092210294522204e+01
2.723503231188058749e+01 4.166797247532727511e-01 5.505092210294522204e+01
2.728504324376617163e+01 4.262636429524562232e-01 5.505092210294522204e+01
2.733507363034057747e+01 5.954467344081706415e-01 5.505092210294522204e+01
2.738505164772542599e+01 6.723913223797453043e-01 5.505092210294522204e+01
2.743504695427340678e+01 5.328408796690595750e-01 5.505092210294522204e+01
2.748503541076832590e+01 3.709807840293208869e-01 5.505092210294522204e+01
2.753504854886516995e+01 2.934888769798860153e-01 5.505092210294522204e+01
2.758506909532711049e+01 4.294012397987145846e-01 5.505092210294522204e+01
2.763503959560177492e+01 6.542543347672662435e-01 5.505092210294522204e+01
2.768493112797089140e+01 8.094778966414963861e-01 5.505092210294522204e+01
2.773486671198879705e+01 8.790675742570002171e-01 5.505092210294522204e+01
2.778493406100407626e+01 9.385954407801477828e-01 5.505092210294522204e+01
2.783494474738006019e+01 9.618050527806190075e-01 5.505092210294522204e+01
2.788491097421039200e+01 8.784769431468149037e-01 5.505092210294522204e+01
2.793491799818713872e+01 7.615832118743242063e-01 5.505092210294522204e+01
2.798497835561302693e+01 6.506982015743290049e-01 5.505092210294522204e+01
2.803500194300229609e+01 4.790497149372825447e-01 5.505092210294522204e+01
2.808497359419805051e+01 3.980402439418142535e-01 5.505092210294522204e+01
2.813500712900244238e+01 4.305857483278288100e-01 5.505092210294522204e+01
2.818498298316923822e+01 5.273163895216939068e-01 5.505092210294522204e+01
2.823501278705563422e+01 6.767266491028891551e-01 5.505092210294522204e+01
2.828508221076129558e+01 6.290154381494090785e-01 5.505092210294522204e+01
2.833502532700387277e+01 6.014402801348026628e-01 5.505092210294522204e+01
2.838497482624182666e+01 6.948961958915091941e-01 5.505092210294522204e+01
2.843501034830992680e+01 8.659999343164201946e-01 5.505092210294522204e+01
2.848502647862418868e+01 9.339034345079753052e-01 5.505092210294522204e+01
2.853508393835680224e+01 9.246324176966211894e-01 5.505092210294522204e+01
2.858501657709735255e+01 8.829113220812914165e-01 5.505092210294522204e+01
2.863498054340625742e+01 8.258840143000654166e-01 5.505092210294522204e+01
2.868501636720259995e+01 7.890384086372179695e-01 5.505092210294522204e+01
2.873503316835737564e+01 6.333442234382218317e-01 5.505092210294522204e+01
2.878503498814174577e+01 5.511803902590841631e-01 5.505092210294522204e+01
2.883499190836502279e+01 4.308499202903774972e-01 5.505092210294522204e+01
2.888498631502357483e+01 2.581905136433420012e-01 5.505092210294522204e+01
2.893495000626588265e+01 1.682513208696647666e-01 5.505092210294522204e+01
2.898500036432614380e+01 1.404981054612832736e-01 5.505092210294522204e+01
2.903509861546637438e+01 2.494568292842416213e-01 5.505092210294522204e+01
2.908509207483089298e+01 3.186180062035717242e-01 5.505092210294522204e+01
2.913504495481950229e+01 2.214079195461522431e-01 5.505092210294522204e+01
2.918500836395550735e+01 1.786826942245340888e-01 5.505092210294522204e+01
2.923495718662698550e+01 2.296494139685734126e-01 5.505092210294522204e+01
2.928496207259495421e+01 4.064660695472994689e-01 5.505092210294522204e+01
2.933507426259881257e+01 5.089151815917745125e-01 5.505092210294522204e+01
2.938508181516578688e+01 6.585055339456360457e-01 5.505092210294522204e+01
2.943498225301185300e+01 8.690067649107575676e-01 5.505092210294522204e+01
2.948499858116320738e+01 8.737078930042869729e-01 5.505092210294522204e+01
2.953503956580185985e+01 8.681056065376182573e-01 5.505092210294522204e+01
2.958499896666411288e+01 7.436008082812790576e-01 5.505092210294522204e+01
2.963499333290878823e+01 6.342336034459847838e-01 5.505092210294522204e+01
2.968503373938486689e+01 6.541431906655148509e-01 5.505092210294522204e+01
2.973501494685912405e+01 7.108405913413946564e-01 5.505092210294522204e+01
2.978501452515847703e+01 7.512134966951933279e-01 5.505092210294522204e+01
2.983502715796966243e+01 7.384762833914493285e-01 5.505092210294522204e+01
2.988500919213149487e+01 7.581354981649894853e-01 5.505092210294522204e+01
2.993496485179967692e+01 7.824868455335050044e-01 5.505092210294522204e+01
2.998492561128389156e+01 8.320783423106945520e-01 5.505092210294522204e+01
3.003499817560929586e+01 7.788582991143755407e-01 5.505092210294522204e+01
3.008502556456793897e+01 7.214051687328719709e-01 5.505092210294522204e+01
3.013494008816754999e+01 7.499567107520235254e-01 5.505092210294522204e+01
3.018492673547769911e+01 8.372542539259200112e-01 5.505092210294522204e+01
3.023500315153119189e+01 8.834917493015055356e-01 5.505092210294522204e+01
3.028498131448523623e+01 1.015650801499326406e+00 5.505092210294522204e+01
3.033495417861680465e+01 1.063085915438307438e+00 5.505092210294522204e+01
3.038498345260273936e+01 9.656583533338789493e-01 5.505092210294522204e+01
3.043498939861261121e+01 9.504201252046087234e-01 5.505092210294522204e+01
3.048502194613474714e+01 8.715505221332549013e-01 5.505092210294522204e+01
3.053502301362196647e+01 9.080123268252791036e-01 5.505092210294522204e+01
3.058495949956653348e+01 8.755090484623977432e-01 5.505092210294522204e+01
3.063489983455229648e+01 8.028766152430719671e-01 5.505092210294522204e+01
3.068497696715034095e+01 6.972658322155567134e-01 5.505092210294522204e+01
3.073509074860540480e+01 6.315111141713174447e-01 5.505092210294522204e+01
3.078509960315929206e+01 6.300051415271852306e-01 5.505092210294522204e+01
3.083509925779301497e+01 6.389236217998330858e-01 5.505092210294522204e+01
3.088502185481159401e+01 7.002256231950312326e-01 5.505092210294522204e+01
3.093497026923844118e+01 7.330197387082790783e-01 5.505092210294522204e+01
3.098500837521540419e+01 7.333153522762216880e-01 5.505092210294522204e+01
3.103503142039876295e+01 7.893568302696465366e-01 5.505092210294522204e+01
3.108506759362598970e+01 8.195054089409836706e-01 5.505092210294522204e+01
3.113503374503685350e+01 8.422119075022465040e-01 5.505092210294522204e+01
3.118500365593765977e+01 8.008767604524393846e-01 5.505092210294522204e+01
3.123500974421094156e+01 7.924694917687276075e-01 5.505092210294522204e+01
3.128501507026141226e+01 7.539048289520096091e-01 5.505092210294522204e+01
3.133507249490528324e+01 6.716115603917032217e-01 5.505092210294522204e+01
3.138502440591334519e+01 5.569706147728510359e-01 5.505092210294522204e+01
3.143504823904290646e+01 5.568104651446006415e-01 5.505092210294522204e+01
3.148510614177524758e+01 5.576579733806070749e-01 5.505092210294522204e+01
3.153501675197719933e+01 6.642714419765383127e-01 5.505092210294522204e+01
3.158501348571202527e+01 7.465723992519244234e-01 5.505092210294522204e+01
3.163508986356812969e+01 7.562743777805778223e-01 5.505092210294522204e+01
3.168511752018606131e+01 8.365353588047739208e-01 5.505092210294522204e+01
3.173514170463571205e+01 8.341882350728653250e-01 5.505092210294522204e+01
3.178509011011270502e+01 7.010666891032144576e-01 5.505092210294522204e+01
3.183500843705502703e+01 5.504357921770903772e-01 5.505092210294522204e+01
3.188501666940159751e+01 3.883486273954304124e-01 5.505092210294522204e+01
3.193503202990384793e+01 4.207761856371945441e-01 5.505092210294522204e+01
3.198506613067839410e+01 6.088304238985244865e-01 5.505092210294522204e+01
3.203505890021113345e+01 7.731021836027380800e-01 5.505092210294522204e+01
3.208493732419461963e+01 8.485917606734787455e-01 5.505092210294522204e+01
3.213495366395236630e+01 7.895350914385446117e-01 5.505092210294522204e+01
