8.899641323548096450e-02 4.372548620575777932e+03 4.193575442422208965e+01
1.762294649249977474e-01 1.810323577173000103e+03 4.193575442422208965e+01
2.662437218389693272e-01 1.117230348282784462e+03 4.193575442422208965e+01
3.649346201087940722e-01 6.870847533882779317e+02 4.193575442422208965e+01
4.635470928990934603e-01 4.529790770226283030e+02 4.193575442422208965e+01
5.630121343059290018e-01 3.310005565151358269e+02 4.193575442422208965e+01
6.637476258980694599e-01 2.628097854545092673e+02 4.193575442422208965e+01
7.630437067904533022e-01 2.185584393382198130e+02 4.193575442422208965e+01
8.639090016071222511e-01 1.802519454691680778e+02 4.193575442422208965e+01
9.621426022616451634e-01 1.622419765302437611e+02 4.193575442422208965e+01
1.060650350388561591e+00 1.422047988761661941e+02 4.193575442422208965e+01
1.160695738208251893e+00 1.218189532252503398e+02 4.193575442422208965e+01
1.260988189711796936e+00 1.124796424791939558e+02 4.193575442422208965e+01
1.360965173221828639e+00 1.027708787795775436e+02 4.193575442422208965e+01
1.459516200429978205e+00 9.192542210177640527e+01 4.193575442422208965e+01
1.559771173841701275e+00 8.769192656764522553e+01 4.193575442422208965e+01
1.660823609444051829e+00 8.134051304582925468e+01 4.193575442422208965e+01
1.760863065096903490e+00 7.675047949092632393e+01 4.193575442422208965e+01
1.860831138252939221e+00 6.840971897394726398e+01 4.193575442422208965e+01
1.960558372004485239e+00 6.603055562618425256e+01 4.193575442422208965e+01
2.060584726315924708e+00 6.217774279284655137e+01 4.193575442422208965e+01
2.160729659345701492e+00 5.869042960825424160e+01 4.193575442422208965e+01
2.260719120019153650e+00 5.651111405983072444e+01 4.193575442422208965e+01
2.361163348282317553e+00 5.571846909526025371e+01 4.193575442422208965e+01
2.461248779664896524e+00 5.316201194375488370e+01 4.193575442422208965e+01
2.561100761153063843e+00 5.118325881284167878e+01 4.193575442422208965e+01
2.660769167700723692e+00 4.954475300152048334e+01 4.193575442422208965e+01
2.760458960728367384e+00 4.580550093227541453e+01 4.193575442422208965e+01
2.860591290042267865e+00 4.497941810622445047e+01 4.193575442422208965e+01
2.960639175481798446e+00 4.354997588764687322e+01 4.193575442422208965e+01
3.060358024137067812e+00 4.193132259060156031e+01 4.193575442422208965e+01
3.160794728097130246e+00 4.103138710205693229e+01 4.193575442422208965e+01
3.261199944599915135e+00 4.010505045291446180e+01 4.193575442422208965e+01
3.360749919420539911e+00 3.871452962683697052e+01 4.193575442422208965e+01
3.459835126459389176e+00 3.851990516447545332e+01 4.193575442422208965e+01
3.560188740940378516e+00 3.664665105724126448e+01 4.193575442422208965e+01
3.660846965852959656e+00 3.606621925998843636e+01 4.193575442422208965e+01
3.760451276577104540e+00 3.489242092392439787e+01 4.193575442422208965e+01
3.860212202906779577e+00 3.376207755409769362e+01 4.193575442422208965e+01
3.960532647077731117e+00 3.333491023286169508e+01 4.193575442422208965e+01
4.060962209834743319e+00 3.235932813313608136e+01 4.193575442422208965e+01
4.160148069051775366e+00 3.105910415790194889e+01 4.193575442422208965e+01
4.259582262654759255e+00 3.035644941515874251e+01 4.193575442422208965e+01
4.360164345516578166e+00 3.064238599518579775e+01 4.193575442422208965e+01
4.460573579149521350e+00 3.040516685047264644e+01 4.193575442422208965e+01
4.560530149156328150e+00 2.912958238106947562e+01 4.193575442422208965e+01
4.660287485696529508e+00 2.842635115553692771e+01 4.193575442422208965e+01
4.760262084699077079e+00 2.811037580331949215e+01 4.193575442422208965e+01
4.860447565083823029e+00 2.734792346840878707e+01 4.193575442422208965e+01
4.960628913369701465e+00 2.726372835372472281e+01 4.193575442422208965e+01
5.060804152253668420e+00 2.691629425107057472e+01 4.193575442422208965e+01
5.160609437996754423e+00 2.662154662208013889e+01 4.193575442422208965e+01
5.260521321794523253e+00 2.546808022862293086e+01 4.193575442422208965e+01
5.360542927541686709e+00 2.539244968099472288e+01 4.193575442422208965e+01
5.460351121480531589e+00 2.511089888132719494e+01 4.193575442422208965e+01
5.560202561635490426e+00 2.445982215465799214e+01 4.193575442422208965e+01
5.660212261175133541e+00 2.405764146573400097e+01 4.193575442422208965e+01
5.760666909301913385e+00 2.382602230831076184e+01 4.193575442422208965e+01
5.860488403937768709e+00 2.327695346391319475e+01 4.193575442422208965e+01
5.960286234654308402e+00 2.313612916653494977e+01 4.193575442422208965e+01
6.060495439198260392e+00 2.246710838512516517e+01 4.193575442422208965e+01
6.160172772110693806e+00 2.197091530370811796e+01 4.193575442422208965e+01
6.260000307388036589e+00 2.200448259040221899e+01 4.193575442422208965e+01
6.360019877723115833e+00 2.148475857114088683e+01 4.193575442422208965e+01
6.460393176898672429e+00 2.121879915140441142e+01 4.193575442422208965e+01
6.560712870799073393e+00 2.086549328219992105e+01 4.193575442422208965e+01
6.660315614630555103e+00 2.042653798371144802e+01 4.193575442422208965e+01
6.760348783000822870e+00 2.017692145086370203e+01 4.193575442422208965e+01
6.860507314965895276e+00 1.993708465614098913e+01 4.193575442422208965e+01
6.960389334265283168e+00 1.965498688990346210e+01 4.193575442422208965e+01
7.060034423048193730e+00 1.923429042312138648e+01 4.193575442422208965e+01
7.159957956516346478e+00 1.963235557401806375e+01 4.193575442422208965e+01
7.260192657847024833e+00 1.904077453365462702e+01 4.193575442422208965e+01
7.360108533827269817e+00 1.910938140557382070e+01 4.193575442422208965e+01
7.460339090618184343e+00 1.858801099041757254e+01 4.193575442422208965e+01
7.560411676181439056e+00 1.838435183511710846e+01 4.193575442422208965e+01
7.660346114771154014e+00 1.818352001927365080e+01 4.193575442422208965e+01
7.760391007741484160e+00 1.784095167103598811e+01 4.193575442422208965e+01
7.860072651402888688e+00 1.777210994987400738e+01 4.193575442422208965e+01
7.959955397583765802e+00 1.727151159480943932e+01 4.193575442422208965e+01
8.060172532623253616e+00 1.735442761461286665e+01 4.193575442422208965e+01
8.160169871096277561e+00 1.726280663290227579e+01 4.193575442422208965e+01
8.260209309247560583e+00 1.654025666891403290e+01 4.193575442422208965e+01
8.360295260333263201e+00 1.686870173375254467e+01 4.193575442422208965e+01
8.460314428833417111e+00 1.680822866217857836e+01 4.193575442422208965e+01
8.560221857099927334e+00 1.621365239199879227e+01 4.193575442422208965e+01
8.660164637941472066e+00 1.607432291965542959e+01 4.193575442422208965e+01
8.760181857056902999e+00 1.608806832465157299e+01 4.193575442422208965e+01
8.860218717977446090e+00 1.591585591854405379e+01 4.193575442422208965e+01
8.960267699615021897e+00 1.600298052027920903e+01 4.193575442422208965e+01
9.060158543440742562e+00 1.587832495469399419e+01 4.193575442422208965e+01
9.160314747803932178e+00 1.551377255217356321e+01 4.193575442422208965e+01
9.260376927016194415e+00 1.556344173211164161e+01 4.193575442422208965e+01
9.360208025918709041e+00 1.489068891630223845e+01 4.193575442422208965e+01
9.460075101117821461e+00 1.506006957251858580e+01 4.193575442422208965e+01
9.559992906282033687e+00 1.490492860893449034e+01 4.193575442422208965e+01
9.660236476231109037e+00 1.471217916695492534e+01 4.193575442422208965e+01
9.760211827678935137e+00 1.467155581859397984e+01 4.193575442422208965e+01
9.860087741133007455e+00 1.441997370431727177e+01 4.193575442422208965e+01
9.960113214171899543e+00 1.409245982737787983e+01 4.193575442422208965e+01
1.006014253496011435e+01 1.418117513755014869e+01 4.193575442422208965e+01
1.016015305856116946e+01 1.420652598454777404e+01 4.193575442422208965e+01
1.026012791460989426e+01 1.370483884881987535e+01 4.193575442422208965e+01
1.036009715580952850e+01 1.383046518185872031e+01 4.193575442422208965e+01
1.045999384679854316e+01 1.370466588342577552e+01 4.193575442422208965e+01
1.055998031172832619e+01 1.326934447936504569e+01 4.193575442422208965e+01
1.066015733025465018e+01 1.317987014253237987e+01 4.193575442422208965e+01
1.076005445242803127e+01 1.307481059549745339e+01 4.193575442422208965e+01
1.086017199500644104e+01 1.331628009695455717e+01 4.193575442422208965e+01
1.096035721378511774e+01 1.308387061038705923e+01 4.193575442422208965e+01
1.106014543005698059e+01 1.297419900943945947e+01 4.193575442422208965e+01
1.116013746602539669e+01 1.273931902697086116e+01 4.193575442422208965e+01
1.126001995331923311e+01 1.244207917153907772e+01 4.193575442422208965e+01
1.135997563511528519e+01 1.256312700071740807e+01 4.193575442422208965e+01
1.146027771572255105e+01 1.265998158718689837e+01 4.193575442422208965e+01
1.156025344308602243e+01 1.251114470293963166e+01 4.193575442422208965e+01
1.166020264054967370e+01 1.234012123353539181e+01 4.193575442422208965e+01
1.176010824919332443e+01 1.230720944728921751e+01 4.193575442422208965e+01
1.186009918100251248e+01 1.233392747709851989e+01 4.193575442422208965e+01
1.196022404466052436e+01 1.220839111391978093e+01 4.193575442422208965e+01
1.206014086953631015e+01 1.192742338328994123e+01 4.193575442422208965e+01
1.216012200167176260e+01 1.212524842977510531e+01 4.193575442422208965e+01
1.225991162114084787e+01 1.184677534230924323e+01 4.193575442422208965e+01
1.235998963976033949e+01 1.164793563546097488e+01 4.193575442422208965e+01
1.246019708267939308e+01 1.157515727495076163e+01 4.193575442422208965e+01
1.256029988740128189e+01 1.139307769894300293e+01 4.193575442422208965e+01
1.266021832804886849e+01 1.133143920862733722e+01 4.193575442422208965e+01
1.276011783806912625e+01 1.122027978975788898e+01 4.193575442422208965e+01
1.286027643411210342e+01 1.124322561588869718e+01 4.193575442422208965e+01
1.296020505403111756e+01 1.105654581015952687e+01 4.193575442422208965e+01
1.306004381250698110e+01 1.097331455736998151e+01 4.193575442422208965e+01
1.316008799938249751e+01 1.106013532652585241e+01 4.193575442422208965e+01
1.326024158855983259e+01 1.083462518461683288e+01 4.193575442422208965e+01
1.336025563904201441e+01 1.089472837960065732e+01 4.193575442422208965e+01
1.346008251893918484e+01 1.079468100406481312e+01 4.193575442422208965e+01
1.356002845306179871e+01 1.067470060568220447e+01 4.193575442422208965e+01
1.366017449007571649e+01 1.055438251810330996e+01 4.193575442422208965e+01
1.376018618598503629e+01 1.060490473288362523e+01 4.193575442422208965e+01
1.386016602641027795e+01 1.042773629605527219e+01 4.193575442422208965e+01
1.396016603220776808e+01 1.014998562055236420e+01 4.193575442422208965e+01
1.406021375009726349e+01 1.024002380219572217e+01 4.193575442422208965e+01
1.416017889984025935e+01 1.031381951338343583e+01 4.193575442422208965e+01
1.426021760910094116e+01 1.012056456828639739e+01 4.193575442422208965e+01
1.436020568897167315e+01 1.006277871455372974e+01 4.193575442422208965e+01
1.446009957908403720e+01 9.871484672711034136e+00 4.193575442422208965e+01
1.456020661983343167e+01 9.970592538090500057e+00 4.193575442422208965e+01
1.466035845314601893e+01 9.848219784281184275e+00 4.193575442422208965e+01
1.476027873150629333e+01 9.824976365207120921e+00 4.193575442422208965e+01
1.486011958734484217e+01 9.602431101481769815e+00 4.193575442422208965e+01
1.496014783579061636e+01 9.708869262951189683e+00 4.193575442422208965e+01
1.506017080873394143e+01 9.511144607454859567e+00 4.193575442422208965e+01
1.516008530228541495e+01 9.525887442767292157e+00 4.193575442422208965e+01
1.526016901980520579e+01 9.436593969048360009e+00 4.193575442422208965e+01
1.536028844696910411e+01 9.397335554478793540e+00 4.193575442422208965e+01
1.546018238599979000e+01 9.408074176594489302e+00 4.193575442422208965e+01
1.556018596824832123e+01 9.321669802407399175e+00 4.193575442422208965e+01
1.566018715656100824e+01 9.163244054806554573e+00 4.193575442422208965e+01
1.576017128895625774e+01 9.090359769185909045e+00 4.193575442422208965e+01
1.586022654335216053e+01 9.008314250155272873e+00 4.193575442422208965e+01
1.596027194439420605e+01 8.996728607145691115e+00 4.193575442422208965e+01
1.606019988436615265e+01 8.782787381880119426e+00 4.193575442422208965e+01
1.616001619001476186e+01 8.674238179563140250e+00 4.193575442422208965e+01
1.626011267441217711e+01 8.715991168588139715e+00 4.193575442422208965e+01
1.636015423131000901e+01 8.796838409076784160e+00 4.193575442422208965e+01
1.646013567016607482e+01 8.635012668566822924e+00 4.193575442422208965e+01
1.656007240838085437e+01 8.580628321057119479e+00 4.193575442422208965e+01
1.665992901383054914e+01 8.558940930248276402e+00 4.193575442422208965e+01
1.676002219346689159e+01 8.511052056537103283e+00 4.193575442422208965e+01
1.686003790855481910e+01 8.365998868764741303e+00 4.193575442422208965e+01
1.696008931641028283e+01 8.406283355439001070e+00 4.193575442422208965e+01
1.706015857686212200e+01 8.465314774910815743e+00 4.193575442422208965e+01
1.716002510614071497e+01 8.178369379689954144e+00 4.193575442422208965e+01
1.726005228275917602e+01 8.075168233412924224e+00 4.193575442422208965e+01
1.736004143261135368e+01 8.078052437210573089e+00 4.193575442422208965e+01
1.746000211235884692e+01 8.078871045517317384e+00 4.193575442422208965e+01
1.756012122361867966e+01 8.018881007096801738e+00 4.193575442422208965e+01
1.766014398804343344e+01 7.924178172598743686e+00 4.193575442422208965e+01
1.776015571561410411e+01 7.960788328567218741e+00 4.193575442422208965e+01
1.786014681601529830e+01 7.834023331532229406e+00 4.193575442422208965e+01
1.796008276126707415e+01 7.827435710270833624e+00 4.193575442422208965e+01
1.806015261825141849e+01 7.833859866742571398e+00 4.193575442422208965e+01
1.816009831592651835e+01 7.801555291991029151e+00 4.193575442422208965e+01
1.826011438206822390e+01 7.721099029860155838e+00 4.193575442422208965e+01
1.836018372585242631e+01 7.657547257856201384e+00 4.193575442422208965e+01
1.846011248160125007e+01 7.564002680888208374e+00 4.193575442422208965e+01
1.856012405487159711e+01 7.523964775979465003e+00 4.193575442422208965e+01
1.866007499050376595e+01 7.397710616987708931e+00 4.193575442422208965e+01
1.876012430072754356e+01 7.426749493746832798e+00 4.193575442422208965e+01
1.886008617154970324e+01 7.442768326441317583e+00 4.193575442422208965e+01
1.896000428863321119e+01 7.362270158745424453e+00 4.193575442422208965e+01
1.906004619657873178e+01 7.283448100298315353e+00 4.193575442422208965e+01
1.916012450871170714e+01 7.305601639710140205e+00 4.193575442422208965e+01
1.926014135632459556e+01 7.179877678323208556e+00 4.193575442422208965e+01
1.936003992471836455e+01 7.245265811323832850e+00 4.193575442422208965e+01
1.946009659168149142e+01 7.178828301497674147e+00 4.193575442422208965e+01
1.956009751796509732e+01 7.158456615114424437e+00 4.193575442422208965e+01
1.966003308899824376e+01 7.047783715809487148e+00 4.193575442422208965e+01
1.976006350907396580e+01 7.035446739367266389e+00 4.193575442422208965e+01
1.986013807476350834e+01 7.098074788123568624e+00 4.193575442422208965e+01
1.996016270699268702e+01 6.977236481192640838e+00 4.193575442422208965e+01
2.006011812007354322e+01 6.935347561149683315e+00 4.193575442422208965e+01
2.016010605821437096e+01 6.961332777158510510e+00 4.193575442422208965e+01
2.026020834532102199e+01 6.868468829019469979e+00 4.193575442422208965e+01
2.036015264346706388e+01 6.932866917684393115e+00 4.193575442422208965e+01
2.046014229129198014e+01 6.872746445133685711e+00 4.193575442422208965e+01
2.056020556242132713e+01 6.807770974912507711e+00 4.193575442422208965e+01
2.066006737361054846e+01 6.766926495474457681e+00 4.193575442422208965e+01
2.076011273190236039e+01 6.697228634678843662e+00 4.193575442422208965e+01
2.086019097974652325e+01 6.633887883306094579e+00 4.193575442422208965e+01
2.096013179077616329e+01 6.576901846008517794e+00 4.193575442422208965e+01
2.106005425085002614e+01 6.670878653855787377e+00 4.193575442422208965e+01
2.116004591121704337e+01 6.534857855193820342e+00 4.193575442422208965e+01
2.126006410376831823e+01 6.460597591888614488e+00 4.193575442422208965e+01
2.136004018857844144e+01 6.524073031506681275e+00 4.193575442422208965e+01
2.146015210129004203e+01 6.412154428424386765e+00 4.193575442422208965e+01
2.156018961599651362e+01 6.444080333433518604e+00 4.193575442422208965e+01
2.166014215802494647e+01 6.404982325727402781e+00 4.193575442422208965e+01
2.176005975325295339e+01 6.282105187752009101e+00 4.193575442422208965e+01
2.186002365495255262e+01 6.418314559623468085e+00 4.193575442422208965e+01
2.196015797577956619e+01 6.313156756933828717e+00 4.193575442422208965e+01
2.206015327450682051e+01 6.297285660966345233e+00 4.193575442422208965e+01
2.216022562432646836e+01 6.267184063226785895e+00 4.193575442422208965e+01
2.226023762596713595e+01 6.165863302912008237e+00 4.193575442422208965e+01
2.236012187475994395e+01 6.162619823367002425e+00 4.193575442422208965e+01
2.246005770765591691e+01 6.132708406837302562e+00 4.193575442422208965e+01
2.256004550991068669e+01 6.113805889108398617e+00 4.193575442422208965e+01
2.266007914369372855e+01 5.961710680172267018e+00 4.193575442422208965e+01
2.276000806581113878e+01 5.946727458896972962e+00 4.193575442422208965e+01
2.286010844514616380e+01 6.039900364114338061e+00 4.193575442422208965e+01
2.296007356234825281e+01 5.998513377184423234e+00 4.193575442422208965e+01
2.306005103070280882e+01 5.842241738166208620e+00 4.193575442422208965e+01
2.316011535778469366e+01 5.965403464929480037e+00 4.193575442422208965e+01
2.326004152122711943e+01 5.868717911002384824e+00 4.193575442422208965e+01
2.336003177061514791e+01 5.828371312857846931e+00 4.193575442422208965e+01
2.345997616252074280e+01 5.815431607596877939e+00 4.193575442422208965e+01
2.355996558789114559e+01 5.714049546673074076e+00 4.193575442422208965e+01
2.366005677356592685e+01 5.645657965826863744e+00 4.193575442422208965e+01
2.376008499752514425e+01 5.700665935532661877e+00 4.193575442422208965e+01
2.386008650357267769e+01 5.658200491395483311e+00 4.193575442422208965e+01
2.396008208139831552e+01 5.637805698050236458e+00 4.193575442422208965e+01
2.406007349624439229e+01 5.598887207371248564e+00 4.193575442422208965e+01
2.416005355753632244e+01 5.533811923306394931e+00 4.193575442422208965e+01
2.426000100264842274e+01 5.532610757384517797e+00 4.193575442422208965e+01
2.436013464581442989e+01 5.476128907696050874e+00 4.193575442422208965e+01
2.446023033168192740e+01 5.429284346732053734e+00 4.193575442422208965e+01
2.456010370727704029e+01 5.406629873165854860e+00 4.193575442422208965e+01
2.466007991705158631e+01 5.351636225245151479e+00 4.193575442422208965e+01
2.476007853616273735e+01 5.303969586449980511e+00 4.193575442422208965e+01
2.486010699666847046e+01 5.203939501518526356e+00 4.193575442422208965e+01
2.496012068606717094e+01 5.337935313078574495e+00 4.193575442422208965e+01
2.506011884904720333e+01 5.154902146669137153e+00 4.193575442422208965e+01
2.516016461492254663e+01 5.233386314781775184e+00 4.193575442422208965e+01
2.526004864631245894e+01 5.151438068174513774e+00 4.193575442422208965e+01
2.536000880997600149e+01 5.143535359863044221e+00 4.193575442422208965e+01
2.546000763258749444e+01 5.110702734311153961e+00 4.193575442422208965e+01
2.556005256491409483e+01 5.157990166415451938e+00 4.193575442422208965e+01
2.566007495662108084e+01 5.118121624835623606e+00 4.193575442422208965e+01
2.576001284207799458e+01 5.064878933949984230e+00 4.193575442422208965e+01
2.586005665426739952e+01 5.051710460931708724e+00 4.193575442422208965e+01
2.595995283772588991e+01 5.054689081864673028e+00 4.193575442422208965e+01
2.605992768761304035e+01 4.995632260833723137e+00 4.193575442422208965e+01
2.616008588888359654e+01 5.004202450881578557e+00 4.193575442422208965e+01
2.626013639090650997e+01 4.964656242221550997e+00 4.193575442422208965e+01
2.636010086664784069e+01 4.877953907785389731e+00 4.193575442422208965e+01
2.646009292255724077e+01 4.881889666270552652e+00 4.193575442422208965e+01
2.656009163346045199e+01 4.868366332488918147e+00 4.193575442422208965e+01
2.666007616590135143e+01 4.915854808981180213e+00 4.193575442422208965e+01
2.676007911660554939e+01 4.820947250996937328e+00 4.193575442422208965e+01
2.686008193545500689e+01 4.847889180280148480e+00 4.193575442422208965e+01
2.696008527403073884e+01 4.737880075128273916e+00 4.193575442422208965e+01
2.706014568371496409e+01 4.831503573728383572e+00 4.193575442422208965e+01
2.716014672685720654e+01 4.696309953855610786e+00 4.193575442422208965e+01
2.726011201775047255e+01 4.673972612115512959e+00 4.193575442422208965e+01
2.736011629044526217e+01 4.665000560300512689e+00 4.193575442422208965e+01
2.746009456312569696e+01 4.624435994423521379e+00 4.193575442422208965e+01
2.756010111326260414e+01 4.641754981502415944e+00 4.193575442422208965e+01
2.766000659215977819e+01 4.590100049484973965e+00 4.193575442422208965e+01
2.775996930878592650e+01 4.592493459469871198e+00 4.193575442422208965e+01
2.786001736508387339e+01 4.539185246769804394e+00 4.193575442422208965e+01
2.796003666424917711e+01 4.460321065900309634e+00 4.193575442422208965e+01
2.806007318658330973e+01 4.479682214716689259e+00 4.193575442422208965e+01
2.816002575392253959e+01 4.419753613359162614e+00 4.193575442422208965e+01
2.826008618070721923e+01 4.396342149644830499e+00 4.193575442422208965e+01
2.836011268337557567e+01 4.439457556339569066e+00 4.193575442422208965e+01
2.846006766072591532e+01 4.336571962382492984e+00 4.193575442422208965e+01
2.856002342132942928e+01 4.301682089560721067e+00 4.193575442422208965e+01
2.865999923614900879e+01 4.351915960124948413e+00 4.193575442422208965e+01
2.876004741964181477e+01 4.316301364156288400e+00 4.193575442422208965e+01
2.886004046337784956e+01 4.302570588907585147e+00 4.193575442422208965e+01
2.896008102924385952e+01 4.246704234350225704e+00 4.193575442422208965e+01
2.906013056701853259e+01 4.201699433065563483e+00 4.193575442422208965e+01
2.916008342699372236e+01 4.181571458137959496e+00 4.193575442422208965e+01
2.926005396200691067e+01 4.170665915461249540e+00 4.193575442422208965e+01
2.936006015490019294e+01 4.142771187450513537e+00 4.193575442422208965e+01
2.946008302370103493e+01 4.145012471564392342e+00 4.193575442422208965e+01
2.956005136911289100e+01 4.157681408282201119e+00 4.193575442422208965e+01
2.966004211127815182e+01 4.125451681053057484e+00 4.193575442422208965e+01
2.976008309869055068e+01 4.113222823986241394e+00 4.193575442422208965e+01
2.986006866468150278e+01 4.095468727605052095e+00 4.193575442422208965e+01
2.996000836426628311e+01 4.005820702747833195e+00 4.193575442422208965e+01
3.005998672307784148e+01 4.003275952283061656e+00 4.193575442422208965e+01
3.015999329076658597e+01 4.018836117521615847e+00 4.193575442422208965e+01
3.025997071981619158e+01 3.990178530532162426e+00 4.193575442422208965e+01
3.035998250913087304e+01 3.982521154624635074e+00 4.193575442422208965e+01
3.046003667608819399e+01 3.943526706479566712e+00 4.193575442422208965e+01
3.056001139595522531e+01 3.925449600478629009e+00 4.193575442422208965e+01
3.066003402547599066e+01 3.922054886081241420e+00 4.193575442422208965e+01
3.076012870266283983e+01 3.915213612703823287e+00 4.193575442422208965e+01
3.086005490868008394e+01 3.806828662271726671e+00 4.193575442422208965e+01
3.096001904061603582e+01 3.867258367796480911e+00 4.193575442422208965e+01
3.106011009671765066e+01 3.879909671526284853e+00 4.193575442422208965e+01
3.116010574269009226e+01 3.805529094640441201e+00 4.193575442422208965e+01
3.126007157798853697e+01 3.839885254782991808e+00 4.193575442422208965e+01
3.136002568220683173e+01 3.811240473763739089e+00 4.193575442422208965e+01
3.146005315939301639e+01 3.745734611983927209e+00 4.193575442422208965e+01
3.156011152172583678e+01 3.754563042386450888e+00 4.193575442422208965e+01
3.166012355668277323e+01 3.756967047791796688e+00 4.193575442422208965e+01
3.176010027308443640e+01 3.720348032681421557e+00 4.193575442422208965e+01
3.186006179385135795e+01 3.693321085336897625e+00 4.193575442422208965e+01
3.196011793235989273e+01 3.642051195746425662e+00 4.193575442422208965e+01
3.206002367541852749e+01 3.685839556571281150e+00 4.193575442422208965e+01
3.215992380861585787e+01 3.720995693673025073e+00 4.193575442422208965e+01
