nan nan
8.899641323548096450e-02 4.739770642455758061e+05
1.448080953624513445e-01 1.131394994307609595e+05
1.950822866625256113e-01 1.882096980113133395e+04
2.418344986082902603e-01 1.528610155900861173e+04
2.844150324662526597e-01 1.107837466224244417e+04
3.311492092627331685e-01 1.100653511023742976e+04
3.854527006682739732e-01 4.415649005849750210e+03
4.379760757023590800e-01 3.749369376580144490e+03
4.845354905265206735e-01 3.496407883568609577e+03
5.331869425000370644e-01 3.165916272602805293e+03
5.864416905016403003e-01 2.347186857040745963e+03
6.393143479449987510e-01 2.111185228562545490e+03
6.875509482501400704e-01 1.888978380014083768e+03
7.360532472319636366e-01 1.407641550540316985e+03
7.867697342078286971e-01 1.068429504303957401e+03
8.376194660778666368e-01 8.844142034882358985e+02
8.876896880604894235e-01 7.886793470986206103e+02
9.363402658038668669e-01 7.187834332508480202e+02
9.849243849049101884e-01 6.501236025419774478e+02
1.033922473950819487e+00 5.818437910303233593e+02
1.083968788523273830e+00 5.190937399578003806e+02
1.133915541218776246e+00 4.405555090166381547e+02
1.183819436428001248e+00 4.017310601579733884e+02
1.235159589274556602e+00 3.418861410006144865e+02
1.285686788879907949e+00 2.880669499027010261e+02
1.335577748586906033e+00 2.659798858332124496e+02
1.385007992768898966e+00 2.776000274168876558e+02
1.434761006508366910e+00 2.588560865799620387e+02
1.483809371322070803e+00 2.154253178042213506e+02
1.534060792161507925e+00 2.018862231997315462e+02
1.585002278264664888e+00 1.842757582140085333e+02
1.635527410472897403e+00 1.684391556477203551e+02
1.685676391865528423e+00 1.523212960422749234e+02
1.734789433360194755e+00 1.402642854375902743e+02
1.784875565396764951e+00 1.473656405831200686e+02
1.835586570008190588e+00 1.363500943590919121e+02
1.885448157908552691e+00 1.191809404910321462e+02
1.935207439362316428e+00 1.212586667606219635e+02
1.985052992803765015e+00 1.132319488524769326e+02
2.035079590713408937e+00 1.141804382752685569e+02
2.085261259228671005e+00 9.370952756154173358e+01
2.135521812674741060e+00 9.337689476588872139e+01
2.185539865877868859e+00 9.317757205673109411e+01
2.234928417494250752e+00 8.709486878494695361e+01
2.285020483940173541e+00 7.512364260592639198e+01
2.335227126917563290e+00 7.055732227579241567e+01
2.385597458206195398e+00 6.763829625191505102e+01
2.435604585857625182e+00 5.865078014917055071e+01
2.485423401501763330e+00 5.511195840932301593e+01
2.535218303430096576e+00 5.448422752074117881e+01
2.585301717955153844e+00 5.400717403077849355e+01
2.635310621692829258e+00 4.838825245677710285e+01
2.684883533713459336e+00 4.585459775016722261e+01
2.734760511342632316e+00 4.496081052183249227e+01
2.784962555331770062e+00 4.658627028581320673e+01
2.835387565949985422e+00 4.344169416753309321e+01
2.885384254562536110e+00 4.237681148508669793e+01
2.935452697317705084e+00 4.080508108844812654e+01
2.985584946861008060e+00 3.641016152790366078e+01
3.035281973877222761e+00 3.376647968256649079e+01
3.084822103129104764e+00 3.481320417209197871e+01
3.135015350087773989e+00 3.473307974920469832e+01
3.185847982026314362e+00 3.290400830061526705e+01
3.235464408484991061e+00 3.061705148049548342e+01
3.285149658618915502e+00 2.741827835792825141e+01
3.335370615645364634e+00 2.619447512204443029e+01
3.385209898508314996e+00 2.551588458135602622e+01
3.434934112077638879e+00 2.439823880758840602e+01
3.484151880424383396e+00 2.415247673902972991e+01
3.534737654629889203e+00 2.469385820658384745e+01
3.585624261789238432e+00 2.386699464311325158e+01
3.635262333854326844e+00 2.423815200639176481e+01
3.685039256951247122e+00 2.403902697139431410e+01
3.735233298459508244e+00 2.504415553160529129e+01
3.785147580586893934e+00 2.411874199860526602e+01
3.835695018070195861e+00 2.143521943198705770e+01
3.885539873192506377e+00 2.025447001266010005e+01
3.934696648644303352e+00 1.878954035399239331e+01
3.985162965584265304e+00 1.745720786288253379e+01
4.035471487646510091e+00 1.558072376838940443e+01
4.085372705036187213e+00 1.588543420626886160e+01
4.135141121895999028e+00 1.621579994957728132e+01
4.184482326706712385e+00 1.621917764161477038e+01
4.234523823648805418e+00 1.650679256498779779e+01
4.284609124085813292e+00 1.711234882176930938e+01
4.334887301479964705e+00 1.569678072606859587e+01
4.385302499000811594e+00 1.257419452398802662e+01
4.435186196473425824e+00 1.266945567336642142e+01
4.485197364325797409e+00 1.359348737184314615e+01
4.535537527983671602e+00 1.323329808328712431e+01
4.585513271404134450e+00 1.282748148471333849e+01
4.634965284950676612e+00 1.381972766638057237e+01
4.684823536717123815e+00 1.400393045123551872e+01
4.735220518702936587e+00 1.432671119087592615e+01
4.785263605082985983e+00 1.348969316833832011e+01
4.835259232697663556e+00 1.273296101066981834e+01
4.885376870001424621e+00 1.196298500188505898e+01
4.935301902824286380e+00 1.090569558224537872e+01
4.985473083840958886e+00 9.089987050797731172e+00
5.035412558343983491e+00 9.274482264018544697e+00
5.085460294222076350e+00 1.066796252024765579e+01
5.135289803448600310e+00 1.070208697745725601e+01
5.185032520573041204e+00 1.019278358747381930e+01
5.234850251783559116e+00 9.774608670842269476e+00
5.284974752151396338e+00 9.525157661856816560e+00
5.335255304675732724e+00 9.643155198393145611e+00
5.385226941869014183e+00 9.007167577789708446e+00
5.435093414465236528e+00 8.895757097505359923e+00
5.485028900036975408e+00 8.790760309830233155e+00
5.535369898797608990e+00 8.649591740380891736e+00
5.585317464617740590e+00 8.141201784474453973e+00
5.634959412056486094e+00 7.129138387727394388e+00
5.685029758810561162e+00 6.340294100527970045e+00
5.734808126101578196e+00 7.189042294144861955e+00
5.785204671217075933e+00 8.346922868082764069e+00
5.835595383591638097e+00 8.356943031801463917e+00
5.885099705458816111e+00 7.826238323543343256e+00
5.934848410668140950e+00 7.618190771475681800e+00
5.985196547442282800e+00 7.449403891447772708e+00
6.035486174940983162e+00 7.325750086714499787e+00
6.085325279241985186e+00 7.148984057144033955e+00
6.135085486579567871e+00 7.236053873887392740e+00
6.184888436502457232e+00 7.398048509398527983e+00
6.235029371165762058e+00 6.791990098824449262e+00
6.285013590301256947e+00 6.443901562695721452e+00
6.334991409707096288e+00 6.230621576869125988e+00
6.385041519748988925e+00 6.122697254035564640e+00
6.434975721315313812e+00 6.654187034000372591e+00
6.485280363044087615e+00 6.450386308660867485e+00
6.535416874783217978e+00 5.838374536104957713e+00
6.585380878873609234e+00 5.096958269444670009e+00
6.635104421514804507e+00 4.709153859370864836e+00
6.684781936645507905e+00 4.720898997411467235e+00
6.735145019191668858e+00 4.623969635501971709e+00
6.785484310639345651e+00 4.432462131921774073e+00
6.835069983673240479e+00 4.155816068201502844e+00
6.884859417295578154e+00 4.113609996511620182e+00
6.935355612194037178e+00 4.557808979714053521e+00
6.985394515797676895e+00 4.369372695112105021e+00
7.034922173494991604e+00 4.410960874761642003e+00
7.084541644025414087e+00 5.154673036713568024e+00
7.134492388478031799e+00 6.196828723306708753e+00
7.184836085760269775e+00 6.496781236580524421e+00
7.235281431471350722e+00 5.758676274414824547e+00
7.285158542839955231e+00 4.745956851532710630e+00
7.334994866462388963e+00 4.767505094889216366e+00
7.385036014789000625e+00 5.123120311001194693e+00
7.435042277965444590e+00 5.244201657966954144e+00
7.485223592156194705e+00 4.811966249616851599e+00
7.535266472986156039e+00 4.509969925362895538e+00
7.585148990618067799e+00 4.298861382658941466e+00
7.635267236183615580e+00 4.190144807894306211e+00
7.685330414506132080e+00 4.365919154175728067e+00
7.735344685230187700e+00 4.366165594702117403e+00
7.785330483772995969e+00 4.096753852515369942e+00
7.834761832474934629e+00 4.323943668235457949e+00
7.884484420735616617e+00 4.091826579389291396e+00
7.934886275689092550e+00 3.882379682581387215e+00
7.985027633925892765e+00 3.382062031867256735e+00
8.034964647769141877e+00 3.433959023569201463e+00
8.085037081011565263e+00 3.668681181153672810e+00
8.135210740574738253e+00 3.728174994520493613e+00
8.185171412298620552e+00 3.729623975673341363e+00
8.234851685324960258e+00 3.777812650731995348e+00
8.284952683584384303e+00 3.673430973204879990e+00
8.335101055446942908e+00 3.411081666516437849e+00
8.385121635699965381e+00 3.003885679757836158e+00
8.435202770999854494e+00 2.734964151282177625e+00
8.485152015979231521e+00 2.607775633422704686e+00
8.534970558995501833e+00 2.799101740684108108e+00
8.584943353041420977e+00 3.133912502130321798e+00
8.635099409501286516e+00 3.022502408108813654e+00
8.685126877716973226e+00 2.659857223406667970e+00
8.735139517930596398e+00 2.439367863563546734e+00
8.785167076524256657e+00 2.939565367412470209e+00
8.834939158351296840e+00 3.176988931419906237e+00
8.884964740422104157e+00 3.457251838825932566e+00
8.935124000705533476e+00 3.582306478130277583e+00
8.985127489085840580e+00 3.306180586198550486e+00
9.035265046452737536e+00 3.099474496532046430e+00
9.085196565938222335e+00 2.806570582057013041e+00
9.134926709958008928e+00 2.818708128215860143e+00
9.185157474150241086e+00 3.011354055285693221e+00
9.235291320298310680e+00 3.159814577406955038e+00
9.285092122152331484e+00 3.107309729490026484e+00
9.334907817633720128e+00 2.909368882924802335e+00
9.384925913340945058e+00 3.045289284764564286e+00
9.435005700254814442e+00 2.819816575394781921e+00
9.484846973764282652e+00 2.762663444963770587e+00
9.535053339925784854e+00 2.837898542639308630e+00
9.585148484630341414e+00 2.860023026673466973e+00
9.635175604414920159e+00 2.864505801024826326e+00
9.685272388073006056e+00 2.539966601799839907e+00
9.735267651789188292e+00 2.580844449500034443e+00
9.785106718646577662e+00 2.540643792568964443e+00
9.835036654763204211e+00 2.830526951769591903e+00
9.885080117034645397e+00 2.820905457542203010e+00
9.935053116209049406e+00 2.350823983445110343e+00
9.985047954935728498e+00 1.869387584464384133e+00
1.003493641968782235e+01 1.812904982697965295e+00
1.008496760761574507e+01 2.100232708869988585e+00
1.013505517142033696e+01 2.458196986858652622e+00
1.018499348439089580e+01 2.162899652036756493e+00
1.023485181331652605e+01 2.087035291265983972e+00
1.028490076264209918e+01 2.114013759450621421e+00
1.033508016021523979e+01 2.367033847182447914e+00
1.038503814993866037e+01 2.731916324977952115e+00
1.043506092056377987e+01 2.753410698244401544e+00
1.048500648683518222e+01 2.446870404890603368e+00
1.053492467464587357e+01 2.247317404936389096e+00
1.058493633210190055e+01 1.971170423595097532e+00
1.063496141493038571e+01 1.863408289366049075e+00
1.068510956159988190e+01 2.068577775472995484e+00
1.073519324482465542e+01 2.400979990620982107e+00
1.078499374610442985e+01 2.533766008643311807e+00
1.083498852684137681e+01 2.389243246451016489e+00
1.088532717033764108e+01 1.989388668440795982e+00
1.093533967140946928e+01 2.026361221360936327e+00
1.098516814213459369e+01 2.098239128951099985e+00
1.103487009664334018e+01 2.044182000242720676e+00
1.108482779519205685e+01 2.218737087128040741e+00
1.113497951311520850e+01 2.244476321022688126e+00
1.118504655472112930e+01 2.178823461647368731e+00
1.123510664327012165e+01 1.887605342811397691e+00
1.128492672628014759e+01 1.715605960621573445e+00
1.133483676091637449e+01 1.827401537283407151e+00
1.138496869555097213e+01 1.577157852635629354e+00
1.143488632814817052e+01 1.420202858720806205e+00
1.148507158105109838e+01 1.716072688460222651e+00
1.153512077344084652e+01 1.913304096908881036e+00
1.158496874923152120e+01 1.834909538391436001e+00
1.163503447483404862e+01 1.434385463192697330e+00
1.168514574175370413e+01 1.335054028968627904e+00
1.173520144267176768e+01 1.376925814969290229e+00
1.178499978579660024e+01 1.531299572844282864e+00
1.183489361131316109e+01 1.594118332161158946e+00
1.188508688648073353e+01 1.714832854469356960e+00
1.193507368630230303e+01 1.574790787433585137e+00
1.198501534283204073e+01 1.612317803456406295e+00
1.203499287021151787e+01 1.410842688810753032e+00
1.208500207354710376e+01 1.610761408486062862e+00
1.213511755040241447e+01 1.797661288924977896e+00
1.218508185768859775e+01 1.914717880915333126e+00
1.223499578229461093e+01 1.801586097176105739e+00
1.228482496548857839e+01 1.562085156762009319e+00
1.233472258167685354e+01 1.209632177851311496e+00
1.238495919658963373e+01 1.063283993053666165e+00
1.243501623080759977e+01 1.170473752547991353e+00
1.248498520461935968e+01 1.229380365782098750e+00
1.253491772764473389e+01 1.106971717989438275e+00
1.258505667599542477e+01 1.193511162642785450e+00
1.263533194845266294e+01 1.243668274766562831e+00
1.268509781067005449e+01 1.407862728674253106e+00
1.273496424556897288e+01 1.695592978611529134e+00
1.278509996901004975e+01 1.461023716464481481e+00
1.283513809744099454e+01 9.641711477929888474e-01
1.288513662977390872e+01 7.885421781000161445e-01
1.293516775797505858e+01 9.585975093778387190e-01
1.298508564746807004e+01 1.112124679282167961e+00
1.303485050444322191e+01 1.268337719237038641e+00
1.308477248822843464e+01 1.207536030893649581e+00
1.313495048384857000e+01 1.174200023611788879e+00
1.318508214353928665e+01 1.088805006699125499e+00
1.323498058186023130e+01 1.227648177063606738e+00
1.328501693617584500e+01 1.405748437186225885e+00
1.333523870267546485e+01 1.265682254113706051e+00
1.338517858123485915e+01 1.062420008105924296e+00
1.343509981213488302e+01 9.377387872992954954e-01
1.348497851692220806e+01 1.210693067547950363e+00
1.353502032703213587e+01 1.462366121282293818e+00
1.358510348967521608e+01 1.286703048217134437e+00
1.363504968078970769e+01 1.136756522146008308e+00
1.368512606201380066e+01 1.018577305312639680e+00
1.373499467664954388e+01 1.152849489942731509e+00
1.378492307579496234e+01 1.009857672461997424e+00
1.383507424762243687e+01 1.007253745719282279e+00
1.388511084066553458e+01 1.085167226081622971e+00
1.393507568847607203e+01 1.186224871675726433e+00
1.398506445617934446e+01 1.290200205631791164e+00
1.403502933207308878e+01 1.317813462986507034e+00
1.408509116651932658e+01 1.281629811078559555e+00
1.413501876932126322e+01 1.269107032225704756e+00
1.418492186532934873e+01 1.285952676242303028e+00
1.423490351986086466e+01 1.007215443848075154e+00
1.428504941701871722e+01 7.142576582146489272e-01
1.433512393770669036e+01 8.341901393366555340e-01
1.438498778231173958e+01 1.005043713075849610e+00
1.443505469180176348e+01 9.835188578286135908e-01
1.448509396921661008e+01 1.067313314771361377e+00
1.453500725043747011e+01 1.154785503777517874e+00
1.458506203599850082e+01 1.143584321034467166e+00
1.463510945522735618e+01 1.186917480312587259e+00
1.468518338522024536e+01 1.167410797976287995e+00
1.473511674948366057e+01 1.081693704449605775e+00
1.478499469255191379e+01 8.455073952040947916e-01
1.483519165114115879e+01 6.550104808471814977e-01
1.488517752652281168e+01 7.650486517849870438e-01
1.493491330480827983e+01 8.400733915242710736e-01
1.498495676551141820e+01 8.530855478254295576e-01
1.503511884068045923e+01 9.656149505617079853e-01
1.508508315088700869e+01 8.989392618647826794e-01
1.513503556379768966e+01 8.172544463869897413e-01
1.518499676732287540e+01 7.351156373888443341e-01
1.523508436290063095e+01 6.738982003770104257e-01
1.528522781999686053e+01 6.765716531099172926e-01
1.533502167931889559e+01 7.798505148859575797e-01
1.538498481261066075e+01 6.647197275528355931e-01
1.543513611943905417e+01 8.325172540543306354e-01
1.548505834224075706e+01 8.768695910717596576e-01
1.553504763409418921e+01 7.836709071350469458e-01
1.558510724608531106e+01 9.723704804970338955e-01
1.563520755254619132e+01 1.054355852000348648e+00
1.568514954075441636e+01 1.078831559961393793e+00
1.573497001906558346e+01 1.102960103723646057e+00
1.578501951482137855e+01 1.037233894795228650e+00
1.583505996699327234e+01 8.241483573746819502e-01
1.588504732433563937e+01 7.571874820211874635e-01
1.593492601146461141e+01 7.344775899013242793e-01
1.598497954552474276e+01 9.592514142211570061e-01
1.603519544557364185e+01 1.082341403299452054e+00
1.608505934770346002e+01 9.904880566068925418e-01
1.613492369455208220e+01 8.037138933528495954e-01
1.618487545351322154e+01 8.655330699817795903e-01
1.623491462415037034e+01 9.638856490219538387e-01
1.628502566686339392e+01 9.277495476650656769e-01
1.633514483849683430e+01 7.852005253452318811e-01
1.638505554887958837e+01 5.771021417203172632e-01
1.643503370695393073e+01 7.320830272788256821e-01
1.648511919866944808e+01 7.718599363603431129e-01
1.653520949175244326e+01 7.873046452600718226e-01
1.658506906510178069e+01 7.955077532997592016e-01
1.663488141241765206e+01 9.014167550139120522e-01
1.668486705482716204e+01 8.614791992032735379e-01
1.673492103191636104e+01 8.486772018849464416e-01
1.678500937030894846e+01 8.047023087680074127e-01
1.683496483388560350e+01 7.586637192555016895e-01
1.688490029853898733e+01 7.983490296883815063e-01
1.693486900501934400e+01 6.451105895520186095e-01
1.698500806291582776e+01 5.008407204867140194e-01
1.703516048416506479e+01 4.421747718555408824e-01
1.708509007434781068e+01 3.572922882192841598e-01
1.713498442939637201e+01 5.070215334154539732e-01
1.718492428173238196e+01 6.058386287904511391e-01
1.723486141856428233e+01 6.734774095037749930e-01
1.728495617542862206e+01 5.765227696373429467e-01
1.733506984443393506e+01 2.810127192167115595e-01
1.738497568670722160e+01 3.349279274847773991e-01
1.743490614939463157e+01 5.787791173138003842e-01
1.748496913497200467e+01 8.976524550309932238e-01
1.753507445822357624e+01 1.069443259213144870e+00
1.758513482966695562e+01 8.272986160136568401e-01
1.763511755933055269e+01 5.662741920814440277e-01
1.768508466776422239e+01 4.000696415635900394e-01
1.773505073952180311e+01 5.538039891688484317e-01
1.778508782630178686e+01 6.102603693190076228e-01
1.783504284633070824e+01 7.099225928337631331e-01
1.788499742965798589e+01 6.970215416801366359e-01
1.793498972719416429e+01 5.374281465369108446e-01
1.798499848428144787e+01 5.122495174047614341e-01
1.803510953377203663e+01 4.951046568667081260e-01
1.808516677532512062e+01 4.252426396832831301e-01
1.813507550829074688e+01 5.063863514373139196e-01
1.818496845642778936e+01 5.922471064389611684e-01
1.823497139660265276e+01 7.654924065224761875e-01
1.828507879191377228e+01 7.877817059572365110e-01
1.833510418824468857e+01 7.193802683879866322e-01
1.838506948334563873e+01 6.274393085768323886e-01
1.843507536407004466e+01 6.509479308402745801e-01
1.848504942076525737e+01 6.804850087145197790e-01
1.853507441616272544e+01 6.183038747752291897e-01
1.858511879045116899e+01 4.969995457931659644e-01
1.863495525648787421e+01 5.478700399052982561e-01
1.868488130392274016e+01 5.519321168389410559e-01
1.873504875184114482e+01 6.970216364376327078e-01
1.878514388429111648e+01 7.202493686122224403e-01
1.883511007463363995e+01 6.460683783094935961e-01
1.888497244834255895e+01 5.406822961105746117e-01
1.893485641817745346e+01 4.306555669328631097e-01
1.898490619453832551e+01 4.251453680629708742e-01
1.903488786107232045e+01 5.364055131260059284e-01
1.908487881142723097e+01 4.949759401503754930e-01
1.913492348207432414e+01 5.613245809112612505e-01
1.918501168728120021e+01 6.471815274562970899e-01
1.923514124826581906e+01 6.596543393127944910e-01
1.928506748334755017e+01 6.832949182543401889e-01
1.933495430610808086e+01 7.201761271930777752e-01
1.938494634755015866e+01 7.602148108100053037e-01
1.943493914899500297e+01 4.955991487102267001e-01
1.948497893127760250e+01 2.359195733621248792e-01
1.953503482368078537e+01 4.420406245338810436e-01
1.958498207675637559e+01 6.143331346048910291e-01
1.963504343592175871e+01 7.527658786559001669e-01
1.968503863116305297e+01 8.079747095202733931e-01
1.973506536610938156e+01 7.164290510578226190e-01
1.978512121103143784e+01 5.205964113848935426e-01
1.983496687045177964e+01 4.448141711254791630e-01
1.988498280723141320e+01 4.218175024220727209e-01
1.993508900434436626e+01 3.921899189288708953e-01
1.998508408833317418e+01 3.718384637076681543e-01
2.003507324128244704e+01 3.941315716662856516e-01
2.008505399653831702e+01 4.139009386605252416e-01
2.013499669309325313e+01 2.597432985131291616e-01
2.018502569446345518e+01 2.718651430775054223e-01
2.023503536485620202e+01 3.931107132314011210e-01
2.028511407188591065e+01 4.371556165599344013e-01
2.033506684544470744e+01 4.103372676327126101e-01
2.038493053717687786e+01 3.810667356537038586e-01
2.043503656635626342e+01 3.248641697933081218e-01
2.048515681613748640e+01 3.112764457147036978e-01
2.053512184950790243e+01 4.698024148561046331e-01
2.058506579015766036e+01 5.726906821212836007e-01
2.063503949539584070e+01 6.651542985505898287e-01
2.068496726901411620e+01 5.075347710357647202e-01
2.073499283942112825e+01 3.565353703128906204e-01
2.078510852351926275e+01 3.625328630560744614e-01
2.083507144762231178e+01 4.574692076132507168e-01
2.088503448202894930e+01 4.401062934625130652e-01
2.093502569401122670e+01 4.089326303679001740e-01
2.098501092220254804e+01 4.139080433538566695e-01
2.103489933635630749e+01 4.587801002862121891e-01
2.108484379460264790e+01 3.773916837402921942e-01
2.113497050350854778e+01 4.203546691909565425e-01
2.118501489664703996e+01 5.715707620062389083e-01
2.123500322597652001e+01 5.497577660232551011e-01
2.128496140673073000e+01 5.056384649688183686e-01
2.133497759989855780e+01 4.937868951561696917e-01
2.138501427804164834e+01 3.881942233298616429e-01
2.143512307678850348e+01 4.319449520452636193e-01
2.148520101455627085e+01 4.654060067266172496e-01
2.153506198237843705e+01 4.717924875111876304e-01
2.158501725909731306e+01 4.355522240644020826e-01
2.163513192522731643e+01 4.682839715400177738e-01
2.168511393406111054e+01 3.017286894842783340e-01
2.173504372356545389e+01 1.955962821975205657e-01
2.178497281075374303e+01 1.688516074980199733e-01
2.183494731131466438e+01 3.092339832143551348e-01
2.188500823254057082e+01 3.234333751382862943e-01
2.193509886117685070e+01 3.105020550271291313e-01
2.198516119020909798e+01 3.717044844175063645e-01
2.203505025422927233e+01 5.377004385059009905e-01
2.208496894321325854e+01 5.831627485392516519e-01
2.213503419908408887e+01 5.956319616559326846e-01
2.218516000856649484e+01 5.025114575263245342e-01
2.223516154100823528e+01 2.832143507105300273e-01
2.228504923601680332e+01 2.419163314853918223e-01
2.233504290137151926e+01 4.105193400364655076e-01
2.238504178238817488e+01 5.278925440366037947e-01
2.243506292974217686e+01 4.912667224483016071e-01
2.248498010803980307e+01 4.450982281663939943e-01
2.253497408768199151e+01 4.565887224473925698e-01
2.258504576314178891e+01 4.042091296751380014e-01
2.263501755529657089e+01 4.434105756466308890e-01
2.268497133650677711e+01 2.395698426777599366e-01
2.273496946975517119e+01 1.905075464603314117e-01
2.278495606365159531e+01 3.198667118887570382e-01
2.283504517344439222e+01 2.943179466401133482e-01
2.288515384815983467e+01 2.034307706766753654e-01
2.293513970257658485e+01 8.447245210462739351e-02
2.298499895949208849e+01 -9.452941211016252510e-03
2.303494368627049482e+01 1.268348857374448357e-01
2.308506613449876355e+01 1.555522247824967508e-01
2.313508392148495574e+01 1.367114637975319624e-01
2.318502453278797404e+01 3.082964067134454922e-01
2.323497485065410117e+01 4.384449023121916866e-01
2.328497090944668102e+01 3.797424364694634846e-01
2.333499385253491454e+01 4.626925785890207976e-01
2.338498727106783193e+01 3.528122936457833703e-01
2.343501191119998239e+01 3.545773691902596170e-01
2.348496544655622387e+01 3.091934346067120032e-01
2.353495792677599496e+01 3.675201893553250443e-01
2.358500365650586872e+01 4.509901186816591689e-01
2.363496159683297293e+01 4.527391763465615782e-01
2.368501138596607802e+01 5.577288191062237388e-01
2.373498470094738977e+01 5.302960731774390979e-01
2.378496214819288213e+01 5.223894898484147120e-01
2.383497596387970674e+01 4.514657828333952239e-01
2.388498789192226113e+01 3.780469309340332984e-01
2.393503375318008253e+01 2.926020746535229478e-01
2.398501935373159100e+01 3.870273365329737203e-01
2.403496569110036774e+01 4.039755112186824704e-01
2.408498673386322153e+01 3.788325681182769245e-01
2.413506042996912626e+01 3.421028898762443760e-01
2.418502307876385871e+01 8.277589695300235917e-02
2.423492163595081550e+01 -5.310936657066633870e-02
2.428490428825202585e+01 4.397559460385735974e-02
2.433496680196650530e+01 2.095924853685104949e-01
2.438512209170648148e+01 2.192693119945801072e-01
2.443514839901259350e+01 1.977374267589411261e-01
2.448509052949892961e+01 2.851324849314735843e-01
2.453509143701500861e+01 3.858507913099842312e-01
2.458502365090511788e+01 2.749571463729694187e-01
2.463504153640463201e+01 1.917692988723729286e-01
2.468508194249478649e+01 2.605712909748163497e-01
2.473503958790242407e+01 1.695864982245609554e-01
2.478500304505123708e+01 1.311863411458276119e-01
2.483507100557675784e+01 1.346066904716352042e-01
2.488511954357796441e+01 1.088747525072548683e-01
2.493506250080584152e+01 2.390734107284657739e-01
2.498502129798272975e+01 3.255196957764425747e-01
2.503501437401748220e+01 3.361206781746872707e-01
2.508506646650047855e+01 3.187545059707375117e-01
2.513508907173123674e+01 2.419378805827605561e-01
2.518507998159773820e+01 2.768119802456112666e-01
2.523505185786540750e+01 3.282745789732857133e-01
2.528493522995301390e+01 2.730992242947962723e-01
2.533497298671538545e+01 4.106530254849047878e-01
2.538502983866438711e+01 3.624084019728073258e-01
2.543495840570060551e+01 2.553839014005987451e-01
2.548490619549177083e+01 1.584461400525896124e-01
2.553504240236605227e+01 1.264992733257273017e-01
2.558513992818135208e+01 2.327242371690729783e-01
2.563511225024596385e+01 2.539375110777157829e-01
2.568502585376510083e+01 3.523818405750063221e-01
2.573498204820310065e+01 4.005307418661132601e-01
2.578500790559889566e+01 3.861707514167846966e-01
2.583497123978640531e+01 3.773457823833652469e-01
2.588498768970100627e+01 3.088459982128526349e-01
2.593504047435509818e+01 2.523052597693506982e-01
2.598492966214148936e+01 2.567630688183157872e-01
2.603490575269462681e+01 4.127843690163714996e-01
2.608498537799486172e+01 4.962274337341696651e-01
2.613498443791063153e+01 4.019682516873999134e-01
2.618506832819802099e+01 2.092379284534402473e-01
2.623502416925955671e+01 1.386454376166028624e-01
2.628500242861670344e+01 1.340603962930089210e-01
2.633505458811568190e+01 2.149473683178513284e-01
2.638505163208250437e+01 1.044695742897303603e-01
2.643507388196501040e+01 -3.739807896995728242e-02
2.648507376463455287e+01 8.632554786125012924e-03
2.653501897948297028e+01 1.906978610811478347e-01
2.658500608304605706e+01 3.050617702111040330e-01
2.663500634603502704e+01 3.959508163199814135e-01
2.668499674593755699e+01 4.305890423016052182e-01
2.673507012876124023e+01 4.610173450678445306e-01
2.678510131184463461e+01 3.843483304181347648e-01
2.683506136577998191e+01 2.938606194390160908e-01
2.688505297879097711e+01 3.035372697391380825e-01
2.693504435016774679e+01 2.926337292721896688e-01
2.698504814319771228e+01 2.064930864464713522e-01
2.703494373337554890e+01 7.438557891248365195e-03
2.708497938352233092e+01 -4.242490209215077357e-03
2.713508632778151508e+01 8.524882067935379837e-02
2.718506074587872945e+01 2.761244527081672118e-01
2.723503231188058749e+01 3.534208950284138950e-01
2.728504324376617163e+01 3.454273514922121535e-01
2.733507363034057747e+01 4.390842042814284696e-01
2.738505164772542599e+01 3.618087134316283482e-01
2.743504695427340678e+01 2.922526572515806720e-01
2.748503541076832590e+01 3.387902931620345726e-01
2.753504854886516995e+01 3.419002184681119161e-01
2.758506909532711049e+01 3.560239089919292610e-01
2.763503959560177492e+01 3.223253828581889024e-01
2.768493112797089140e+01 2.172794621922449210e-01
2.773486671198879705e+01 1.911811003627974515e-01
2.778493406100407626e+01 2.086671272671551947e-01
2.783494474738006019e+01 2.003648555802399756e-01
2.788491097421039200e+01 2.730688695493199702e-01
2.793491799818713872e+01 2.553442147791713523e-01
2.798497835561302693e+01 2.289539179487576348e-01
2.803500194300229609e+01 3.103774568109116672e-01
2.808497359419805051e+01 3.316923781183120923e-01
2.813500712900244238e+01 3.128796925932135764e-01
2.818498298316923822e+01 2.075941152159685998e-01
2.823501278705563422e+01 1.825273466127868005e-01
2.828508221076129558e+01 2.125756182550944118e-01
2.833502532700387277e+01 2.265621334327718728e-01
2.838497482624182666e+01 2.183168473613221749e-01
2.843501034830992680e+01 8.872990295695615259e-02
2.848502647862418868e+01 5.973409133611085053e-02
2.853508393835680224e+01 -1.416624263540455786e-02
2.858501657709735255e+01 -3.216131295120305822e-02
2.863498054340625742e+01 7.652501218770169089e-02
2.868501636720259995e+01 1.976649539121595467e-01
2.873503316835737564e+01 2.518362540297474084e-01
2.878503498814174577e+01 3.015021446380004022e-01
2.883499190836502279e+01 2.263761074133796569e-01
2.888498631502357483e+01 1.565476791260635991e-01
2.893495000626588265e+01 1.181075410311791529e-01
2.898500036432614380e+01 1.619559141457784790e-01
2.903509861546637438e+01 3.658988513834557921e-01
2.908509207483089298e+01 4.862695436961885775e-01
2.913504495481950229e+01 3.776142061324136989e-01
2.918500836395550735e+01 4.437100104899016628e-01
2.923495718662698550e+01 4.038137905651808524e-01
2.928496207259495421e+01 2.747922982453943064e-01
2.933507426259881257e+01 1.558402879829401400e-01
2.938508181516578688e+01 1.411282575162360331e-01
2.943498225301185300e+01 2.151713343412495760e-01
2.948499858116320738e+01 3.105210691997086769e-01
2.953503956580185985e+01 4.370698348646087084e-01
2.958499896666411288e+01 4.130909142729777273e-01
2.963499333290878823e+01 3.555289807132879787e-01
2.968503373938486689e+01 4.669465401777088687e-01
2.973501494685912405e+01 5.159105065119646838e-01
2.978501452515847703e+01 5.819591023982155775e-01
2.983502715796966243e+01 5.079293290051012377e-01
2.988500919213149487e+01 4.616326872367011447e-01
2.993496485179967692e+01 4.610044223085907333e-01
2.998492561128389156e+01 5.328989444858152069e-01
3.003499817560929586e+01 6.065801530952867893e-01
3.008502556456793897e+01 5.457873852864807418e-01
3.013494008816754999e+01 4.927373111173096731e-01
3.018492673547769911e+01 4.490336523572011629e-01
3.023500315153119189e+01 4.633595560148435766e-01
3.028498131448523623e+01 4.558591234692954686e-01
3.033495417861680465e+01 4.042568984686027989e-01
3.038498345260273936e+01 3.829154433224815079e-01
3.043498939861261121e+01 3.937302231917811923e-01
3.048502194613474714e+01 4.432764156266557620e-01
3.053502301362196647e+01 3.914097558938038901e-01
3.058495949956653348e+01 3.829835933125878000e-01
3.063489983455229648e+01 3.883516829861264341e-01
3.068497696715034095e+01 2.602985865579938718e-01
3.073509074860540480e+01 1.859114445506833135e-01
3.078509960315929206e+01 2.592418886312586324e-01
3.083509925779301497e+01 4.344049146812594131e-01
3.088502185481159401e+01 4.336639061768750025e-01
3.093497026923844118e+01 3.439953979683778584e-01
3.098500837521540419e+01 4.041473897770231360e-01
3.103503142039876295e+01 4.460034484367625396e-01
3.108506759362598970e+01 4.636530803394833811e-01
3.113503374503685350e+01 5.270799811904680610e-01
3.118500365593765977e+01 5.464021193518604491e-01
3.123500974421094156e+01 4.992046718666642846e-01
3.128501507026141226e+01 4.106010334223526570e-01
3.133507249490528324e+01 3.235799115386370772e-01
3.138502440591334519e+01 2.964267215956581936e-01
3.143504823904290646e+01 2.838285392921946482e-01
3.148510614177524758e+01 3.482335008238663931e-01
3.153501675197719933e+01 4.458893449006424703e-01
3.158501348571202527e+01 4.457871715423280534e-01
3.163508986356812969e+01 3.937031050671038201e-01
3.168511752018606131e+01 3.274087298834160720e-01
3.173514170463571205e+01 2.758606067734064027e-01
3.178509011011270502e+01 3.173103970316262235e-01
3.183500843705502703e+01 3.790095296930005020e-01
3.188501666940159751e+01 3.717731150826324438e-01
3.193503202990384793e+01 3.912622716846811954e-01
3.198506613067839410e+01 3.990684521391614226e-01
3.203505890021113345e+01 4.319835672193335085e-01
3.208493732419461963e+01 3.416287326409417346e-01
3.213495366395236630e+01 2.422796521130408109e-01
