1.314872934630042511e-01 3.797710017094759969e+05
1.805532981952031324e-01 1.545482490778970823e+05
2.256174683570861816e-01 4.498451157789705758e+04
2.750008438314710535e-01 1.297556931599229392e+04
3.280863650411153243e-01 1.831047785487547299e+04
3.755727420055788301e-01 1.757817130011927657e+04
4.248077187377944930e-01 1.116362002651365401e+04
4.756032703579335941e-01 6.927662393114445877e+03
5.252712901820425495e-01 4.695119206836882768e+03
5.779488086700439453e-01 4.241461285964995113e+03
6.299165412315033130e-01 4.500717421712568466e+03
6.758906613344444203e-01 3.747869727992656863e+03
7.243003501408341593e-01 3.406620817027489466e+03
7.767184303056396955e-01 2.517795862260232752e+03
8.268851123105023238e-01 2.238113965204291162e+03
8.757612715908046352e-01 2.195384799709489016e+03
9.244367669954741684e-01 1.829974219540114518e+03
9.743590335598640850e-01 1.648260261041301192e+03
1.025277309471301912e+00 1.330314808234133579e+03
1.076367937407584963e+00 1.067829613257266374e+03
1.126030153032274495e+00 9.766397613270997908e+02
1.174435554126555648e+00 8.685146638577924705e+02
1.224354596002727558e+00 8.166302455768926620e+02
1.275909457385851820e+00 7.442330769460323836e+02
1.327043014364982509e+00 6.863919757488741880e+02
1.376182305870576883e+00 6.162018299886443629e+02
1.425090728512244276e+00 5.540389352051920469e+02
1.475486142368152231e+00 5.102500836441811884e+02
1.524841963469667938e+00 4.852301851026787176e+02
1.574166892358920711e+00 4.534959778650957105e+02
1.624974687320456912e+00 4.097669381338437233e+02
1.675381355566615937e+00 3.563415843018370310e+02
1.724963184227429336e+00 3.208406200528712588e+02
1.774712827861023801e+00 2.984909650222753044e+02
1.825076376777277076e+00 3.036421033227604198e+02
1.875640530340866530e+00 3.004826599866070751e+02
1.925034206638072121e+00 2.667776869939565927e+02
1.974610523241417503e+00 2.393638120034122494e+02
2.024897814533282769e+00 2.101159375766533230e+02
2.074980560979131194e+00 2.066324599010700922e+02
2.125379775173434016e+00 2.007702774117020681e+02
2.174786292275534993e+00 1.961752724509167365e+02
2.224254812026046579e+00 1.805701257203785985e+02
2.274793295262359738e+00 1.693223467514880554e+02
2.325348031079327527e+00 1.657979885724360543e+02
2.375611639893186133e+00 1.606808948122003926e+02
2.424867492541876945e+00 1.492595049285638993e+02
2.474529124742421260e+00 1.396838599532245553e+02
2.525333019159256676e+00 1.309905258277103712e+02
2.575376996877983160e+00 1.358466203618180543e+02
2.624845369357764469e+00 1.371975144923066523e+02
2.674817902886631238e+00 1.209883768302139373e+02
2.725323544941353759e+00 1.152139251970653362e+02
2.774890634446779636e+00 1.016456327139799640e+02
2.825008223847559119e+00 9.672870681641425961e+01
2.875582926507251447e+00 9.475691156670022508e+01
2.924876556088558566e+00 9.312809516756350092e+01
2.974705201157852308e+00 8.521422840612960670e+01
3.025238687528951420e+00 7.907683407174071988e+01
3.075420310157255699e+00 7.751057936087745759e+01
3.125036287307739080e+00 7.277854619971326144e+01
3.174195837963106115e+00 6.660321323540063077e+01
3.224832305244222042e+00 6.128767304671613658e+01
3.276040947213152865e+00 5.462729137280282998e+01
3.325813237063629302e+00 5.609106361237635952e+01
3.375128652881967728e+00 5.781817960974265702e+01
3.425143557042082065e+00 5.765389737480590782e+01
3.475504968808098116e+00 5.761194902266653628e+01
3.525362481499611178e+00 5.369638403521140901e+01
3.575039828264058084e+00 5.370989751829041836e+01
3.625128200627408592e+00 5.344993065851885206e+01
3.675262512797015990e+00 5.437286556183819641e+01
3.725324761415631070e+00 5.250705484750955065e+01
3.775559672190146099e+00 4.817812370069033534e+01
3.825269365177612624e+00 4.476582845786892051e+01
3.874968766053492608e+00 4.220672039089359373e+01
3.924779862267207431e+00 3.869531431712719893e+01
3.974905416582575235e+00 3.547929319029901762e+01
4.025266748899289482e+00 3.356127198476981732e+01
4.075129109947174477e+00 3.451331025522358686e+01
4.124933675370342279e+00 3.446218986598825040e+01
4.174954124864037830e+00 3.504446427512901607e+01
4.225074633201674423e+00 3.403901577978088255e+01
4.275163310915920611e+00 3.301254783178005425e+01
4.325156391167123360e+00 3.080015316587198981e+01
4.374762177422284459e+00 2.769316626699892936e+01
4.424586346252939784e+00 2.603041501374136146e+01
4.475246383044172660e+00 2.549679046186706444e+01
4.525303666739955766e+00 2.473851042609857132e+01
4.575101941431867658e+00 2.378938211539835379e+01
4.625324563873498107e+00 2.312546602239837057e+01
4.675449528194032034e+00 2.384138683955694660e+01
4.725300165408135911e+00 2.304018556083282476e+01
4.775098700329825085e+00 2.163048799792483123e+01
4.825247903666911142e+00 2.144559761863250458e+01
4.874921588240667347e+00 2.103362051589250825e+01
4.924939879470223936e+00 2.132649931080936767e+01
4.975223310447600689e+00 2.079592127054876016e+01
5.025184595220697936e+00 1.957589944041296803e+01
5.075178905108432836e+00 1.809426539897118857e+01
5.125012167103562888e+00 1.647637865893651110e+01
5.175006800679603280e+00 1.507461787765954853e+01
5.225031167547376398e+00 1.325248754711699917e+01
5.275267789259197926e+00 1.193685876828287462e+01
5.325513426492871183e+00 1.120521090403612163e+01
5.375354193929806179e+00 1.116369756361176258e+01
5.425197855243890643e+00 1.257043941206732995e+01
5.475430813452530465e+00 1.308194571001673978e+01
5.525618342114603898e+00 1.211277840665884753e+01
5.575173889040084596e+00 1.119670632017988510e+01
5.625128085625775043e+00 1.129620100142587091e+01
5.675211008252212253e+00 1.252678234680729474e+01
5.725338166295646403e+00 1.167992334747619054e+01
5.775217790939975337e+00 1.079612372808735188e+01
5.824795107323463839e+00 1.007681018529514461e+01
5.874643645285030580e+00 9.137417111572901263e+00
5.924783102566686388e+00 9.038965285954859041e+00
5.975031682399936983e+00 8.870573460780803998e+00
6.025169108844480093e+00 8.626232554157269306e+00
6.075039323053442075e+00 8.000336522562641051e+00
6.124897512549477341e+00 8.200674602798713408e+00
6.174888561814475096e+00 7.979522715820756673e+00
6.225154360203299930e+00 7.696409072543808350e+00
6.275393487854762142e+00 7.701647337309012187e+00
6.324938107362143569e+00 8.079704286750498454e+00
6.374747015944055129e+00 8.526217862352645227e+00
6.425185212976298743e+00 8.688105456184572972e+00
6.475465919790603486e+00 7.537207630034835404e+00
6.525327623671891786e+00 6.433347706651410647e+00
6.575034065349280255e+00 6.464247788816550155e+00
6.624871563705609034e+00 6.949896242378514444e+00
6.675080286503333404e+00 7.323723689687270166e+00
6.725274155324711955e+00 7.020505220757321752e+00
6.774702745813731219e+00 5.624563184713977648e+00
6.824516230801971339e+00 3.723637628126979848e+00
6.874991170321836265e+00 3.048702456826198670e+00
6.925179877025173347e+00 3.927812140838568666e+00
6.975240812530998369e+00 4.413375790817262612e+00
7.025117156858087242e+00 4.249127645903328698e+00
7.074856984154069828e+00 4.370818684251318587e+00
7.124965151779308670e+00 4.390097314530514439e+00
7.175342688130172064e+00 4.172493107978567650e+00
7.225361103130932605e+00 3.986265031823990057e+00
7.275243978208153273e+00 3.555539943456615504e+00
7.325009912598390294e+00 2.824359228492831164e+00
7.375145484425573272e+00 2.922646463682667672e+00
7.425372887588729931e+00 3.215455041552658599e+00
7.475121332361575277e+00 3.421005961162265407e+00
7.525015646782065026e+00 2.518240889585968034e+00
7.575213163341996569e+00 1.610219550729460991e+00
7.625056531690557193e+00 1.228612006871749429e+00
7.674988032137939342e+00 1.649738107737704240e+00
7.725368312180568076e+00 2.243763347753265691e+00
7.775265647911551170e+00 2.353278723490141999e+00
7.825125225497756354e+00 1.878278656282212467e+00
7.874893000171756974e+00 1.909241223539773102e+00
7.924685866460026595e+00 2.209402224082445798e+00
7.975120529155644178e+00 2.507724079618725455e+00
8.025171252014983381e+00 3.034304818753511768e+00
8.075200920598911480e+00 3.173091804260145921e+00
8.125308581718314827e+00 3.125343860776048643e+00
8.175135933654875231e+00 2.738466375636754435e+00
8.225206542957645084e+00 1.671511667069331963e+00
8.275355525722307704e+00 6.271854930816473939e-01
8.325101688868299377e+00 -4.058770730529914772e-02
8.374834889219922474e+00 -1.071287708853958520e-01
8.425170795680685387e+00 5.651818661328888993e-02
8.475345706997556405e+00 3.693856572445071151e-01
8.525201274644011562e+00 5.006375900157422620e-01
8.575169243126985918e+00 1.800935387946580590e-01
8.625069928594047752e+00 -6.164772580089561416e-02
8.675101795821291262e+00 -1.003299335669282755e+00
8.724929568554690817e+00 -1.226959022654327214e+00
8.774634188045450145e+00 -1.109629287637510231e+00
8.824671979538805999e+00 -1.131360414633533651e+00
8.874716627350970555e+00 -1.405302063113758493e+00
8.924971772005823922e+00 -1.469507993330573470e+00
8.975201653678341884e+00 -1.842206170184930158e+00
9.025179754563337653e+00 -1.949206762063738552e+00
9.074973116437270448e+00 -2.222449920871255813e+00
9.125090291228419304e+00 -2.265299872152112926e+00
9.175186923763735791e+00 -2.751639100787635073e+00
9.224986861146973638e+00 -2.978764254743815343e+00
9.274924598918815377e+00 -2.778912277007307807e+00
9.324928299297583933e+00 -2.457944569753557573e+00
9.375039191334344935e+00 -2.369674510948307500e+00
9.425034562862483867e+00 -2.763547649915608417e+00
9.474989681598335878e+00 -3.273116014116858707e+00
9.524895199049513650e+00 -3.340127253999725099e+00
9.574802647920712673e+00 -3.191543198479159571e+00
9.624962785995778702e+00 -3.080486598442774948e+00
9.675104272672292893e+00 -2.907784070354779260e+00
9.725002251221299687e+00 -3.067830982407748763e+00
9.774985777195876580e+00 -3.217017965093866394e+00
9.825068569783585559e+00 -3.429304783620167996e+00
9.875190121934991794e+00 -3.978320802092795816e+00
9.925240597882176274e+00 -4.196995825391518053e+00
9.975168705104104916e+00 -4.162698454828444028e+00
1.002498477737726645e+01 -4.351509966907983085e+00
1.007507359707457617e+01 -4.285895033754663075e+00
1.012516906495442903e+01 -4.306422106808945216e+00
1.017496509425193452e+01 -4.367197302896144606e+00
1.022496031318370768e+01 -4.638773075272730750e+00
1.027502005951934194e+01 -5.048288628559696178e+00
1.032512358917621320e+01 -5.229106090395596595e+00
1.037522333245554940e+01 -5.230171682412965595e+00
1.042510793824200022e+01 -5.459687794998465904e+00
1.047517334435957004e+01 -5.850481274818093880e+00
1.052514644979484082e+01 -6.095630733667270817e+00
1.057523628915959080e+01 -6.005995125044478300e+00
1.062524877080540264e+01 -5.882445105417694720e+00
1.067497742390278859e+01 -5.648743123280972611e+00
1.072489614714437245e+01 -5.773726304170466506e+00
1.077486790386933357e+01 -5.978256271165960811e+00
1.082499553304696960e+01 -6.180788619434558484e+00
1.087513992165057886e+01 -6.302337716377707011e+00
1.092519958193691565e+01 -6.516612554131143042e+00
1.097509355810695730e+01 -6.636222910593154722e+00
1.102480180255828301e+01 -6.796491458689715159e+00
1.107480797390689453e+01 -6.820665899673969079e+00
1.112504073793261838e+01 -6.937710479309053824e+00
1.117509619393730169e+01 -7.102867893135531574e+00
1.122512615584213869e+01 -7.218343850525315020e+00
1.127506219963214029e+01 -7.070529212393303453e+00
1.132501284710079581e+01 -7.272946281970810389e+00
1.137504371791075108e+01 -7.357739521232097957e+00
1.142504978450169340e+01 -7.499928513395282437e+00
1.147507104752870966e+01 -7.547223793857689600e+00
1.152495129925188522e+01 -7.653622545052996884e+00
1.157483624079264217e+01 -7.525717096725770716e+00
1.162493042888651651e+01 -7.593141556784701152e+00
1.167507438437028888e+01 -7.559340194767401044e+00
1.172511409434100038e+01 -7.680918824992048144e+00
1.177497802123493464e+01 -7.928852727688145308e+00
1.182489384568761004e+01 -8.191458335075054720e+00
1.187501763586985248e+01 -8.474933532980813311e+00
1.192508669268197430e+01 -8.860141452003979623e+00
1.197501075755214828e+01 -8.810654067838569858e+00
1.202508994768711048e+01 -8.861229854718615684e+00
1.207516989566557442e+01 -9.095813651592621341e+00
1.212509125066221571e+01 -9.221908150509612767e+00
1.217509718915963290e+01 -9.172264720827350004e+00
1.222516393912577470e+01 -8.938015295865355370e+00
1.227517940121429163e+01 -8.925508766118284143e+00
1.232520119450902563e+01 -9.097078664590263486e+00
1.237519325064907960e+01 -9.401068109095568559e+00
1.242507588370700766e+01 -9.576099747635346660e+00
1.247502858725069252e+01 -9.647693354313332748e+00
1.252506553340696094e+01 -9.722656799392233040e+00
1.257514378793966969e+01 -1.018263398413827048e+01
1.262523579141810615e+01 -1.044748483652242754e+01
1.267514312983657554e+01 -1.069244299521781727e+01
1.272500735289173690e+01 -1.059937932936491478e+01
1.277509464874543177e+01 -1.064696013857585655e+01
1.282523772646367277e+01 -1.081664969695211198e+01
1.287523393453932030e+01 -1.098101074653110487e+01
1.292499604381504241e+01 -1.111264750477359797e+01
1.297486611883503116e+01 -1.138804647592351671e+01
1.302499351151075047e+01 -1.174555920999458891e+01
1.307524639742556971e+01 -1.173705855536611864e+01
1.312508418180538250e+01 -1.167357043365979763e+01
1.317486216674661037e+01 -1.158161380640623861e+01
1.322508000542729434e+01 -1.155088622689697075e+01
1.327510292207529830e+01 -1.166780097618465817e+01
1.332494337049353916e+01 -1.172025027349509685e+01
1.337502639570197438e+01 -1.176852289389326245e+01
1.342511631636085490e+01 -1.211738017059966666e+01
1.347509245546924816e+01 -1.227294605754290302e+01
1.352512065472051361e+01 -1.261789949056205984e+01
1.357503471022508457e+01 -1.273726273649175056e+01
1.362501819874569087e+01 -1.286980687704320303e+01
1.367510701068911949e+01 -1.278523797964533060e+01
1.372507470419515485e+01 -1.256846566862886050e+01
1.377505295325639878e+01 -1.228500438287703389e+01
1.382495857073816481e+01 -1.227125055573790036e+01
1.387485484805109870e+01 -1.252722231531701169e+01
1.392492914794205916e+01 -1.287269914385875325e+01
1.397493901975965969e+01 -1.331547829434909147e+01
1.402496143011041596e+01 -1.335819056578380071e+01
1.407513480165810194e+01 -1.318119624498364573e+01
1.412513427335064797e+01 -1.336340599501714621e+01
1.417499694976839741e+01 -1.353047432116000692e+01
1.422501663389104998e+01 -1.373001306151277845e+01
1.427508027605207275e+01 -1.383004199709350246e+01
1.432498393742680420e+01 -1.378464520955400729e+01
1.437490460688548843e+01 -1.369038823350015122e+01
1.442503921179032211e+01 -1.386683698629438766e+01
1.447502873455020023e+01 -1.399695990607006735e+01
1.452496279750510944e+01 -1.409124916583246545e+01
1.457515116458451665e+01 -1.433760813762259545e+01
1.462510083650811588e+01 -1.459012106848936696e+01
1.467488140232467764e+01 -1.484885913429735638e+01
1.472492632910895516e+01 -1.512001305163887821e+01
1.477505920603895895e+01 -1.520714491009579206e+01
1.482509739700808638e+01 -1.516655926641142571e+01
1.487506699750029071e+01 -1.511164863725736041e+01
1.492500285570981511e+01 -1.510083010172327533e+01
1.497506338977463791e+01 -1.510303467535299404e+01
1.502516033025841580e+01 -1.510957853234980064e+01
1.507519656563908583e+01 -1.494510650895874448e+01
1.512507715970583710e+01 -1.499694963630241062e+01
1.517494829070941798e+01 -1.511643606342191504e+01
1.522500840869651384e+01 -1.534576093346610293e+01
1.527502950078354438e+01 -1.570163828511085313e+01
1.532512335374365620e+01 -1.586651443247639293e+01
1.537502851570086904e+01 -1.600142909871381391e+01
1.542492565727243914e+01 -1.594469063322900126e+01
1.547510412862621720e+01 -1.599448997832372754e+01
1.552499932985858955e+01 -1.610043942939217487e+01
1.557486488119201162e+01 -1.637996151573722159e+01
1.562487311320193584e+01 -1.661439422952414446e+01
1.567491989318496515e+01 -1.679880568725552337e+01
1.572500129187642415e+01 -1.685193513447558900e+01
1.577507159945542625e+01 -1.691228751697429544e+01
1.582514092379401305e+01 -1.698171683933986031e+01
1.587508799081142641e+01 -1.690803531897459777e+01
1.592491195317533759e+01 -1.685651773586570812e+01
1.597496192219358768e+01 -1.696599577171465256e+01
1.602516863803770519e+01 -1.719710385433430133e+01
1.607518390827651089e+01 -1.750217775298735745e+01
1.612515701353681052e+01 -1.751163886777324308e+01
1.617515291824678769e+01 -1.757160542025668803e+01
1.622501788210047735e+01 -1.743749965609858066e+01
1.627498328781514658e+01 -1.745176549542903643e+01
1.632495473581491296e+01 -1.761409947029488876e+01
1.637481742778612315e+01 -1.765998190626766728e+01
1.642475514389529678e+01 -1.764591341685525094e+01
1.647489147929939080e+01 -1.772185361908182699e+01
1.652497042862034249e+01 -1.777540543140680285e+01
1.657503333553930958e+01 -1.775954997496583587e+01
1.662506155071316272e+01 -1.791924864898711434e+01
1.667501460379455835e+01 -1.813904778592777944e+01
1.672496588024828768e+01 -1.835793614575015908e+01
1.677499559728464362e+01 -1.849179632214282520e+01
1.682511653259130213e+01 -1.857085970653301388e+01
1.687506740011744810e+01 -1.861136037987171932e+01
1.692507629016468940e+01 -1.872782091624701195e+01
1.697506672547707751e+01 -1.891606848927754214e+01
1.702499724413892324e+01 -1.912872683952505071e+01
1.707501510566068248e+01 -1.928412703298211994e+01
1.712502810479570670e+01 -1.937436603610095176e+01
1.717504680982125365e+01 -1.949502629509735385e+01
1.722503103423404269e+01 -1.968218912584477209e+01
1.727510955690693706e+01 -1.983974147103543828e+01
1.732507794614966201e+01 -2.014467416783768527e+01
1.737492459301252623e+01 -2.044881993012432275e+01
1.742501778084946551e+01 -2.061022454605296872e+01
1.747514558243135951e+01 -2.066609846453099664e+01
1.752505462491297905e+01 -2.076880709382880497e+01
1.757496501052381888e+01 -2.077286515152143664e+01
1.762500733806004760e+01 -2.085256444799021835e+01
1.767496461200953206e+01 -2.081130973575730536e+01
1.772509154465908665e+01 -2.072971250951466970e+01
1.777504155414954568e+01 -2.074988584526398938e+01
1.782491530664837853e+01 -2.074201181047829579e+01
1.787489977185357404e+01 -2.090087180287931545e+01
1.792492195981685299e+01 -2.098553696921737810e+01
1.797509560333130096e+01 -2.110844376364337904e+01
1.802515619414177550e+01 -2.123959207406170435e+01
1.807498031173381747e+01 -2.140958535201286850e+01
1.812487528299832817e+01 -2.156870013670620523e+01
1.817490914667164503e+01 -2.164833681350521033e+01
1.822499361003561802e+01 -2.171983059795797999e+01
1.827502515554703066e+01 -2.180089073331149763e+01
1.832487861349129332e+01 -2.194466863502715626e+01
1.837488161261991237e+01 -2.193595495402807671e+01
1.842491799298555222e+01 -2.190068423935456821e+01
1.847485663134706613e+01 -2.196382088996202242e+01
1.852503987703033772e+01 -2.205848652731125981e+01
1.857505432939610657e+01 -2.226285155420980999e+01
1.862495854079376656e+01 -2.234423832750917427e+01
1.867502906506764759e+01 -2.237541435171785764e+01
1.872503186187614688e+01 -2.248138770800201769e+01
1.877502786827449199e+01 -2.264933472670703907e+01
1.882490486070270919e+01 -2.277738327447779909e+01
1.887495567617840564e+01 -2.286117522510839706e+01
1.892507908142987461e+01 -2.296383449222614104e+01
1.897502406171371803e+01 -2.307739646825194768e+01
1.902496604324690210e+01 -2.321856460770066022e+01
1.907489193398594907e+01 -2.330862213424085994e+01
1.912494959944403305e+01 -2.337887350639852002e+01
1.917503282644592488e+01 -2.349783399058224376e+01
1.922496447812181941e+01 -2.360494448626111463e+01
1.927500082489729749e+01 -2.375152535572486201e+01
1.932513894656989706e+01 -2.377791868565626743e+01
1.937512026940647303e+01 -2.379584067130158331e+01
1.942506619926841438e+01 -2.385293690772573427e+01
1.947506077549774517e+01 -2.393676417760409336e+01
1.952505148525607126e+01 -2.409145707853691221e+01
1.957500358392092821e+01 -2.426452372257915258e+01
1.962498176386796089e+01 -2.436491260141724169e+01
1.967492718369485871e+01 -2.446299679743362532e+01
1.972488577342345195e+01 -2.457287300631749716e+01
1.977488463967067389e+01 -2.460174869386212748e+01
1.982486971258046538e+01 -2.465108173907111677e+01
1.987502494259884500e+01 -2.473924495747797536e+01
1.992506439897410431e+01 -2.485487105983394329e+01
1.997503306836154735e+01 -2.496807593163397954e+01
2.002505847126385774e+01 -2.511283288125496327e+01
2.007489289534887078e+01 -2.518420580790057883e+01
2.012490991146357189e+01 -2.527537497966870816e+01
2.017505346350603190e+01 -2.541442926249112233e+01
2.022515227526353954e+01 -2.562938122577012834e+01
2.027513539206078264e+01 -2.579787884091529904e+01
2.032499300673467246e+01 -2.590124828441933857e+01
2.037493760865559622e+01 -2.589523928842147171e+01
2.042505992358056233e+01 -2.594537022088904266e+01
2.047509648445265995e+01 -2.598005738978128321e+01
2.052505226967636176e+01 -2.614902413219742172e+01
2.057506431191480800e+01 -2.623377487055558888e+01
2.062502962170498932e+01 -2.633648752191753317e+01
2.067503229824425404e+01 -2.648659200015954340e+01
2.072504097420730318e+01 -2.648623580733368144e+01
2.077491415283200382e+01 -2.649705837517380047e+01
2.082490081681929794e+01 -2.646204893504506472e+01
2.087503854785278889e+01 -2.648767678046292318e+01
2.092503522884097933e+01 -2.662530555992132975e+01
2.097504498643717952e+01 -2.682099808232352700e+01
2.102502684945010714e+01 -2.695560279239159129e+01
2.107500009960324050e+01 -2.705922366857581807e+01
2.112507347634985422e+01 -2.707695590475480785e+01
2.117503874972251765e+01 -2.708671401486158103e+01
2.122508678632308943e+01 -2.709998908629325598e+01
2.127503679376646772e+01 -2.712055237954063358e+01
2.132499634721557769e+01 -2.713784403852503857e+01
2.137502909994086764e+01 -2.725902030074513505e+01
2.142494918201875009e+01 -2.740341690204149216e+01
2.147495794049268980e+01 -2.763842336413992840e+01
2.152493278143320765e+01 -2.776242293114146165e+01
2.157501132434446234e+01 -2.785438777450136527e+01
2.162499976334408558e+01 -2.794149842891596336e+01
2.167496513492342913e+01 -2.811970083051783220e+01
2.172505528647695883e+01 -2.821483542052602189e+01
2.177501955426247449e+01 -2.832221155951589608e+01
2.182508529318515045e+01 -2.837351132744985094e+01
2.187515848992036283e+01 -2.842799903339024326e+01
2.192506362090573901e+01 -2.851009816129032259e+01
2.197503732254383024e+01 -2.862864528147009580e+01
2.202502769715830766e+01 -2.871149910442931485e+01
2.207503325117163584e+01 -2.871791931888988358e+01
2.212512201025936420e+01 -2.866648215438500458e+01
2.217507927675666224e+01 -2.867553698156850572e+01
2.222493194836274455e+01 -2.873068516077992385e+01
2.227494837757727453e+01 -2.891650725256672416e+01
2.232501323801752591e+01 -2.905310386581595949e+01
2.237506765480657478e+01 -2.915138644052855810e+01
2.242509422641945349e+01 -2.920007395805098582e+01
2.247506456393535146e+01 -2.928794107440595695e+01
2.252505554357679785e+01 -2.941597430748247533e+01
2.257501162007381623e+01 -2.950700738877737450e+01
2.262502223336527862e+01 -2.966567374429666870e+01
2.267502289825207384e+01 -2.975491801105643574e+01
2.272493843574244821e+01 -2.982531914640459547e+01
2.277499967179187479e+01 -2.991673077031576256e+01
2.282509367967820069e+01 -3.003398985165139479e+01
2.287509390095685191e+01 -3.012298652103504182e+01
2.292502869184773218e+01 -3.018846985892253088e+01
2.297505060355236495e+01 -3.022739093695874146e+01
2.302508777963367947e+01 -3.025676725634507491e+01
2.307500665631065928e+01 -3.036124479765929252e+01
2.312506359941120593e+01 -3.044722433364236025e+01
2.317507298796524040e+01 -3.057350296679977575e+01
2.322506702658565203e+01 -3.069135364059013327e+01
2.327509531314986901e+01 -3.087479381438350856e+01
2.332505369282434060e+01 -3.088843798443122068e+01
2.337506610640267013e+01 -3.090394521367251102e+01
2.342508667981328685e+01 -3.092359656922147693e+01
2.347506008153638035e+01 -3.099946880180068121e+01
2.352499863140923964e+01 -3.107365151887867327e+01
2.357498773705843575e+01 -3.120945538349844739e+01
2.362508780971614186e+01 -3.132976542080701776e+01
2.367506909152926298e+01 -3.147206696688575178e+01
2.372500004121440043e+01 -3.157356435259844218e+01
2.377497080244913974e+01 -3.155130647113213627e+01
2.382496820027828832e+01 -3.150621916227100883e+01
2.387511772199797733e+01 -3.146608991281359735e+01
2.392508815234940300e+01 -3.146592180488097412e+01
2.397503273790369960e+01 -3.153312729559567629e+01
2.402511211033117533e+01 -3.159093192936789762e+01
2.407498940490333084e+01 -3.166753099625587708e+01
2.412499153501372717e+01 -3.186792819738541382e+01
2.417504307091748217e+01 -3.203162446804666530e+01
2.422494066541036872e+01 -3.214542795855356871e+01
2.427488242301760124e+01 -3.223471361220826736e+01
2.432500274542090324e+01 -3.232667267908679065e+01
2.437511496483810092e+01 -3.241666633623984239e+01
2.442503059236328511e+01 -3.247727153787121068e+01
2.447496585559827409e+01 -3.250384978742494013e+01
2.452501596397597794e+01 -3.249230715284659965e+01
2.457501510358184404e+01 -3.257869940765518635e+01
2.462496310986283277e+01 -3.273777220807407673e+01
2.467491831479173214e+01 -3.292815536235086427e+01
2.472490087447165052e+01 -3.307295985320125453e+01
2.477503028339582869e+01 -3.310325813946970186e+01
2.482507369485465176e+01 -3.313971724608223468e+01
2.487512233963889230e+01 -3.320363225765325410e+01
2.492504948212921434e+01 -3.336916665554532813e+01
2.497496896031287150e+01 -3.354659999825059913e+01
2.502504368559828052e+01 -3.361345150869985332e+01
2.507505517508831616e+01 -3.361752062689619436e+01
2.512500817572655620e+01 -3.359834197676977396e+01
2.517497816701745350e+01 -3.361427775840108723e+01
2.522499470436120106e+01 -3.370956234716572908e+01
2.527500855458139384e+01 -3.386238454621650362e+01
2.532512642780335099e+01 -3.399542804808007190e+01
2.537507424858359428e+01 -3.406616179452259985e+01
2.542490761420232559e+01 -3.409335651555011992e+01
2.547499806366727526e+01 -3.419370234851773915e+01
2.552506529504154642e+01 -3.424858756230006662e+01
2.557501365948342809e+01 -3.428507066625492428e+01
2.562499352614333148e+01 -3.437694741897490047e+01
2.567496702213406223e+01 -3.443310828240284138e+01
2.572496709120212088e+01 -3.447758019328255585e+01
2.577501635779346145e+01 -3.460972546099762326e+01
2.582503422521303094e+01 -3.470491634694702299e+01
2.587503140781282340e+01 -3.479370765646685015e+01
2.592500537761047852e+01 -3.485420032901235032e+01
2.597495514078042689e+01 -3.492253349756281011e+01
2.602500838022773877e+01 -3.495012769114120488e+01
2.607506592101571385e+01 -3.501742402560424239e+01
2.612508492926191295e+01 -3.509120882556246102e+01
2.617507333941970060e+01 -3.517794382651794649e+01
2.622505120573042348e+01 -3.530049613722212598e+01
2.627501305345080596e+01 -3.537305533724175888e+01
2.632487555625942832e+01 -3.544600031933035922e+01
2.637493591044148289e+01 -3.555618136713316346e+01
2.642510693304636504e+01 -3.564473299378813920e+01
2.647513693953861491e+01 -3.569867192427028613e+01
2.652509552665892656e+01 -3.574244201978354596e+01
2.657508409538032979e+01 -3.577869772893794220e+01
2.662508144774780661e+01 -3.580850222080053413e+01
2.667492241877630121e+01 -3.589867454986452344e+01
2.672494475806651337e+01 -3.594264316470220422e+01
2.677508354517380340e+01 -3.597365445590259014e+01
2.682506109900303670e+01 -3.599958874104024176e+01
2.687498116067350296e+01 -3.608262885136984721e+01
2.692502814417226276e+01 -3.614928870123693372e+01
2.697504707231023247e+01 -3.622935097620075595e+01
2.702503121223631766e+01 -3.629788269662299882e+01
2.707506227914281993e+01 -3.635466606104102283e+01
2.712508674756550775e+01 -3.642451313176845673e+01
2.717501222952894580e+01 -3.650535854605443831e+01
2.722502937302986581e+01 -3.657089785330106935e+01
2.727506935228217699e+01 -3.664784802756945226e+01
2.732505050717120909e+01 -3.666509314726454249e+01
2.737507023263065165e+01 -3.670944056281907564e+01
2.742497312211616034e+01 -3.680583585472190578e+01
2.747495425598460628e+01 -3.690864691738003955e+01
2.752500101417373202e+01 -3.699856867516608361e+01
2.757502141586456901e+01 -3.705579392418573548e+01
2.762496284336778984e+01 -3.702716354906758056e+01
2.767498083916752805e+01 -3.702880841416487101e+01
2.772504112905251716e+01 -3.706965247219608273e+01
2.777506550494931403e+01 -3.710727029302353230e+01
2.782503882780907389e+01 -3.716736221631896342e+01
2.787493458165283400e+01 -3.724803144287011492e+01
2.792494418256126565e+01 -3.733064905078531126e+01
2.797504611484520609e+01 -3.742693326616704041e+01
2.802506719377823785e+01 -3.754994684404139349e+01
2.807509557244561549e+01 -3.765539182907328097e+01
2.812504755734151374e+01 -3.771038588364889677e+01
2.817499064855870117e+01 -3.771626472249197093e+01
2.822504504521829460e+01 -3.772076292961291699e+01
2.827502521638630029e+01 -3.776830417512493909e+01
2.832497905470707167e+01 -3.783640442777894464e+01
2.837495712675965009e+01 -3.784498944414383459e+01
2.842495144073136260e+01 -3.786679953537949928e+01
2.847502154523832019e+01 -3.792634175986505340e+01
2.852497353530285906e+01 -3.797650434475256986e+01
2.857489817717510761e+01 -3.804567830958336572e+01
2.862493041357475221e+01 -3.809650987128261335e+01
2.867496793105705422e+01 -3.817413166284589465e+01
2.872502467547711547e+01 -3.827545919079569359e+01
2.877501919442294565e+01 -3.836749213919716794e+01
2.882496676972620619e+01 -3.846953075120069343e+01
2.887501072542855240e+01 -3.854240300234437200e+01
2.892499531725962925e+01 -3.861926338413080373e+01
2.897496758721580790e+01 -3.869254004628056975e+01
2.902500709682489344e+01 -3.871789580158100819e+01
2.907502482850479097e+01 -3.874441342941342725e+01
2.912502057670945987e+01 -3.881820189188071879e+01
2.917504274817514442e+01 -3.886581946843233482e+01
2.922504963178578308e+01 -3.892419084393101514e+01
2.927505638339437155e+01 -3.895132877722571862e+01
2.932503393412220660e+01 -3.896072190034118421e+01
2.937495776284333360e+01 -3.896996750738862403e+01
2.942501260037444055e+01 -3.897337699747852469e+01
2.947501303975100129e+01 -3.900185274596228169e+01
2.952491033863070413e+01 -3.908606988711257202e+01
2.957496199955985716e+01 -3.916720558598144208e+01
2.962503260806260741e+01 -3.926168982713480204e+01
2.967503677263210093e+01 -3.930860570150110789e+01
2.972503968062502366e+01 -3.934807965866315982e+01
2.977503883092694537e+01 -3.937989118841063174e+01
2.982501497281848302e+01 -3.939222175085978961e+01
2.987498278307021593e+01 -3.946199119727437221e+01
2.992506688928703085e+01 -3.947868191245914460e+01
2.997511559592719266e+01 -3.953281089188794795e+01
3.002510268005445582e+01 -3.960124616554565335e+01
3.007509813118454645e+01 -3.966928374034762328e+01
3.012504059109349797e+01 -3.970198185167448202e+01
3.017503848312656700e+01 -3.975202170986366923e+01
3.022506972963901006e+01 -3.976333485745897889e+01
3.027504386337449560e+01 -3.979280074507296661e+01
3.032504342992432811e+01 -3.982779511044111587e+01
3.037503033598297009e+01 -3.988824620945338495e+01
3.042502383312353942e+01 -3.997050526253820379e+01
3.047507746533991835e+01 -4.002287926252231642e+01
3.052504792398884348e+01 -4.005442377305747925e+01
3.057497032379342983e+01 -4.009839209582510478e+01
3.062498012924418944e+01 -4.014148172593604613e+01
3.067503049906943247e+01 -4.021981059324225782e+01
3.072507125122788096e+01 -4.027584149304364303e+01
3.077504813600967637e+01 -4.034054360337052714e+01
3.082499376836688043e+01 -4.037374383976955983e+01
3.087501016334136850e+01 -4.037562906187934431e+01
3.092499920625520460e+01 -4.043232399552584866e+01
3.097499587204055516e+01 -4.047515922382681453e+01
3.102501186072135297e+01 -4.053204800659280949e+01
3.107497214394378560e+01 -4.056542536499253515e+01
3.112493971684020977e+01 -4.059274203420549298e+01
3.117497879023927609e+01 -4.064462093637789764e+01
3.122507742574524414e+01 -4.069578117599388634e+01
3.127508553354239496e+01 -4.074834778852490302e+01
3.132499233718094445e+01 -4.079926587572439445e+01
3.137500491601432273e+01 -4.086014524891714927e+01
3.142505480222370906e+01 -4.090868339521300356e+01
3.147500171686468917e+01 -4.093951341137711353e+01
3.152499580934982859e+01 -4.095148338279962275e+01
3.157502424262544949e+01 -4.096723071434612251e+01
3.162505304824458463e+01 -4.097641049152881010e+01
3.167510705015291705e+01 -4.102052267074121517e+01
3.172508140552969991e+01 -4.106945497605889273e+01
3.177508183981053591e+01 -4.113554149533845816e+01
3.182506524251513369e+01 -4.119791005098922199e+01
3.187500115241085297e+01 -4.128515379960617793e+01
3.192503388217263804e+01 -4.132210254500341762e+01
3.197509209703532918e+01 -4.132076559146691608e+01
3.202509086909489611e+01 -4.132760950434360581e+01
3.207506306216770042e+01 -4.133670023910465119e+01
3.212506175533830088e+01 -4.137436258945209033e+01
