1.306730210781097412e-01 9.592829469045002497e+02
1.706518850156239220e-01 1.228022223881312698e+02
2.164722606539726257e-01 3.515008354187011719e+01
2.797694504261016846e-01 1.377407771601821480e+02
3.317903807530036553e-01 1.188666519751915551e+01
3.846337550216251122e-01 1.416385239495171433e+01
4.192474325497945187e-01 5.506924565633138258e+00
4.775516903918722300e-01 1.157890089283818824e+01
5.301146016401403482e-01 3.035749136232862355e+00
5.806066004597411068e-01 2.691360953713760829e+00
6.261269263599229529e-01 3.450362711367399804e+00
6.734265537489028119e-01 1.467692329770042825e+00
7.253234520596996138e-01 1.206531149709326733e+00
