1.306730210781097412e-01 8.876156291961669922e+02
1.706518850156239220e-01 1.074048573630196586e+02
2.164722606539726257e-01 2.469951947530110559e+01
2.797694504261016846e-01 1.333619300957882103e+02
3.317903807530036553e-01 8.348791709313026388e+00
3.846337550216251122e-01 1.136878674825032576e+01
4.192474325497945187e-01 3.594000879923502367e+00
4.775516903918722300e-01 1.032628964963166673e+01
5.301146016401403482e-01 2.019653058519550459e+00
5.806066004597411068e-01 2.099678675333658706e+00
6.261269263599229529e-01 2.797613741003948551e+00
6.734265537489028119e-01 1.001518158685593463e+00
7.253234520596996138e-01 8.985478382164936439e-01
