nan nan 0.000000000000000000e+00
8.899641323548096450e-02 4.456299579326923777e+03 0.000000000000000000e+00
1.448080953624513445e-01 1.227438802083333258e+03 0.000000000000000000e+00
1.950822866625256113e-01 -6.108532118055555884e+02 0.000000000000000000e+00
2.418344986082902603e-01 5.361249416977612015e+01 0.000000000000000000e+00
2.844150324662526597e-01 -1.646660698784722285e+02 0.000000000000000000e+00
3.311492092627331685e-01 1.035746593045112718e+02 0.000000000000000000e+00
3.854527006682739732e-01 1.758573683647260211e+01 0.000000000000000000e+00
4.379760757023590800e-01 9.835665640352074135e+00 0.000000000000000000e+00
4.845354905265206735e-01 1.645287998431899723e+01 0.000000000000000000e+00
5.331869425000370644e-01 2.209601984797297547e+01 0.000000000000000000e+00
5.864416905016403003e-01 8.673720309182590071e+00 0.000000000000000000e+00
6.393143479449987510e-01 -4.039651391186200868e+00 0.000000000000000000e+00
6.875509482501400704e-01 -9.128743489583333925e+00 0.000000000000000000e+00
7.360532472319636366e-01 -4.912685616134751854e+00 0.000000000000000000e+00
7.867697342078286971e-01 8.344588967035535987e+00 0.000000000000000000e+00
8.376194660778666368e-01 8.019327662475449203e-02 0.000000000000000000e+00
8.876896880604894235e-01 5.841393361357868130e+00 0.000000000000000000e+00
9.363402658038668669e-01 -3.387503373745331725e+00 0.000000000000000000e+00
9.849243849049101884e-01 4.745013332131080119e+00 0.000000000000000000e+00
1.033922473950819487e+00 1.126898378314393989e+00 0.000000000000000000e+00
1.083968788523273830e+00 -5.917975204477857742e-01 0.000000000000000000e+00
1.133915541218776246e+00 -1.519275527751423160e+00 0.000000000000000000e+00
1.183819436428001248e+00 1.016691698525395982e+00 0.000000000000000000e+00
1.235159589274556602e+00 1.015468929208301896e+00 0.000000000000000000e+00
1.285686788879907949e+00 1.155505605844351136e+00 0.000000000000000000e+00
1.335577748586906033e+00 2.216579066453062463e+00 0.000000000000000000e+00
1.385007992768898966e+00 6.502067242013450654e-01 0.000000000000000000e+00
1.434761006508366910e+00 -3.416021614756680203e-01 0.000000000000000000e+00
1.483809371322070803e+00 7.182973055040360322e-01 0.000000000000000000e+00
1.534060792161507925e+00 1.227202484857936149e+00 0.000000000000000000e+00
1.585002278264664888e+00 -4.580849501382305844e-01 0.000000000000000000e+00
1.635527410472897403e+00 1.592691588916366752e-01 0.000000000000000000e+00
1.685676391865528423e+00 1.252136178700169467e+00 0.000000000000000000e+00
1.734789433360194755e+00 1.998199049285393769e-01 0.000000000000000000e+00
1.784875565396764951e+00 -2.495152440306840635e-01 0.000000000000000000e+00
1.835586570008190588e+00 1.995140102205243404e-01 0.000000000000000000e+00
1.885448157908552691e+00 -2.551032287252824604e-01 0.000000000000000000e+00
1.935207439362316428e+00 6.756943161077821891e-02 0.000000000000000000e+00
1.985052992803765015e+00 1.082860150383514221e-02 0.000000000000000000e+00
2.035079590713408937e+00 1.353177392826825087e-01 0.000000000000000000e+00
2.085261259228671005e+00 -5.584243353885289148e-03 0.000000000000000000e+00
2.135521812674741060e+00 -1.599956645786711484e-01 0.000000000000000000e+00
2.185539865877868859e+00 2.923082101062993154e-02 0.000000000000000000e+00
2.234928417494250752e+00 1.548813823225087538e-01 0.000000000000000000e+00
2.285020483940173541e+00 2.811135200075933760e-01 0.000000000000000000e+00
2.335227126917563290e+00 1.998777208387704785e-01 0.000000000000000000e+00
2.385597458206195398e+00 -2.461416377117197074e-01 0.000000000000000000e+00
2.435604585857625182e+00 -3.167919915293502808e-01 0.000000000000000000e+00
2.485423401501763330e+00 -1.077929253196473897e-01 0.000000000000000000e+00
2.535218303430096576e+00 3.393948668635599630e-01 0.000000000000000000e+00
2.585301717955153844e+00 -2.294870888011282459e-02 0.000000000000000000e+00
2.635310621692829258e+00 1.768381668678443430e-01 0.000000000000000000e+00
2.684883533713459336e+00 3.101229785188342348e-03 0.000000000000000000e+00
2.734760511342632316e+00 -8.055282279656758582e-02 0.000000000000000000e+00
2.784962555331770062e+00 2.061979831497415538e-01 0.000000000000000000e+00
2.835387565949985422e+00 1.253869584889082400e-01 0.000000000000000000e+00
2.885384254562536110e+00 1.313318108657487437e-01 0.000000000000000000e+00
2.935452697317705084e+00 3.279407001378054770e-02 0.000000000000000000e+00
2.985584946861008060e+00 4.025362865888207353e-02 0.000000000000000000e+00
3.035281973877222761e+00 4.343564551682588259e-02 0.000000000000000000e+00
3.084822103129104764e+00 -4.815849491033672575e-02 0.000000000000000000e+00
3.135015350087773989e+00 2.139285639570371045e-01 0.000000000000000000e+00
3.185847982026314362e+00 4.484830579673747264e-02 0.000000000000000000e+00
3.235464408484991061e+00 -9.020703420514722404e-02 0.000000000000000000e+00
3.285149658618915502e+00 -9.241833267801376206e-02 0.000000000000000000e+00
3.335370615645364634e+00 1.234885785101822071e-02 0.000000000000000000e+00
3.385209898508314996e+00 -3.483338280819588823e-02 0.000000000000000000e+00
3.434934112077638879e+00 -3.629404032492597465e-02 0.000000000000000000e+00
3.484151880424383396e+00 7.476608972240582351e-03 0.000000000000000000e+00
3.534737654629889203e+00 -9.617837824528792379e-02 0.000000000000000000e+00
3.585624261789238432e+00 5.960373233694613720e-02 0.000000000000000000e+00
3.635262333854326844e+00 1.490310155584580534e-02 0.000000000000000000e+00
3.685039256951247122e+00 2.763917167297970726e-02 0.000000000000000000e+00
3.735233298459508244e+00 7.788774475450220558e-02 0.000000000000000000e+00
3.785147580586893934e+00 1.754222220585380798e-01 0.000000000000000000e+00
3.835695018070195861e+00 1.303576580371731963e-02 0.000000000000000000e+00
3.885539873192506377e+00 -2.057793221159202185e-02 0.000000000000000000e+00
3.934696648644303352e+00 1.861171616291441150e-02 0.000000000000000000e+00
3.985162965584265304e+00 -7.783027890244829938e-02 0.000000000000000000e+00
4.035471487646510091e+00 -3.798155818995915811e-02 0.000000000000000000e+00
4.085372705036187213e+00 -9.581455681451138406e-02 0.000000000000000000e+00
4.135141121895999028e+00 -1.237141694492193029e-02 0.000000000000000000e+00
4.184482326706712385e+00 1.111118819467597253e-02 0.000000000000000000e+00
4.234523823648805418e+00 -4.799610141922778378e-03 0.000000000000000000e+00
4.284609124085813292e+00 -7.240301046088419741e-03 0.000000000000000000e+00
4.334887301479964705e+00 4.225553483396383980e-02 0.000000000000000000e+00
4.385302499000811594e+00 -1.641775875722721253e-02 0.000000000000000000e+00
4.435186196473425824e+00 -6.759661029871361082e-02 0.000000000000000000e+00
4.485197364325797409e+00 -6.445515894818026892e-02 0.000000000000000000e+00
4.535537527983671602e+00 6.461984907002109313e-03 0.000000000000000000e+00
4.585513271404134450e+00 2.536514013714558438e-02 0.000000000000000000e+00
4.634965284950676612e+00 5.349100565572101167e-03 0.000000000000000000e+00
4.684823536717123815e+00 8.846995733155820635e-03 0.000000000000000000e+00
4.735220518702936587e+00 -6.601194746128433676e-03 0.000000000000000000e+00
4.785263605082985983e+00 -1.126377168705458148e-01 0.000000000000000000e+00
4.835259232697663556e+00 -5.651151319234959391e-02 0.000000000000000000e+00
4.885376870001424621e+00 -1.874627046748009521e-02 0.000000000000000000e+00
4.935301902824286380e+00 1.306533665447952991e-02 0.000000000000000000e+00
4.985473083840958886e+00 1.927249385098631779e-02 0.000000000000000000e+00
5.035412558343983491e+00 -1.932943685414907978e-02 0.000000000000000000e+00
5.085460294222076350e+00 -1.008183591971035555e-02 0.000000000000000000e+00
5.135289803448600310e+00 -1.273663190760556396e-01 0.000000000000000000e+00
5.185032520573041204e+00 7.299821820175439457e-02 0.000000000000000000e+00
5.234850251783559116e+00 4.489458991044846872e-03 0.000000000000000000e+00
5.284974752151396338e+00 6.441165089265854515e-02 0.000000000000000000e+00
5.335255304675732724e+00 5.868430063927378149e-02 0.000000000000000000e+00
5.385226941869014183e+00 -1.409842583424237954e-02 0.000000000000000000e+00
5.435093414465236528e+00 3.408246794134729002e-02 0.000000000000000000e+00
5.485028900036975408e+00 1.295813412063095277e-02 0.000000000000000000e+00
5.535369898797608990e+00 -3.230676124590017850e-02 0.000000000000000000e+00
5.585317464617740590e+00 -5.810683732867905982e-04 0.000000000000000000e+00
5.634959412056486094e+00 -5.659418721543681835e-02 0.000000000000000000e+00
5.685029758810561162e+00 2.070304314353587499e-02 0.000000000000000000e+00
5.734808126101578196e+00 -1.627151577035015981e-03 0.000000000000000000e+00
5.785204671217075933e+00 1.501715636570208519e-02 0.000000000000000000e+00
5.835595383591638097e+00 -2.643959073391910497e-02 0.000000000000000000e+00
5.885099705458816111e+00 -1.531085157007846913e-02 0.000000000000000000e+00
5.934848410668140950e+00 1.102918920339486519e-03 0.000000000000000000e+00
5.985196547442282800e+00 7.688912577821124285e-03 0.000000000000000000e+00
6.035486174940983162e+00 1.814234596929696630e-02 0.000000000000000000e+00
6.085325279241985186e+00 -6.883018017583369084e-03 0.000000000000000000e+00
6.135085486579567871e+00 1.344587819281906592e-02 0.000000000000000000e+00
6.184888436502457232e+00 2.696727886407013913e-02 0.000000000000000000e+00
6.235029371165762058e+00 1.479802080814035525e-02 0.000000000000000000e+00
6.285013590301256947e+00 -1.399937476578114702e-02 0.000000000000000000e+00
6.334991409707096288e+00 6.592996312928996357e-03 0.000000000000000000e+00
6.385041519748988925e+00 -1.026576775660880889e-02 0.000000000000000000e+00
6.434975721315313812e+00 1.540879225138157629e-02 0.000000000000000000e+00
6.485280363044087615e+00 -4.236025903686980315e-03 0.000000000000000000e+00
6.535416874783217978e+00 8.492772344163743506e-03 0.000000000000000000e+00
6.585380878873609234e+00 3.430396319623765788e-02 0.000000000000000000e+00
6.635104421514804507e+00 1.561931321880914193e-02 0.000000000000000000e+00
6.684781936645507905e+00 -3.118876543529249847e-03 0.000000000000000000e+00
6.735145019191668858e+00 -2.769446330792211738e-02 0.000000000000000000e+00
6.785484310639345651e+00 -1.911642554731275354e-02 0.000000000000000000e+00
6.835069983673240479e+00 -2.465627573216404994e-02 0.000000000000000000e+00
6.884859417295578154e+00 -1.773000336648101333e-02 0.000000000000000000e+00
6.935355612194037178e+00 2.013196595156858601e-02 0.000000000000000000e+00
6.985394515797676895e+00 -2.608484261882319105e-02 0.000000000000000000e+00
7.034922173494991604e+00 -2.587098557439855909e-03 0.000000000000000000e+00
7.084541644025414087e+00 1.023982084379582505e-02 0.000000000000000000e+00
7.134492388478031799e+00 6.415628551122617637e-03 0.000000000000000000e+00
7.184836085760269775e+00 3.312095941338357667e-03 0.000000000000000000e+00
7.235281431471350722e+00 -4.370600713120388787e-03 0.000000000000000000e+00
7.285158542839955231e+00 -2.512793378213244722e-02 0.000000000000000000e+00
7.334994866462388963e+00 1.411524279671855578e-02 0.000000000000000000e+00
7.385036014789000625e+00 -1.121964418815106111e-03 0.000000000000000000e+00
7.435042277965444590e+00 -6.675371114915747313e-03 0.000000000000000000e+00
7.485223592156194705e+00 1.977872776944703329e-02 0.000000000000000000e+00
7.535266472986156039e+00 4.145094695978935283e-04 0.000000000000000000e+00
7.585148990618067799e+00 -8.321637252792330255e-03 0.000000000000000000e+00
7.635267236183615580e+00 3.187397120857470012e-02 0.000000000000000000e+00
7.685330414506132080e+00 2.930334213315609251e-03 0.000000000000000000e+00
7.735344685230187700e+00 -1.320513207830385219e-03 0.000000000000000000e+00
7.785330483772995969e+00 -1.733537409708318586e-02 0.000000000000000000e+00
7.834761832474934629e+00 1.860799307603494546e-02 0.000000000000000000e+00
7.884484420735616617e+00 5.152555921810680374e-03 0.000000000000000000e+00
7.934886275689092550e+00 -8.223905596879931001e-03 0.000000000000000000e+00
7.985027633925892765e+00 -1.854876088798094319e-02 0.000000000000000000e+00
8.034964647769141877e+00 -1.170516019634592481e-02 0.000000000000000000e+00
8.085037081011565263e+00 -1.601808067831691010e-02 0.000000000000000000e+00
8.135210740574738253e+00 -2.445162844403358290e-03 0.000000000000000000e+00
8.185171412298620552e+00 -1.906182679071927871e-02 0.000000000000000000e+00
8.234851685324960258e+00 -7.412675063557278010e-03 0.000000000000000000e+00
8.284952683584384303e+00 -1.259760580599465253e-02 0.000000000000000000e+00
8.335101055446942908e+00 -1.955527680208511004e-02 0.000000000000000000e+00
8.385121635699965381e+00 4.876405887596921632e-03 0.000000000000000000e+00
8.435202770999854494e+00 1.370576783629108737e-02 0.000000000000000000e+00
8.485152015979231521e+00 1.583098016529988980e-02 0.000000000000000000e+00
8.534970558995501833e+00 4.113194289023921341e-02 0.000000000000000000e+00
8.584943353041420977e+00 1.660036137700367231e-02 0.000000000000000000e+00
8.635099409501286516e+00 1.915302008934459746e-02 0.000000000000000000e+00
8.685126877716973226e+00 -8.696757096402741097e-03 0.000000000000000000e+00
8.735139517930596398e+00 -1.591039892488118820e-02 0.000000000000000000e+00
8.785167076524256657e+00 -1.985332616511233800e-03 0.000000000000000000e+00
8.834939158351296840e+00 -2.412782883478728838e-02 0.000000000000000000e+00
8.884964740422104157e+00 -8.840790993295804395e-03 0.000000000000000000e+00
8.935124000705533476e+00 -3.909940607387527196e-03 0.000000000000000000e+00
8.985127489085840580e+00 -7.984993995537132891e-04 0.000000000000000000e+00
9.035265046452737536e+00 -1.128418629990083494e-02 0.000000000000000000e+00
9.085196565938222335e+00 -1.112493933158061879e-03 0.000000000000000000e+00
9.134926709958008928e+00 -1.072674621408059581e-03 0.000000000000000000e+00
9.185157474150241086e+00 -2.737280191769985230e-03 0.000000000000000000e+00
9.235291320298310680e+00 -6.077185709143007042e-03 0.000000000000000000e+00
9.285092122152331484e+00 1.359031118519856036e-02 0.000000000000000000e+00
9.334907817633720128e+00 1.365722113349388455e-03 0.000000000000000000e+00
9.384925913340945058e+00 -2.183203154563555584e-02 0.000000000000000000e+00
9.435005700254814442e+00 -7.057255948214317953e-03 0.000000000000000000e+00
9.484846973764282652e+00 -8.809357397439656137e-03 0.000000000000000000e+00
9.535053339925784854e+00 2.377528535452642629e-04 0.000000000000000000e+00
9.585148484630341414e+00 -2.118728266689019410e-02 0.000000000000000000e+00
9.635175604414920159e+00 2.018638821429929314e-02 0.000000000000000000e+00
9.685272388073006056e+00 -5.367103285012597529e-03 0.000000000000000000e+00
9.735267651789188292e+00 3.805500030803159357e-03 0.000000000000000000e+00
9.785106718646577662e+00 9.224655407375660990e-03 0.000000000000000000e+00
9.835036654763204211e+00 2.880091573531892366e-02 0.000000000000000000e+00
9.885080117034645397e+00 -6.825775945599308128e-03 0.000000000000000000e+00
9.935053116209049406e+00 -6.274595054608260621e-03 0.000000000000000000e+00
9.985047954935728498e+00 4.033570015382082971e-03 0.000000000000000000e+00
1.003493641968782235e+01 1.639020870217635512e-02 0.000000000000000000e+00
1.008496760761574507e+01 -1.008365306988165226e-02 0.000000000000000000e+00
1.013505517142033696e+01 -1.924541192716956207e-03 0.000000000000000000e+00
1.018499348439089580e+01 -6.981533683252785782e-03 0.000000000000000000e+00
1.023485181331652605e+01 1.312208508056771821e-03 0.000000000000000000e+00
1.028490076264209918e+01 -1.039303588980378980e-02 0.000000000000000000e+00
1.033508016021523979e+01 1.579188430822609998e-02 0.000000000000000000e+00
1.038503814993866037e+01 6.635839883259314793e-03 0.000000000000000000e+00
1.043506092056377987e+01 -9.176964988152619537e-04 0.000000000000000000e+00
1.048500648683518222e+01 -1.344676953472538801e-02 0.000000000000000000e+00
1.053492467464587357e+01 4.227666136169466043e-03 0.000000000000000000e+00
1.058493633210190055e+01 -9.402086392547808966e-03 0.000000000000000000e+00
1.063496141493038571e+01 -5.097629175983393011e-03 0.000000000000000000e+00
1.068510956159988190e+01 -3.444538817364023713e-03 0.000000000000000000e+00
1.073519324482465542e+01 -2.879391296670870837e-03 0.000000000000000000e+00
1.078499374610442985e+01 -6.268262285993251789e-03 0.000000000000000000e+00
1.083498852684137681e+01 -6.949810648601072866e-03 0.000000000000000000e+00
1.088532717033764108e+01 -3.562836308267465155e-03 0.000000000000000000e+00
1.093533967140946928e+01 -3.170435060807847566e-03 0.000000000000000000e+00
1.098516814213459369e+01 -8.254529758001909537e-03 0.000000000000000000e+00
1.103487009664334018e+01 -6.626008563351108022e-03 0.000000000000000000e+00
1.108482779519205685e+01 -6.239805980418300542e-03 0.000000000000000000e+00
1.113497951311520850e+01 -7.284991768171546330e-04 0.000000000000000000e+00
1.118504655472112930e+01 1.408211456174037271e-03 0.000000000000000000e+00
1.123510664327012165e+01 -9.395138401491504032e-03 0.000000000000000000e+00
1.128492672628014759e+01 -1.354859897004732569e-02 0.000000000000000000e+00
1.133483676091637449e+01 3.153641999175074272e-03 0.000000000000000000e+00
1.138496869555097213e+01 -8.804526626720926910e-03 0.000000000000000000e+00
1.143488632814817052e+01 -4.286222616523978693e-03 0.000000000000000000e+00
1.148507158105109838e+01 4.473283888586022976e-05 0.000000000000000000e+00
1.153512077344084652e+01 2.186352922880925240e-02 0.000000000000000000e+00
1.158496874923152120e+01 5.089694465646401288e-03 0.000000000000000000e+00
1.163503447483404862e+01 -1.136955902428091539e-02 0.000000000000000000e+00
1.168514574175370413e+01 1.293027096638801020e-02 0.000000000000000000e+00
1.173520144267176768e+01 -1.018339813628017787e-02 0.000000000000000000e+00
1.178499978579660024e+01 -7.475155283777889896e-03 0.000000000000000000e+00
1.183489361131316109e+01 6.542721873156653357e-03 0.000000000000000000e+00
1.188508688648073353e+01 2.374143744983313320e-03 0.000000000000000000e+00
1.193507368630230303e+01 7.350969512311792547e-03 0.000000000000000000e+00
1.198501534283204073e+01 -1.111593067348750664e-02 0.000000000000000000e+00
1.203499287021151787e+01 8.241203096177842280e-04 0.000000000000000000e+00
1.208500207354710376e+01 -1.612558045279872130e-03 0.000000000000000000e+00
1.213511755040241447e+01 1.593693461043776266e-02 0.000000000000000000e+00
1.218508185768859775e+01 8.900863869816725768e-03 0.000000000000000000e+00
1.223499578229461093e+01 1.092999767962257555e-02 0.000000000000000000e+00
1.228482496548857839e+01 8.847732510979934226e-03 0.000000000000000000e+00
1.233472258167685354e+01 -3.968677969234417000e-03 0.000000000000000000e+00
1.238495919658963373e+01 -8.036020331816367949e-05 0.000000000000000000e+00
1.243501623080759977e+01 -3.983933981384721150e-03 0.000000000000000000e+00
1.248498520461935968e+01 -9.445549558781034596e-03 0.000000000000000000e+00
1.253491772764473389e+01 1.681453174643169571e-03 0.000000000000000000e+00
1.258505667599542477e+01 2.283838854836920274e-03 0.000000000000000000e+00
1.263533194845266294e+01 4.866232826995021792e-03 0.000000000000000000e+00
1.268509781067005449e+01 2.098237884999489683e-03 0.000000000000000000e+00
1.273496424556897288e+01 -1.194728183417447832e-02 0.000000000000000000e+00
1.278509996901004975e+01 -2.668412033030922829e-03 0.000000000000000000e+00
1.283513809744099454e+01 -4.638306698631185047e-03 0.000000000000000000e+00
1.288513662977390872e+01 1.288499058426526185e-02 0.000000000000000000e+00
1.293516775797505858e+01 1.392603451159251000e-02 0.000000000000000000e+00
1.298508564746807004e+01 -1.959704704445208810e-03 0.000000000000000000e+00
1.303485050444322191e+01 7.358107007345754446e-04 0.000000000000000000e+00
1.308477248822843464e+01 5.949995487741160417e-03 0.000000000000000000e+00
1.313495048384857000e+01 -6.112619035990599949e-03 0.000000000000000000e+00
1.318508214353928665e+01 4.923930227797846532e-03 0.000000000000000000e+00
1.323498058186023130e+01 -6.280630033209770591e-03 0.000000000000000000e+00
1.328501693617584500e+01 -5.340734546964974808e-03 0.000000000000000000e+00
1.333523870267546485e+01 5.443072560325626363e-03 0.000000000000000000e+00
1.338517858123485915e+01 8.478118850484956531e-03 0.000000000000000000e+00
1.343509981213488302e+01 -2.513317488724382191e-04 0.000000000000000000e+00
1.348497851692220806e+01 5.527710820531363907e-04 0.000000000000000000e+00
1.353502032703213587e+01 1.064015715791467951e-03 0.000000000000000000e+00
1.358510348967521608e+01 -8.307167098668289534e-03 0.000000000000000000e+00
1.363504968078970769e+01 -2.412397327299320177e-03 0.000000000000000000e+00
1.368512606201380066e+01 5.545861773397148427e-03 0.000000000000000000e+00
1.373499467664954388e+01 -2.609290740351022896e-03 0.000000000000000000e+00
1.378492307579496234e+01 -2.762008213433233585e-03 0.000000000000000000e+00
1.383507424762243687e+01 3.317407685333914700e-03 0.000000000000000000e+00
1.388511084066553458e+01 4.348573826523455255e-03 0.000000000000000000e+00
1.393507568847607203e+01 1.959224915756116632e-03 0.000000000000000000e+00
1.398506445617934446e+01 3.107709908510434150e-03 0.000000000000000000e+00
1.403502933207308878e+01 -4.137969784361111673e-03 0.000000000000000000e+00
1.408509116651932658e+01 -5.223251634369634015e-03 0.000000000000000000e+00
1.413501876932126322e+01 -5.474531907348377351e-03 0.000000000000000000e+00
1.418492186532934873e+01 -1.504434947702100412e-03 0.000000000000000000e+00
1.423490351986086466e+01 1.367510692156915066e-03 0.000000000000000000e+00
1.428504941701871722e+01 5.471901524724404921e-03 0.000000000000000000e+00
1.433512393770669036e+01 7.196277291914150026e-03 0.000000000000000000e+00
1.438498778231173958e+01 8.838816921472127108e-03 0.000000000000000000e+00
1.443505469180176348e+01 3.173594408940992682e-03 0.000000000000000000e+00
1.448509396921661008e+01 -9.813532198981644774e-04 0.000000000000000000e+00
1.453500725043747011e+01 -9.841873502138096409e-04 0.000000000000000000e+00
1.458506203599850082e+01 3.807974280499571047e-03 0.000000000000000000e+00
1.463510945522735618e+01 -1.117880383662965679e-03 0.000000000000000000e+00
1.468518338522024536e+01 -9.445469292982629217e-03 0.000000000000000000e+00
1.473511674948366057e+01 -4.751269555601928853e-03 0.000000000000000000e+00
1.478499469255191379e+01 5.282799382547547808e-03 0.000000000000000000e+00
1.483519165114115879e+01 -5.668407354120503193e-03 0.000000000000000000e+00
1.488517752652281168e+01 5.578216994840443088e-03 0.000000000000000000e+00
1.493491330480827983e+01 4.249881836399103572e-04 0.000000000000000000e+00
1.498495676551141820e+01 -3.667061710424309763e-03 0.000000000000000000e+00
1.503511884068045923e+01 1.129339240059672178e-02 0.000000000000000000e+00
1.508508315088700869e+01 -7.002120040489170959e-05 0.000000000000000000e+00
1.513503556379768966e+01 8.049724433757441495e-04 0.000000000000000000e+00
1.518499676732287540e+01 4.696625652441208977e-03 0.000000000000000000e+00
1.523508436290063095e+01 2.361990423801456612e-03 0.000000000000000000e+00
1.528522781999686053e+01 3.315891379152472503e-03 0.000000000000000000e+00
1.533502167931889559e+01 -1.391641260834998884e-03 0.000000000000000000e+00
1.538498481261066075e+01 -1.336033991215817033e-03 0.000000000000000000e+00
1.543513611943905417e+01 -8.992496141287123490e-03 0.000000000000000000e+00
1.548505834224075706e+01 -5.674394559575753061e-03 0.000000000000000000e+00
1.553504763409418921e+01 -1.280837742254036231e-04 0.000000000000000000e+00
1.558510724608531106e+01 -6.267705677209868195e-03 0.000000000000000000e+00
1.563520755254619132e+01 2.777661224654157752e-04 0.000000000000000000e+00
1.568514954075441636e+01 3.037479476883244312e-03 0.000000000000000000e+00
1.573497001906558346e+01 3.343186282522715019e-03 0.000000000000000000e+00
1.578501951482137855e+01 -2.474217765462002720e-03 0.000000000000000000e+00
1.583505996699327234e+01 -3.093844158969748931e-03 0.000000000000000000e+00
1.588504732433563937e+01 6.838789025118917862e-03 0.000000000000000000e+00
1.593492601146461141e+01 3.992931546962849706e-04 0.000000000000000000e+00
1.598497954552474276e+01 -5.357739009598660659e-03 0.000000000000000000e+00
1.603519544557364185e+01 -4.460004065845626746e-03 0.000000000000000000e+00
1.608505934770346002e+01 1.496438479566939653e-03 0.000000000000000000e+00
1.613492369455208220e+01 4.292115374149776258e-03 0.000000000000000000e+00
1.618487545351322154e+01 1.102145424169647531e-02 0.000000000000000000e+00
1.623491462415037034e+01 3.525135084331610692e-03 0.000000000000000000e+00
1.628502566686339392e+01 4.102378768829796976e-03 0.000000000000000000e+00
1.633514483849683430e+01 3.225812007741979469e-04 0.000000000000000000e+00
1.638505554887958837e+01 -1.971573920072595271e-03 0.000000000000000000e+00
1.643503370695393073e+01 8.135513238448649367e-05 0.000000000000000000e+00
1.648511919866944808e+01 5.120706686292336371e-03 0.000000000000000000e+00
1.653520949175244326e+01 -5.789773595451221111e-03 0.000000000000000000e+00
1.658506906510178069e+01 5.120455049270108549e-05 0.000000000000000000e+00
1.663488141241765206e+01 -2.423386870406861633e-03 0.000000000000000000e+00
1.668486705482716204e+01 -5.467374559859155235e-03 0.000000000000000000e+00
1.673492103191636104e+01 -3.987816054402194485e-03 0.000000000000000000e+00
1.678500937030894846e+01 -5.759568851985572870e-03 0.000000000000000000e+00
1.683496483388560350e+01 -1.968166479119534337e-03 0.000000000000000000e+00
1.688490029853898733e+01 -6.226565356102295966e-03 0.000000000000000000e+00
1.693486900501934400e+01 -1.957830255681818413e-03 0.000000000000000000e+00
1.698500806291582776e+01 -3.389355774164178655e-03 0.000000000000000000e+00
1.703516048416506479e+01 -3.328412668029261459e-03 0.000000000000000000e+00
1.708509007434781068e+01 3.931401749118156562e-03 0.000000000000000000e+00
1.713498442939637201e+01 3.742985586495789756e-03 0.000000000000000000e+00
1.718492428173238196e+01 6.430460500879013651e-05 0.000000000000000000e+00
1.723486141856428233e+01 -8.005682567718105025e-04 0.000000000000000000e+00
1.728495617542862206e+01 -8.980262740390149070e-04 0.000000000000000000e+00
1.733506984443393506e+01 -2.089342174201603772e-03 0.000000000000000000e+00
1.738497568670722160e+01 -5.222525642081743240e-03 0.000000000000000000e+00
1.743490614939463157e+01 -7.132000167954097997e-03 0.000000000000000000e+00
1.748496913497200467e+01 -5.768478351855292792e-03 0.000000000000000000e+00
1.753507445822357624e+01 -1.909434717737446734e-03 0.000000000000000000e+00
1.758513482966695562e+01 -3.548116682911883757e-03 0.000000000000000000e+00
1.763511755933055269e+01 -3.763639553442748708e-03 0.000000000000000000e+00
1.768508466776422239e+01 1.083529055259333310e-03 0.000000000000000000e+00
1.773505073952180311e+01 9.581550743566104181e-04 0.000000000000000000e+00
1.778508782630178686e+01 5.612388955732808271e-03 0.000000000000000000e+00
1.783504284633070824e+01 -2.456524938616807836e-03 0.000000000000000000e+00
1.788499742965798589e+01 4.299689685497846731e-04 0.000000000000000000e+00
1.793498972719416429e+01 -5.783343960182860122e-03 0.000000000000000000e+00
1.798499848428144787e+01 -2.206016791730922456e-03 0.000000000000000000e+00
1.803510953377203663e+01 8.980868502313184894e-04 0.000000000000000000e+00
1.808516677532512062e+01 3.406419393705520816e-03 0.000000000000000000e+00
1.813507550829074688e+01 -1.149415618160732656e-03 0.000000000000000000e+00
1.818496845642778936e+01 1.848235094272427693e-03 0.000000000000000000e+00
1.823497139660265276e+01 -1.341697578673282888e-03 0.000000000000000000e+00
1.828507879191377228e+01 3.471709353824223732e-03 0.000000000000000000e+00
1.833510418824468857e+01 4.593816931492440171e-03 0.000000000000000000e+00
1.838506948334563873e+01 -4.085013512288188618e-03 0.000000000000000000e+00
1.843507536407004466e+01 3.240171056088112910e-03 0.000000000000000000e+00
1.848504942076525737e+01 8.283999587029732339e-03 0.000000000000000000e+00
1.853507441616272544e+01 7.676650381466879058e-04 0.000000000000000000e+00
1.858511879045116899e+01 -2.736604884996247846e-03 0.000000000000000000e+00
1.863495525648787421e+01 -5.197383369331919079e-03 0.000000000000000000e+00
1.868488130392274016e+01 -2.921328055537220168e-03 0.000000000000000000e+00
1.873504875184114482e+01 -1.283698772696403390e-03 0.000000000000000000e+00
1.878514388429111648e+01 3.543575658874974742e-03 0.000000000000000000e+00
1.883511007463363995e+01 -2.234585440550855215e-03 0.000000000000000000e+00
1.888497244834255895e+01 2.444966742575251529e-03 0.000000000000000000e+00
1.893485641817745346e+01 2.403793296760198001e-03 0.000000000000000000e+00
1.898490619453832551e+01 6.962033016791928592e-04 0.000000000000000000e+00
1.903488786107232045e+01 -5.494769221324833502e-03 0.000000000000000000e+00
1.908487881142723097e+01 3.460983626433873032e-03 0.000000000000000000e+00
1.913492348207432414e+01 -2.594570396810104234e-04 0.000000000000000000e+00
1.918501168728120021e+01 3.023872390382670566e-03 0.000000000000000000e+00
1.923514124826581906e+01 -4.950894770774480654e-03 0.000000000000000000e+00
1.928506748334755017e+01 -2.454988127325868994e-03 0.000000000000000000e+00
1.933495430610808086e+01 -4.792734017643736724e-04 0.000000000000000000e+00
1.938494634755015866e+01 -8.517627954930455728e-03 0.000000000000000000e+00
1.943493914899500297e+01 -9.083080574825192106e-04 0.000000000000000000e+00
1.948497893127760250e+01 4.076827593180433473e-03 0.000000000000000000e+00
1.953503482368078537e+01 -1.973843596018434992e-03 0.000000000000000000e+00
1.958498207675637559e+01 6.180975521790419043e-03 0.000000000000000000e+00
1.963504343592175871e+01 -3.655513750193461163e-03 0.000000000000000000e+00
1.968503863116305297e+01 -1.218554846025418940e-03 0.000000000000000000e+00
1.973506536610938156e+01 5.986866209836030607e-05 0.000000000000000000e+00
1.978512121103143784e+01 -2.024588934047420047e-03 0.000000000000000000e+00
1.983496687045177964e+01 -2.149282872012931236e-03 0.000000000000000000e+00
1.988498280723141320e+01 -1.036280579399208182e-03 0.000000000000000000e+00
1.993508900434436626e+01 -3.768194789309688023e-05 0.000000000000000000e+00
1.998508408833317418e+01 4.313803956316648869e-04 0.000000000000000000e+00
2.003507324128244704e+01 -2.381769589692169387e-03 0.000000000000000000e+00
2.008505399653831702e+01 1.335119669529644896e-03 0.000000000000000000e+00
2.013499669309325313e+01 2.784441973403233798e-03 0.000000000000000000e+00
2.018502569446345518e+01 -1.025380255657218484e-03 0.000000000000000000e+00
2.023503536485620202e+01 -2.051726407187275895e-03 0.000000000000000000e+00
2.028511407188591065e+01 -9.971961054422987707e-05 0.000000000000000000e+00
2.033506684544470744e+01 1.693786132382781679e-03 0.000000000000000000e+00
2.038493053717687786e+01 -1.343528725606585100e-03 0.000000000000000000e+00
2.043503656635626342e+01 -7.357939787573921850e-03 0.000000000000000000e+00
2.048515681613748640e+01 9.597740058338967775e-04 0.000000000000000000e+00
2.053512184950790243e+01 -2.998561433551172242e-03 0.000000000000000000e+00
2.058506579015766036e+01 5.117123416920696215e-03 0.000000000000000000e+00
2.063503949539584070e+01 -3.773571000076276528e-03 0.000000000000000000e+00
2.068496726901411620e+01 3.349360950335424515e-03 0.000000000000000000e+00
2.073499283942112825e+01 4.144952157588832099e-03 0.000000000000000000e+00
2.078510852351926275e+01 -4.667989045167215446e-03 0.000000000000000000e+00
2.083507144762231178e+01 2.387501825210483052e-03 0.000000000000000000e+00
2.088503448202894930e+01 2.725637303968330479e-03 0.000000000000000000e+00
2.093502569401122670e+01 6.203954717270210913e-04 0.000000000000000000e+00
2.098501092220254804e+01 7.661263516037713833e-04 0.000000000000000000e+00
2.103489933635630749e+01 1.944931279219552431e-03 0.000000000000000000e+00
2.108484379460264790e+01 -3.236820092708311142e-03 0.000000000000000000e+00
2.113497050350854778e+01 -2.106801470547665228e-03 0.000000000000000000e+00
2.118501489664703996e+01 1.162649703493901995e-03 0.000000000000000000e+00
2.123500322597652001e+01 4.657012962521857118e-04 0.000000000000000000e+00
2.128496140673073000e+01 7.811527972211695231e-04 0.000000000000000000e+00
2.133497759989855780e+01 2.455740823233269407e-03 0.000000000000000000e+00
2.138501427804164834e+01 1.648594312193508429e-03 0.000000000000000000e+00
2.143512307678850348e+01 1.786171389714186729e-03 0.000000000000000000e+00
2.148520101455627085e+01 -2.110318271261759065e-03 0.000000000000000000e+00
2.153506198237843705e+01 -7.060694016817162418e-04 0.000000000000000000e+00
2.158501725909731306e+01 5.931816806217923496e-04 0.000000000000000000e+00
2.163513192522731643e+01 -3.226917644450617590e-03 0.000000000000000000e+00
2.168511393406111054e+01 7.378147682742607180e-05 0.000000000000000000e+00
2.173504372356545389e+01 -1.237282958003467275e-03 0.000000000000000000e+00
2.178497281075374303e+01 -3.556582587280709713e-03 0.000000000000000000e+00
2.183494731131466438e+01 -3.489219127771218086e-03 0.000000000000000000e+00
2.188500823254057082e+01 -1.887174701429988888e-03 0.000000000000000000e+00
2.193509886117685070e+01 -1.648095366116963598e-03 0.000000000000000000e+00
2.198516119020909798e+01 -5.603179942853818473e-04 0.000000000000000000e+00
2.203505025422927233e+01 -9.880737380678155345e-05 0.000000000000000000e+00
2.208496894321325854e+01 -7.850797805756558117e-04 0.000000000000000000e+00
2.213503419908408887e+01 2.522111802940695327e-03 0.000000000000000000e+00
2.218516000856649484e+01 -2.241462828404588038e-03 0.000000000000000000e+00
2.223516154100823528e+01 -5.512186274188150131e-03 0.000000000000000000e+00
2.228504923601680332e+01 -1.828887910320393787e-04 0.000000000000000000e+00
2.233504290137151926e+01 3.879923270531329075e-03 0.000000000000000000e+00
2.238504178238817488e+01 1.005860439607458531e-04 0.000000000000000000e+00
2.243506292974217686e+01 -7.653476526750435573e-04 0.000000000000000000e+00
2.248498010803980307e+01 4.228490541313116406e-03 0.000000000000000000e+00
2.253497408768199151e+01 2.177034797021093655e-03 0.000000000000000000e+00
2.258504576314178891e+01 -1.486187086064422224e-03 0.000000000000000000e+00
2.263501755529657089e+01 1.471941165925810466e-03 0.000000000000000000e+00
2.268497133650677711e+01 -1.394985366431424545e-03 0.000000000000000000e+00
2.273496946975517119e+01 -2.573551950502058448e-03 0.000000000000000000e+00
2.278495606365159531e+01 -9.789501082148109427e-04 0.000000000000000000e+00
2.283504517344439222e+01 -7.414882066924946731e-03 0.000000000000000000e+00
2.288515384815983467e+01 -7.221431567819283290e-03 0.000000000000000000e+00
2.293513970257658485e+01 -6.508480116773254776e-03 0.000000000000000000e+00
2.298499895949208849e+01 -1.446327010395156813e-03 0.000000000000000000e+00
2.303494368627049482e+01 1.025779287505221337e-03 0.000000000000000000e+00
2.308506613449876355e+01 -2.528541347903595291e-03 0.000000000000000000e+00
2.313508392148495574e+01 1.380802511118252307e-03 0.000000000000000000e+00
2.318502453278797404e+01 2.917733121346324527e-03 0.000000000000000000e+00
2.323497485065410117e+01 -1.459274645141318610e-03 0.000000000000000000e+00
2.328497090944668102e+01 9.834159791091176377e-04 0.000000000000000000e+00
2.333499385253491454e+01 1.920054169647762937e-04 0.000000000000000000e+00
2.338498727106783193e+01 -1.493949444582221356e-03 0.000000000000000000e+00
2.343501191119998239e+01 9.103622234288733395e-04 0.000000000000000000e+00
2.348496544655622387e+01 -2.430896247760709616e-03 0.000000000000000000e+00
2.353495792677599496e+01 1.349683545655799800e-03 0.000000000000000000e+00
2.358500365650586872e+01 -1.503928915312792002e-03 0.000000000000000000e+00
2.363496159683297293e+01 5.647193001443351519e-04 0.000000000000000000e+00
2.368501138596607802e+01 1.753955183311446718e-03 0.000000000000000000e+00
2.373498470094738977e+01 2.367715408415319630e-03 0.000000000000000000e+00
2.378496214819288213e+01 -9.004950188653227869e-04 0.000000000000000000e+00
2.383497596387970674e+01 -1.176310505496212669e-03 0.000000000000000000e+00
2.388498789192226113e+01 -2.451838568431224420e-03 0.000000000000000000e+00
2.393503375318008253e+01 2.564054357749070132e-04 0.000000000000000000e+00
2.398501935373159100e+01 -3.391132339525021206e-03 0.000000000000000000e+00
2.403496569110036774e+01 2.313308388708397965e-03 0.000000000000000000e+00
2.408498673386322153e+01 -6.267347021510971325e-04 0.000000000000000000e+00
2.413506042996912626e+01 -4.782617251254389981e-03 0.000000000000000000e+00
2.418502307876385871e+01 4.013534047152083478e-03 0.000000000000000000e+00
2.423492163595081550e+01 8.466438205220844183e-04 0.000000000000000000e+00
2.428490428825202585e+01 -1.895049286280391532e-03 0.000000000000000000e+00
2.433496680196650530e+01 -1.888387588617335047e-03 0.000000000000000000e+00
2.438512209170648148e+01 2.867692727557179461e-04 0.000000000000000000e+00
2.443514839901259350e+01 3.280097223226595242e-03 0.000000000000000000e+00
2.448509052949892961e+01 1.647755045059829445e-03 0.000000000000000000e+00
2.453509143701500861e+01 2.306590841241276148e-03 0.000000000000000000e+00
2.458502365090511788e+01 7.657526213372060041e-03 0.000000000000000000e+00
2.463504153640463201e+01 -2.473842386972876020e-03 0.000000000000000000e+00
2.468508194249478649e+01 -2.426543113608608658e-04 0.000000000000000000e+00
2.473503958790242407e+01 7.277982037668368322e-04 0.000000000000000000e+00
2.478500304505123708e+01 1.088676312470912436e-03 0.000000000000000000e+00
2.483507100557675784e+01 -3.277824587031495391e-03 0.000000000000000000e+00
2.488511954357796441e+01 -6.092458099821574215e-04 0.000000000000000000e+00
2.493506250080584152e+01 4.126917350876696587e-05 0.000000000000000000e+00
2.498502129798272975e+01 1.671040079822925118e-04 0.000000000000000000e+00
2.503501437401748220e+01 1.491069232420757368e-03 0.000000000000000000e+00
2.508506646650047855e+01 1.258120066596422979e-03 0.000000000000000000e+00
2.513508907173123674e+01 -1.278421572392739831e-03 0.000000000000000000e+00
2.518507998159773820e+01 2.135355330337750449e-03 0.000000000000000000e+00
2.523505185786540750e+01 -2.798992625692734749e-03 0.000000000000000000e+00
2.528493522995301390e+01 2.935059014263348594e-03 0.000000000000000000e+00
2.533497298671538545e+01 1.825548912431778324e-03 0.000000000000000000e+00
2.538502983866438711e+01 -6.092715091346257231e-04 0.000000000000000000e+00
2.543495840570060551e+01 -1.513631508395947827e-03 0.000000000000000000e+00
2.548490619549177083e+01 -2.769518115981117398e-03 0.000000000000000000e+00
2.553504240236605227e+01 1.605132866980867740e-03 0.000000000000000000e+00
2.558513992818135208e+01 3.773663552583889687e-03 0.000000000000000000e+00
2.563511225024596385e+01 4.381553704479521755e-04 0.000000000000000000e+00
2.568502585376510083e+01 1.372796306713461832e-03 0.000000000000000000e+00
2.573498204820310065e+01 3.102764429872249818e-03 0.000000000000000000e+00
2.578500790559889566e+01 -1.712401763980688288e-03 0.000000000000000000e+00
2.583497123978640531e+01 -1.615841057681919376e-03 0.000000000000000000e+00
2.588498768970100627e+01 3.165552736431925286e-03 0.000000000000000000e+00
2.593504047435509818e+01 -4.745090220599551469e-05 0.000000000000000000e+00
2.598492966214148936e+01 1.558205817876053348e-03 0.000000000000000000e+00
2.603490575269462681e+01 1.940073000248406822e-03 0.000000000000000000e+00
2.608498537799486172e+01 -2.320889252562116645e-03 0.000000000000000000e+00
2.613498443791063153e+01 -3.572179252212903753e-03 0.000000000000000000e+00
2.618506832819802099e+01 1.008334356796487807e-03 0.000000000000000000e+00
2.623502416925955671e+01 -1.108834548466193634e-03 0.000000000000000000e+00
2.628500242861670344e+01 2.717312886693138557e-03 0.000000000000000000e+00
2.633505458811568190e+01 2.413288342843474942e-03 0.000000000000000000e+00
2.638505163208250437e+01 3.489696739633773529e-03 0.000000000000000000e+00
2.643507388196501040e+01 -2.845324142025481423e-03 0.000000000000000000e+00
2.648507376463455287e+01 -2.027042536218718032e-03 0.000000000000000000e+00
2.653501897948297028e+01 -2.469820825704565227e-03 0.000000000000000000e+00
2.658500608304605706e+01 -1.766381715755470328e-03 0.000000000000000000e+00
2.663500634603502704e+01 -7.090646808327663846e-04 0.000000000000000000e+00
2.668499674593755699e+01 -5.653564885563532906e-04 0.000000000000000000e+00
2.673507012876124023e+01 -1.405395451047748018e-03 0.000000000000000000e+00
2.678510131184463461e+01 -3.975260980127809309e-04 0.000000000000000000e+00
2.683506136577998191e+01 1.158107574369491655e-03 0.000000000000000000e+00
2.688505297879097711e+01 4.692809323761191483e-06 0.000000000000000000e+00
2.693504435016774679e+01 1.874426867853829599e-03 0.000000000000000000e+00
2.698504814319771228e+01 1.492899900107580056e-03 0.000000000000000000e+00
2.703494373337554890e+01 2.795227273868337685e-03 0.000000000000000000e+00
2.708497938352233092e+01 3.884883330757159942e-03 0.000000000000000000e+00
2.713508632778151508e+01 2.532728578051640991e-03 0.000000000000000000e+00
2.718506074587872945e+01 1.899878552481782572e-03 0.000000000000000000e+00
2.723503231188058749e+01 8.367519233301285537e-04 0.000000000000000000e+00
2.728504324376617163e+01 6.385525787042113091e-04 0.000000000000000000e+00
2.733507363034057747e+01 1.600563804262652512e-03 0.000000000000000000e+00
2.738505164772542599e+01 -1.974415970452241334e-03 0.000000000000000000e+00
2.743504695427340678e+01 -6.440360660586424545e-04 0.000000000000000000e+00
2.748503541076832590e+01 3.019789020832810457e-03 0.000000000000000000e+00
2.753504854886516995e+01 1.023711637637869870e-03 0.000000000000000000e+00
2.758506909532711049e+01 -5.015802060701728127e-04 0.000000000000000000e+00
2.763503959560177492e+01 -9.715756086311910398e-04 0.000000000000000000e+00
2.768493112797089140e+01 -3.985863700062044763e-04 0.000000000000000000e+00
2.773486671198879705e+01 1.627589594851030228e-03 0.000000000000000000e+00
2.778493406100407626e+01 2.388414602314416386e-03 0.000000000000000000e+00
2.783494474738006019e+01 1.696506634435306343e-03 0.000000000000000000e+00
2.788491097421039200e+01 -1.825640531563657359e-03 0.000000000000000000e+00
2.793491799818713872e+01 2.309107183712558534e-03 0.000000000000000000e+00
2.798497835561302693e+01 -2.119892366077845999e-04 0.000000000000000000e+00
2.803500194300229609e+01 1.358550054078024863e-03 0.000000000000000000e+00
2.808497359419805051e+01 -4.773074011604847163e-04 0.000000000000000000e+00
2.813500712900244238e+01 1.214418122432113614e-04 0.000000000000000000e+00
2.818498298316923822e+01 7.248947371746363453e-04 0.000000000000000000e+00
2.823501278705563422e+01 3.795304378081439198e-03 0.000000000000000000e+00
2.828508221076129558e+01 9.224215937836705449e-04 0.000000000000000000e+00
2.833502532700387277e+01 -1.270171581404653431e-03 0.000000000000000000e+00
2.838497482624182666e+01 -3.608294350025272284e-04 0.000000000000000000e+00
2.843501034830992680e+01 -8.588670406725889151e-04 0.000000000000000000e+00
2.848502647862418868e+01 -2.938809618128813451e-03 0.000000000000000000e+00
2.853508393835680224e+01 3.302879580698377723e-03 0.000000000000000000e+00
2.858501657709735255e+01 -5.510304773469937344e-04 0.000000000000000000e+00
2.863498054340625742e+01 -1.769410441712112973e-03 0.000000000000000000e+00
2.868501636720259995e+01 2.089896717729358526e-03 0.000000000000000000e+00
2.873503316835737564e+01 4.086201315359977090e-03 0.000000000000000000e+00
2.878503498814174577e+01 -2.632393087580855778e-04 0.000000000000000000e+00
2.883499190836502279e+01 6.297429417768204854e-05 0.000000000000000000e+00
2.888498631502357483e+01 2.435869930011380635e-03 0.000000000000000000e+00
2.893495000626588265e+01 -2.901361263359812561e-03 0.000000000000000000e+00
2.898500036432614380e+01 -2.799268784392927936e-03 0.000000000000000000e+00
2.903509861546637438e+01 1.508710498669067323e-04 0.000000000000000000e+00
2.908509207483089298e+01 1.129514573354481379e-03 0.000000000000000000e+00
2.913504495481950229e+01 1.346937546675129951e-03 0.000000000000000000e+00
2.918500836395550735e+01 2.949223190829957904e-04 0.000000000000000000e+00
2.923495718662698550e+01 -1.592746403805314463e-04 0.000000000000000000e+00
2.928496207259495421e+01 2.325832140229994616e-03 0.000000000000000000e+00
2.933507426259881257e+01 4.082013912006213934e-04 0.000000000000000000e+00
2.938508181516578688e+01 -1.568327908927839897e-03 0.000000000000000000e+00
2.943498225301185300e+01 9.950597139620224931e-04 0.000000000000000000e+00
2.948499858116320738e+01 7.565977521179294805e-04 0.000000000000000000e+00
2.953503956580185985e+01 4.332067822930165193e-03 0.000000000000000000e+00
2.958499896666411288e+01 4.740268040231148880e-03 0.000000000000000000e+00
2.963499333290878823e+01 2.718756549609106614e-03 0.000000000000000000e+00
2.968503373938486689e+01 -1.272933212755365156e-03 0.000000000000000000e+00
2.973501494685912405e+01 1.697225838360459952e-03 0.000000000000000000e+00
2.978501452515847703e+01 -2.290358689133231750e-04 0.000000000000000000e+00
2.983502715796966243e+01 -3.761875791752384711e-04 0.000000000000000000e+00
2.988500919213149487e+01 -8.234036768398390622e-04 0.000000000000000000e+00
2.993496485179967692e+01 -3.042086940602850868e-04 0.000000000000000000e+00
2.998492561128389156e+01 -1.528057563584542733e-04 0.000000000000000000e+00
3.003499817560929586e+01 -1.429004117829495071e-03 0.000000000000000000e+00
3.008502556456793897e+01 -1.050493064476343968e-03 0.000000000000000000e+00
3.013494008816754999e+01 -1.723572058284720777e-06 0.000000000000000000e+00
3.018492673547769911e+01 8.235667102598114367e-04 0.000000000000000000e+00
3.023500315153119189e+01 -5.268232826599931161e-04 0.000000000000000000e+00
3.028498131448523623e+01 -9.631923771710707732e-05 0.000000000000000000e+00
3.033495417861680465e+01 -1.052599628818142721e-03 0.000000000000000000e+00
3.038498345260273936e+01 1.729940520493878156e-03 0.000000000000000000e+00
3.043498939861261121e+01 2.086371994365207529e-04 0.000000000000000000e+00
3.048502194613474714e+01 2.183521059590418870e-03 0.000000000000000000e+00
3.053502301362196647e+01 1.365593137229988239e-03 0.000000000000000000e+00
3.058495949956653348e+01 1.012984650617844949e-03 0.000000000000000000e+00
3.063489983455229648e+01 7.152538717087971636e-04 0.000000000000000000e+00
3.068497696715034095e+01 2.571951833483520646e-04 0.000000000000000000e+00
3.073509074860540480e+01 -3.463678837316118767e-03 0.000000000000000000e+00
3.078509960315929206e+01 -1.589430911145754731e-03 0.000000000000000000e+00
3.083509925779301497e+01 4.313631352193867232e-04 0.000000000000000000e+00
3.088502185481159401e+01 -2.323283971126216541e-03 0.000000000000000000e+00
3.093497026923844118e+01 9.241966229632257563e-06 0.000000000000000000e+00
3.098500837521540419e+01 -9.051449292705401623e-04 0.000000000000000000e+00
3.103503142039876295e+01 4.690940084493642331e-04 0.000000000000000000e+00
3.108506759362598970e+01 6.173493420026012618e-04 0.000000000000000000e+00
3.113503374503685350e+01 1.534438898337018220e-03 0.000000000000000000e+00
3.118500365593765977e+01 3.663346935681580444e-04 0.000000000000000000e+00
3.123500974421094156e+01 2.261415854380901657e-03 0.000000000000000000e+00
3.128501507026141226e+01 -4.123002216615137897e-04 0.000000000000000000e+00
3.133507249490528324e+01 -7.868815727694200178e-04 0.000000000000000000e+00
3.138502440591334519e+01 2.129376068539111985e-03 0.000000000000000000e+00
3.143504823904290646e+01 1.643836222358099029e-03 0.000000000000000000e+00
3.148510614177524758e+01 -5.871037948542621142e-04 0.000000000000000000e+00
3.153501675197719933e+01 -1.153787746258012068e-03 0.000000000000000000e+00
3.158501348571202527e+01 1.020668071263171979e-03 0.000000000000000000e+00
3.163508986356812969e+01 -6.253625115922437951e-04 0.000000000000000000e+00
3.168511752018606131e+01 -9.093267464410483090e-04 0.000000000000000000e+00
3.173514170463571205e+01 -2.353054451305905664e-03 0.000000000000000000e+00
3.178509011011270502e+01 -3.279537482492475564e-03 0.000000000000000000e+00
3.183500843705502703e+01 1.551105032212317988e-03 0.000000000000000000e+00
3.188501666940159751e+01 3.084183529717090394e-03 0.000000000000000000e+00
3.193503202990384793e+01 2.447203818060703171e-03 0.000000000000000000e+00
3.198506613067839410e+01 -1.914919662073887691e-04 0.000000000000000000e+00
3.203505890021113345e+01 -3.323717123610157170e-03 0.000000000000000000e+00
3.208493732419461963e+01 -9.092641359296540484e-04 0.000000000000000000e+00
3.213495366395236630e+01 8.041537973767412919e-04 0.000000000000000000e+00
