8.899641323548096450e-02 4.738575420673077133e+03 0.000000000000000000e+00
1.448080953624513445e-01 1.256293402777777601e+03 0.000000000000000000e+00
1.950822866625256113e-01 -5.483192274305555429e+02 0.000000000000000000e+00
2.418344986082902603e-01 -1.634790403451492580e+01 0.000000000000000000e+00
2.844150324662526597e-01 -1.481812934027777828e+02 0.000000000000000000e+00
3.311492092627331685e-01 2.454594249295112718e+01 0.000000000000000000e+00
3.854527006682739732e-01 -7.297565616973458624e+00 0.000000000000000000e+00
4.379760757023590800e-01 1.498538141375545685e+01 0.000000000000000000e+00
4.845354905265206735e-01 2.341761697748655990e+01 0.000000000000000000e+00
5.331869425000370644e-01 3.628146114864865268e+00 0.000000000000000000e+00
5.864416905016403003e-01 -1.504628693728436772e+00 0.000000000000000000e+00
6.393143479449987510e-01 -2.657623925596644732e+00 0.000000000000000000e+00
6.875509482501400704e-01 -1.349835980662983381e+00 0.000000000000000000e+00
7.360532472319636366e-01 -1.517107158687943380e-01 0.000000000000000000e+00
7.867697342078286971e-01 7.519716942994076891e-01 0.000000000000000000e+00
8.376194660778666368e-01 4.651819847783389861e+00 0.000000000000000000e+00
8.876896880604894235e-01 3.977086720732868397e+00 0.000000000000000000e+00
9.363402658038668669e-01 4.344785375087535151e+00 0.000000000000000000e+00
9.849243849049101884e-01 -1.822540358679410666e+00 0.000000000000000000e+00
1.033922473950819487e+00 1.178740345348011420e+00 0.000000000000000000e+00
1.083968788523273830e+00 -8.524913800448198353e-01 0.000000000000000000e+00
1.133915541218776246e+00 -5.463726972643896396e+00 0.000000000000000000e+00
1.183819436428001248e+00 -2.513716943012697769e+00 0.000000000000000000e+00
1.235159589274556602e+00 -1.073138099390397171e+00 0.000000000000000000e+00
1.285686788879907949e+00 1.612075570913461542e+00 0.000000000000000000e+00
1.335577748586906033e+00 4.959365160688526397e-01 0.000000000000000000e+00
1.385007992768898966e+00 1.118247187302963352e+00 0.000000000000000000e+00
1.434761006508366910e+00 -3.669101371199244288e-01 0.000000000000000000e+00
1.483809371322070803e+00 2.161117046793346319e-01 0.000000000000000000e+00
1.534060792161507925e+00 -2.870903137953758621e-01 0.000000000000000000e+00
1.585002278264664888e+00 1.078252585653633355e+00 0.000000000000000000e+00
1.635527410472897403e+00 4.982651613084532194e-01 0.000000000000000000e+00
1.685676391865528423e+00 4.371544964946458278e-01 0.000000000000000000e+00
1.734789433360194755e+00 -1.872019447166489367e-02 0.000000000000000000e+00
1.784875565396764951e+00 -6.092283722237519239e-01 0.000000000000000000e+00
1.835586570008190588e+00 4.410761367956981260e-01 0.000000000000000000e+00
1.885448157908552691e+00 5.099769376765537210e-01 0.000000000000000000e+00
1.935207439362316428e+00 -3.132139976138921256e-01 0.000000000000000000e+00
1.985052992803765015e+00 5.267504843307544427e-01 0.000000000000000000e+00
2.035079590713408937e+00 4.913551835738539930e-01 0.000000000000000000e+00
2.085261259228671005e+00 -3.901829156459606790e-02 0.000000000000000000e+00
2.135521812674741060e+00 -3.327974311327792090e-01 0.000000000000000000e+00
2.185539865877868859e+00 -8.270715366855807549e-02 0.000000000000000000e+00
2.234928417494250752e+00 2.507254847368970974e-01 0.000000000000000000e+00
2.285020483940173541e+00 1.910587881250468689e-01 0.000000000000000000e+00
2.335227126917563290e+00 -5.256295090086722521e-02 0.000000000000000000e+00
2.385597458206195398e+00 7.570181008880702556e-02 0.000000000000000000e+00
2.435604585857625182e+00 4.755750944839685218e-02 0.000000000000000000e+00
2.485423401501763330e+00 2.356867517570679707e-02 0.000000000000000000e+00
2.535218303430096576e+00 -2.089623351602384604e-01 0.000000000000000000e+00
2.585301717955153844e+00 -7.650300973174263552e-02 0.000000000000000000e+00
2.635310621692829258e+00 2.434752027437261657e-01 0.000000000000000000e+00
2.684883533713459336e+00 7.750380398318545971e-02 0.000000000000000000e+00
2.734760511342632316e+00 3.638032962031613471e-02 0.000000000000000000e+00
2.784962555331770062e+00 -1.554838810553769435e-01 0.000000000000000000e+00
2.835387565949985422e+00 3.830162162100429063e-02 0.000000000000000000e+00
2.885384254562536110e+00 -1.622799761902622151e-01 0.000000000000000000e+00
2.935452697317705084e+00 -1.378849623641672031e-02 0.000000000000000000e+00
2.985584946861008060e+00 -6.128414872289768278e-02 0.000000000000000000e+00
3.035281973877222761e+00 1.134146818123005218e-01 0.000000000000000000e+00
3.084822103129104764e+00 8.020106335435864264e-02 0.000000000000000000e+00
3.135015350087773989e+00 -1.719093800454831733e-01 0.000000000000000000e+00
3.185847982026314362e+00 3.057661101045254792e-01 0.000000000000000000e+00
3.235464408484991061e+00 9.751505647513675212e-02 0.000000000000000000e+00
3.285149658618915502e+00 -5.887942837845919208e-02 0.000000000000000000e+00
3.335370615645364634e+00 -9.363583220290727649e-02 0.000000000000000000e+00
3.385209898508314996e+00 -1.537129281514702794e-01 0.000000000000000000e+00
3.434934112077638879e+00 -6.733685127167936268e-02 0.000000000000000000e+00
3.484151880424383396e+00 -4.254604624504296218e-02 0.000000000000000000e+00
3.534737654629889203e+00 -2.310992337142769582e-01 0.000000000000000000e+00
3.585624261789238432e+00 4.819436872649227044e-02 0.000000000000000000e+00
3.635262333854326844e+00 1.149003581858003276e-01 0.000000000000000000e+00
3.685039256951247122e+00 1.247614632471380075e-01 0.000000000000000000e+00
3.735233298459508244e+00 -9.581727989128511688e-03 0.000000000000000000e+00
3.785147580586893934e+00 -1.067166076934342317e-01 0.000000000000000000e+00
3.835695018070195861e+00 6.823360906862745157e-02 0.000000000000000000e+00
3.885539873192506377e+00 -4.406263530399246592e-02 0.000000000000000000e+00
3.934696648644303352e+00 -5.537209319250548795e-02 0.000000000000000000e+00
3.985162965584265304e+00 5.042856221071414504e-04 0.000000000000000000e+00
4.035471487646510091e+00 -8.369089839725507574e-02 0.000000000000000000e+00
4.085372705036187213e+00 1.305998644695501552e-02 0.000000000000000000e+00
4.135141121895999028e+00 -3.387501217099868692e-03 0.000000000000000000e+00
4.184482326706712385e+00 -9.893884260090388127e-02 0.000000000000000000e+00
4.234523823648805418e+00 1.343361907332274799e-02 0.000000000000000000e+00
4.284609124085813292e+00 4.826833504262536406e-02 0.000000000000000000e+00
4.334887301479964705e+00 2.723198769063363278e-02 0.000000000000000000e+00
4.385302499000811594e+00 2.102370185303004818e-02 0.000000000000000000e+00
4.435186196473425824e+00 -3.029008568924409020e-02 0.000000000000000000e+00
4.485197364325797409e+00 -2.464824346325341156e-02 0.000000000000000000e+00
4.535537527983671602e+00 -5.592832771627028604e-02 0.000000000000000000e+00
4.585513271404134450e+00 2.822456216328246559e-02 0.000000000000000000e+00
4.634965284950676612e+00 7.858090641437011359e-02 0.000000000000000000e+00
4.684823536717123815e+00 -1.074452818137438571e-02 0.000000000000000000e+00
4.735220518702936587e+00 3.083651067237716883e-02 0.000000000000000000e+00
4.785263605082985983e+00 1.935457162974752593e-02 0.000000000000000000e+00
4.835259232697663556e+00 7.531335267146388457e-02 0.000000000000000000e+00
4.885376870001424621e+00 2.762188970755929604e-02 0.000000000000000000e+00
4.935301902824286380e+00 -2.166013430229150188e-02 0.000000000000000000e+00
4.985473083840958886e+00 -7.852296664353687616e-02 0.000000000000000000e+00
5.035412558343983491e+00 -7.393553374546635304e-02 0.000000000000000000e+00
5.085460294222076350e+00 -5.411547400150287096e-02 0.000000000000000000e+00
5.135289803448600310e+00 -3.139252205754190415e-04 0.000000000000000000e+00
5.185032520573041204e+00 1.513085437796966512e-02 0.000000000000000000e+00
5.234850251783559116e+00 -1.952826780883329394e-02 0.000000000000000000e+00
5.284974752151396338e+00 2.096212367304577887e-03 0.000000000000000000e+00
5.335255304675732724e+00 -6.661891514935246172e-02 0.000000000000000000e+00
5.385226941869014183e+00 -7.250100435960565859e-02 0.000000000000000000e+00
5.435093414465236528e+00 4.539841279349854375e-02 0.000000000000000000e+00
5.485028900036975408e+00 1.049590778568546684e-01 0.000000000000000000e+00
5.535369898797608990e+00 7.409111481321985215e-02 0.000000000000000000e+00
5.585317464617740590e+00 4.737745671173081846e-02 0.000000000000000000e+00
5.634959412056486094e+00 -4.861572635140373744e-02 0.000000000000000000e+00
5.685029758810561162e+00 -1.159362420893913018e-02 0.000000000000000000e+00
5.734808126101578196e+00 -3.958590694612581368e-02 0.000000000000000000e+00
5.785204671217075933e+00 -3.020101404421798863e-02 0.000000000000000000e+00
5.835595383591638097e+00 9.099144534261336542e-03 0.000000000000000000e+00
5.885099705458816111e+00 -1.801386444932674344e-02 0.000000000000000000e+00
5.934848410668140950e+00 -7.939429808137523498e-03 0.000000000000000000e+00
5.985196547442282800e+00 3.439517709192606298e-02 0.000000000000000000e+00
6.035486174940983162e+00 -6.201774554416552773e-04 0.000000000000000000e+00
6.085325279241985186e+00 -6.180908543993663198e-03 0.000000000000000000e+00
6.135085486579567871e+00 3.043804618333754292e-02 0.000000000000000000e+00
6.184888436502457232e+00 1.729049296942979791e-02 0.000000000000000000e+00
6.235029371165762058e+00 1.152653790929142157e-02 0.000000000000000000e+00
6.285013590301256947e+00 9.690593147813075098e-03 0.000000000000000000e+00
6.334991409707096288e+00 9.877029413296002300e-03 0.000000000000000000e+00
6.385041519748988925e+00 -6.208650355164137269e-03 0.000000000000000000e+00
6.434975721315313812e+00 2.625075527119526131e-02 0.000000000000000000e+00
6.485280363044087615e+00 3.672798166251419003e-03 0.000000000000000000e+00
6.535416874783217978e+00 1.392393891035840353e-02 0.000000000000000000e+00
6.585380878873609234e+00 -2.377304128301395338e-03 0.000000000000000000e+00
6.635104421514804507e+00 -1.082200791607050225e-02 0.000000000000000000e+00
6.684781936645507905e+00 -1.642698847958057448e-03 0.000000000000000000e+00
6.735145019191668858e+00 2.183634464573740164e-02 0.000000000000000000e+00
6.785484310639345651e+00 1.631485445790013117e-02 0.000000000000000000e+00
6.835069983673240479e+00 1.542943681295793831e-02 0.000000000000000000e+00
6.884859417295578154e+00 -1.326014798816418754e-02 0.000000000000000000e+00
6.935355612194037178e+00 -4.454161768647377229e-02 0.000000000000000000e+00
6.985394515797676895e+00 -1.473520525864885876e-02 0.000000000000000000e+00
7.034922173494991604e+00 1.180770770725284025e-02 0.000000000000000000e+00
7.084541644025414087e+00 -2.879804413105970656e-02 0.000000000000000000e+00
7.134492388478031799e+00 -3.592096992869751176e-02 0.000000000000000000e+00
7.184836085760269775e+00 -1.122727707359956646e-02 0.000000000000000000e+00
7.235281431471350722e+00 -6.298500832246164971e-02 0.000000000000000000e+00
7.285158542839955231e+00 -2.458895118616952636e-03 0.000000000000000000e+00
7.334994866462388963e+00 9.952288287987373638e-03 0.000000000000000000e+00
7.385036014789000625e+00 -3.521599053015190151e-03 0.000000000000000000e+00
7.435042277965444590e+00 -2.593846624419835628e-03 0.000000000000000000e+00
7.485223592156194705e+00 3.408657406415579842e-03 0.000000000000000000e+00
7.535266472986156039e+00 -2.658179523206999351e-02 0.000000000000000000e+00
7.585148990618067799e+00 5.144271841162666170e-03 0.000000000000000000e+00
7.635267236183615580e+00 -3.154883628165836007e-03 0.000000000000000000e+00
7.685330414506132080e+00 1.731665622619898287e-02 0.000000000000000000e+00
7.735344685230187700e+00 5.171099398797975727e-03 0.000000000000000000e+00
7.785330483772995969e+00 -2.762928517449848853e-02 0.000000000000000000e+00
7.834761832474934629e+00 8.086748670419509344e-03 0.000000000000000000e+00
7.884484420735616617e+00 -7.625867788378064803e-03 0.000000000000000000e+00
7.934886275689092550e+00 1.255047957621726815e-02 0.000000000000000000e+00
7.985027633925892765e+00 7.195924584960026842e-03 0.000000000000000000e+00
8.034964647769141877e+00 -2.107682856510050690e-02 0.000000000000000000e+00
8.085037081011565263e+00 1.277924402421201644e-02 0.000000000000000000e+00
8.135210740574738253e+00 7.644105234745699438e-03 0.000000000000000000e+00
8.185171412298620552e+00 -1.685402903483221651e-02 0.000000000000000000e+00
8.234851685324960258e+00 1.975308554175221609e-02 0.000000000000000000e+00
8.284952683584384303e+00 6.638970380885349416e-03 0.000000000000000000e+00
8.335101055446942908e+00 1.822801737769344510e-02 0.000000000000000000e+00
8.385121635699965381e+00 -5.519623481145936872e-03 0.000000000000000000e+00
8.435202770999854494e+00 2.127208775990497430e-02 0.000000000000000000e+00
8.485152015979231521e+00 -2.112250337226358795e-03 0.000000000000000000e+00
8.534970558995501833e+00 -1.530506924899781383e-03 0.000000000000000000e+00
8.584943353041420977e+00 3.172860712920744231e-02 0.000000000000000000e+00
8.635099409501286516e+00 -1.980748930799567167e-02 0.000000000000000000e+00
8.685126877716973226e+00 2.468502342001318781e-02 0.000000000000000000e+00
8.735139517930596398e+00 -7.429123769398704620e-03 0.000000000000000000e+00
8.785167076524256657e+00 -1.079855764862284150e-02 0.000000000000000000e+00
8.834939158351296840e+00 -2.380750320380178170e-02 0.000000000000000000e+00
8.884964740422104157e+00 -1.200901376216261668e-02 0.000000000000000000e+00
8.935124000705533476e+00 -1.320754464429300251e-02 0.000000000000000000e+00
8.985127489085840580e+00 -2.378693539186871721e-04 0.000000000000000000e+00
9.035265046452737536e+00 2.559933769442896898e-02 0.000000000000000000e+00
9.085196565938222335e+00 5.820477897148624603e-03 0.000000000000000000e+00
9.134926709958008928e+00 4.038282935849032626e-03 0.000000000000000000e+00
9.185157474150241086e+00 1.695367391428988582e-02 0.000000000000000000e+00
9.235291320298310680e+00 -1.551834514814114628e-02 0.000000000000000000e+00
9.285092122152331484e+00 1.351602557557493069e-02 0.000000000000000000e+00
9.334907817633720128e+00 3.737982516713506988e-03 0.000000000000000000e+00
9.384925913340945058e+00 -1.303487384848211680e-02 0.000000000000000000e+00
9.435005700254814442e+00 4.347254332574310154e-03 0.000000000000000000e+00
9.484846973764282652e+00 8.260820716775087516e-03 0.000000000000000000e+00
9.535053339925784854e+00 -6.974365743302364702e-03 0.000000000000000000e+00
9.585148484630341414e+00 7.603803811069589219e-03 0.000000000000000000e+00
9.635175604414920159e+00 -8.477488699304130265e-03 0.000000000000000000e+00
9.685272388073006056e+00 -2.531163172097749062e-02 0.000000000000000000e+00
9.735267651789188292e+00 -1.363939846238947269e-02 0.000000000000000000e+00
9.785106718646577662e+00 -1.203407339470724015e-02 0.000000000000000000e+00
9.835036654763204211e+00 -2.885576124882137123e-03 0.000000000000000000e+00
9.885080117034645397e+00 1.094301307635346665e-02 0.000000000000000000e+00
9.935053116209049406e+00 -3.020992076465529863e-02 0.000000000000000000e+00
9.985047954935728498e+00 1.892079181994781511e-03 0.000000000000000000e+00
1.003493641968782235e+01 3.999935411579741353e-04 0.000000000000000000e+00
1.008496760761574507e+01 1.830527230178659662e-02 0.000000000000000000e+00
1.013505517142033696e+01 -1.357670875314028087e-02 0.000000000000000000e+00
1.018499348439089580e+01 -1.318775421244217268e-02 0.000000000000000000e+00
1.023485181331652605e+01 -1.953100238725297144e-02 0.000000000000000000e+00
1.028490076264209918e+01 -1.139298467288397954e-02 0.000000000000000000e+00
1.033508016021523979e+01 6.206334455233588655e-03 0.000000000000000000e+00
1.038503814993866037e+01 4.731984345260261196e-03 0.000000000000000000e+00
1.043506092056377987e+01 -8.503149467048149932e-03 0.000000000000000000e+00
1.048500648683518222e+01 -5.447577865900024748e-03 0.000000000000000000e+00
1.053492467464587357e+01 -1.107729903845812870e-03 0.000000000000000000e+00
1.058493633210190055e+01 1.825357021225486537e-03 0.000000000000000000e+00
1.063496141493038571e+01 -7.542855889444844818e-04 0.000000000000000000e+00
1.068510956159988190e+01 -1.378964307102427574e-02 0.000000000000000000e+00
1.073519324482465542e+01 -4.393094215619167408e-05 0.000000000000000000e+00
1.078499374610442985e+01 -1.011067565462148258e-04 0.000000000000000000e+00
1.083498852684137681e+01 1.149499992174917405e-02 0.000000000000000000e+00
1.088532717033764108e+01 1.627790133591584245e-03 0.000000000000000000e+00
1.093533967140946928e+01 2.144839672181676760e-02 0.000000000000000000e+00
1.098516814213459369e+01 1.696518895086428225e-02 0.000000000000000000e+00
1.103487009664334018e+01 -5.981882849087001228e-03 0.000000000000000000e+00
1.108482779519205685e+01 -3.049384426676811539e-03 0.000000000000000000e+00
1.113497951311520850e+01 -6.670952298424046934e-04 0.000000000000000000e+00
1.118504655472112930e+01 -7.594406599884697198e-03 0.000000000000000000e+00
1.123510664327012165e+01 -9.092026456255506914e-03 0.000000000000000000e+00
1.128492672628014759e+01 1.573909701966779220e-02 0.000000000000000000e+00
1.133483676091637449e+01 2.313378818367266797e-03 0.000000000000000000e+00
1.138496869555097213e+01 -4.811279583660476623e-03 0.000000000000000000e+00
1.143488632814817052e+01 -2.849522388455869200e-03 0.000000000000000000e+00
1.148507158105109838e+01 -1.354857656067725430e-02 0.000000000000000000e+00
1.153512077344084652e+01 -5.283529881446515086e-03 0.000000000000000000e+00
1.158496874923152120e+01 -8.465105980696881888e-03 0.000000000000000000e+00
1.163503447483404862e+01 -5.836817563701202256e-03 0.000000000000000000e+00
1.168514574175370413e+01 5.816317873660078845e-04 0.000000000000000000e+00
1.173520144267176768e+01 -1.500301291207319435e-03 0.000000000000000000e+00
1.178499978579660024e+01 -2.085382176879390249e-03 0.000000000000000000e+00
1.183489361131316109e+01 -6.311056757973792890e-03 0.000000000000000000e+00
1.188508688648073353e+01 -1.270160511355725511e-02 0.000000000000000000e+00
1.193507368630230303e+01 -3.068292732511619853e-04 0.000000000000000000e+00
1.198501534283204073e+01 1.227571451248700299e-03 0.000000000000000000e+00
1.203499287021151787e+01 -1.351743574162449224e-02 0.000000000000000000e+00
1.208500207354710376e+01 1.575387414083203458e-02 0.000000000000000000e+00
1.213511755040241447e+01 3.549967205002366871e-03 0.000000000000000000e+00
1.218508185768859775e+01 1.661326938146449536e-02 0.000000000000000000e+00
1.223499578229461093e+01 5.849898032669069783e-03 0.000000000000000000e+00
1.228482496548857839e+01 -6.129455678970955647e-03 0.000000000000000000e+00
1.233472258167685354e+01 2.418019375229673272e-03 0.000000000000000000e+00
1.238495919658963373e+01 -7.439333631443690968e-03 0.000000000000000000e+00
1.243501623080759977e+01 -7.611667600803453775e-03 0.000000000000000000e+00
1.248498520461935968e+01 1.553941406111986057e-02 0.000000000000000000e+00
1.253491772764473389e+01 -1.069091152639357889e-02 0.000000000000000000e+00
1.258505667599542477e+01 7.834673262887359782e-03 0.000000000000000000e+00
1.263533194845266294e+01 -3.400804132450472358e-03 0.000000000000000000e+00
1.268509781067005449e+01 -2.022905009681290681e-02 0.000000000000000000e+00
1.273496424556897288e+01 -2.584607225081790496e-03 0.000000000000000000e+00
1.278509996901004975e+01 6.766504871606461927e-03 0.000000000000000000e+00
1.283513809744099454e+01 -9.043220563431849171e-03 0.000000000000000000e+00
1.288513662977390872e+01 -5.099781560889902511e-03 0.000000000000000000e+00
1.293516775797505858e+01 -1.233661515111634556e-02 0.000000000000000000e+00
1.298508564746807004e+01 -1.282132485068569749e-02 0.000000000000000000e+00
1.303485050444322191e+01 2.226602679525090112e-03 0.000000000000000000e+00
1.308477248822843464e+01 2.743638448829207373e-03 0.000000000000000000e+00
1.313495048384857000e+01 -6.632503677566526853e-03 0.000000000000000000e+00
1.318508214353928665e+01 -4.483305307050267086e-03 0.000000000000000000e+00
1.323498058186023130e+01 -9.045316310034679647e-03 0.000000000000000000e+00
1.328501693617584500e+01 8.145774884970220092e-03 0.000000000000000000e+00
1.333523870267546485e+01 5.129340575306369845e-03 0.000000000000000000e+00
1.338517858123485915e+01 -9.113857774589356796e-04 0.000000000000000000e+00
1.343509981213488302e+01 -1.500110233900197633e-03 0.000000000000000000e+00
1.348497851692220806e+01 -6.706401228907322640e-03 0.000000000000000000e+00
1.353502032703213587e+01 -5.541430230726274858e-03 0.000000000000000000e+00
1.358510348967521608e+01 4.975816480214913934e-03 0.000000000000000000e+00
1.363504968078970769e+01 1.486271753572007692e-03 0.000000000000000000e+00
1.368512606201380066e+01 9.940197761048740963e-03 0.000000000000000000e+00
1.373499467664954388e+01 -4.318446935236965219e-03 0.000000000000000000e+00
1.378492307579496234e+01 -4.911574565660782252e-03 0.000000000000000000e+00
1.383507424762243687e+01 7.530834367783578037e-03 0.000000000000000000e+00
1.388511084066553458e+01 1.072585006043952696e-02 0.000000000000000000e+00
1.393507568847607203e+01 1.729669221603677984e-03 0.000000000000000000e+00
1.398506445617934446e+01 6.714952191246366560e-03 0.000000000000000000e+00
1.403502933207308878e+01 1.538447497360465824e-03 0.000000000000000000e+00
1.408509116651932658e+01 3.284919559328045111e-03 0.000000000000000000e+00
1.413501876932126322e+01 -1.854999631698426394e-03 0.000000000000000000e+00
1.418492186532934873e+01 1.813200442311905473e-04 0.000000000000000000e+00
1.423490351986086466e+01 -4.729022483474556657e-03 0.000000000000000000e+00
1.428504941701871722e+01 -1.391264628228935148e-03 0.000000000000000000e+00
1.433512393770669036e+01 -4.050052982726815888e-03 0.000000000000000000e+00
1.438498778231173958e+01 -3.099771700535693987e-03 0.000000000000000000e+00
1.443505469180176348e+01 -2.169185816005265272e-04 0.000000000000000000e+00
1.448509396921661008e+01 2.949382196196323903e-03 0.000000000000000000e+00
1.453500725043747011e+01 4.773401341180514429e-03 0.000000000000000000e+00
1.458506203599850082e+01 -1.698343698587729926e-03 0.000000000000000000e+00
1.463510945522735618e+01 -1.446292800392227386e-03 0.000000000000000000e+00
1.468518338522024536e+01 7.636013774710681545e-03 0.000000000000000000e+00
1.473511674948366057e+01 -2.000066701008616603e-03 0.000000000000000000e+00
1.478499469255191379e+01 1.347262972664481362e-02 0.000000000000000000e+00
1.483519165114115879e+01 1.368362046236802285e-03 0.000000000000000000e+00
1.488517752652281168e+01 1.254637868881656668e-02 0.000000000000000000e+00
1.493491330480827983e+01 -2.144130876485572657e-03 0.000000000000000000e+00
1.498495676551141820e+01 -6.611389544025157022e-03 0.000000000000000000e+00
1.503511884068045923e+01 3.734312346774116415e-03 0.000000000000000000e+00
1.508508315088700869e+01 7.076785794173242293e-03 0.000000000000000000e+00
1.513503556379768966e+01 -3.164492066430881281e-03 0.000000000000000000e+00
1.518499676732287540e+01 -6.181815500833135607e-03 0.000000000000000000e+00
1.523508436290063095e+01 -2.555178252489529248e-03 0.000000000000000000e+00
1.528522781999686053e+01 2.927243148151316681e-03 0.000000000000000000e+00
1.533502167931889559e+01 7.768199139287166319e-05 0.000000000000000000e+00
1.538498481261066075e+01 6.438442743203521244e-03 0.000000000000000000e+00
1.543513611943905417e+01 -2.885809524736104859e-03 0.000000000000000000e+00
1.548505834224075706e+01 1.934973584304649141e-03 0.000000000000000000e+00
1.553504763409418921e+01 2.159832598341742023e-03 0.000000000000000000e+00
1.558510724608531106e+01 4.996744897252748674e-03 0.000000000000000000e+00
1.563520755254619132e+01 -6.265556733395306107e-04 0.000000000000000000e+00
1.568514954075441636e+01 -2.377473626977064190e-03 0.000000000000000000e+00
1.573497001906558346e+01 -7.183554946192052641e-03 0.000000000000000000e+00
1.578501951482137855e+01 2.521609823500801147e-03 0.000000000000000000e+00
1.583505996699327234e+01 -6.237867391281158753e-03 0.000000000000000000e+00
1.588504732433563937e+01 -1.466990003994296477e-03 0.000000000000000000e+00
1.593492601146461141e+01 4.273210807341887296e-03 0.000000000000000000e+00
1.598497954552474276e+01 3.776009750615749554e-03 0.000000000000000000e+00
1.603519544557364185e+01 -5.787850744736290631e-03 0.000000000000000000e+00
1.608505934770346002e+01 1.380438985119981357e-03 0.000000000000000000e+00
1.613492369455208220e+01 2.351881305743702601e-03 0.000000000000000000e+00
1.618487545351322154e+01 4.332399689031834859e-03 0.000000000000000000e+00
1.623491462415037034e+01 7.078357984957099787e-03 0.000000000000000000e+00
1.628502566686339392e+01 2.752895925625820344e-03 0.000000000000000000e+00
1.633514483849683430e+01 5.518465562153432487e-03 0.000000000000000000e+00
1.638505554887958837e+01 3.174068852263532258e-03 0.000000000000000000e+00
1.643503370695393073e+01 -9.042481522830122295e-04 0.000000000000000000e+00
1.648511919866944808e+01 9.156721275795550938e-03 0.000000000000000000e+00
1.653520949175244326e+01 1.888183280198491671e-03 0.000000000000000000e+00
1.658506906510178069e+01 2.383285102747162247e-04 0.000000000000000000e+00
1.663488141241765206e+01 -1.242266173806737240e-04 0.000000000000000000e+00
1.668486705482716204e+01 -8.874532716249126929e-03 0.000000000000000000e+00
1.673492103191636104e+01 -1.529168690649371264e-03 0.000000000000000000e+00
1.678500937030894846e+01 5.170249777166289681e-03 0.000000000000000000e+00
1.683496483388560350e+01 -7.800509639420727045e-03 0.000000000000000000e+00
1.688490029853898733e+01 -2.593446535074061567e-03 0.000000000000000000e+00
1.693486900501934400e+01 -1.457640256435089590e-03 0.000000000000000000e+00
1.698500806291582776e+01 7.370648881953385150e-04 0.000000000000000000e+00
1.703516048416506479e+01 2.553104728163209033e-03 0.000000000000000000e+00
1.708509007434781068e+01 8.006982884038514429e-04 0.000000000000000000e+00
1.713498442939637201e+01 -1.056185182304215627e-03 0.000000000000000000e+00
1.718492428173238196e+01 -4.877756135990852712e-03 0.000000000000000000e+00
1.723486141856428233e+01 -3.172068693407116124e-03 0.000000000000000000e+00
1.728495617542862206e+01 -1.362903100037079476e-03 0.000000000000000000e+00
1.733506984443393506e+01 1.508225791788158287e-04 0.000000000000000000e+00
1.738497568670722160e+01 4.349933986521488036e-03 0.000000000000000000e+00
1.743490614939463157e+01 1.086590653842792967e-03 0.000000000000000000e+00
1.748496913497200467e+01 -1.146236117199616461e-03 0.000000000000000000e+00
1.753507445822357624e+01 -2.915605792195669673e-03 0.000000000000000000e+00
1.758513482966695562e+01 3.023440123175328079e-03 0.000000000000000000e+00
1.763511755933055269e+01 3.331463239020859639e-04 0.000000000000000000e+00
1.768508466776422239e+01 3.942294859991914754e-04 0.000000000000000000e+00
1.773505073952180311e+01 1.383802354334438258e-03 0.000000000000000000e+00
1.778508782630178686e+01 9.701329175863548406e-04 0.000000000000000000e+00
1.783504284633070824e+01 -4.210351639834533644e-03 0.000000000000000000e+00
1.788499742965798589e+01 -4.487917565286067209e-03 0.000000000000000000e+00
1.793498972719416429e+01 6.717912348757387915e-04 0.000000000000000000e+00
1.798499848428144787e+01 4.632781887069098610e-03 0.000000000000000000e+00
1.803510953377203663e+01 3.205559430584184379e-03 0.000000000000000000e+00
1.808516677532512062e+01 -2.814639368399828728e-03 0.000000000000000000e+00
1.813507550829074688e+01 -2.210252278446088459e-03 0.000000000000000000e+00
1.818496845642778936e+01 -1.923705009504971626e-03 0.000000000000000000e+00
1.823497139660265276e+01 -1.911282314027854109e-03 0.000000000000000000e+00
1.828507879191377228e+01 2.002110942945725062e-03 0.000000000000000000e+00
1.833510418824468857e+01 -9.102182002262741104e-04 0.000000000000000000e+00
1.838506948334563873e+01 2.096290025865801907e-03 0.000000000000000000e+00
1.843507536407004466e+01 2.920119097096367938e-03 0.000000000000000000e+00
1.848504942076525737e+01 -1.692225876295354748e-03 0.000000000000000000e+00
1.853507441616272544e+01 -3.428903636464732119e-03 0.000000000000000000e+00
1.858511879045116899e+01 -1.469758244048265854e-04 0.000000000000000000e+00
1.863495525648787421e+01 1.287744944898098481e-05 0.000000000000000000e+00
1.868488130392274016e+01 -2.061016886459066675e-04 0.000000000000000000e+00
1.873504875184114482e+01 1.222508484403962443e-03 0.000000000000000000e+00
1.878514388429111648e+01 7.977878398853929798e-03 0.000000000000000000e+00
1.883511007463363995e+01 -1.778938602375964954e-03 0.000000000000000000e+00
1.888497244834255895e+01 5.321096635921452201e-04 0.000000000000000000e+00
1.893485641817745346e+01 -2.297336080976997326e-03 0.000000000000000000e+00
1.898490619453832551e+01 -3.655398479323517858e-04 0.000000000000000000e+00
1.903488786107232045e+01 2.520180801244697663e-03 0.000000000000000000e+00
1.908487881142723097e+01 2.543585262736167141e-03 0.000000000000000000e+00
1.913492348207432414e+01 1.615835529672025568e-03 0.000000000000000000e+00
1.918501168728120021e+01 -5.207683384507888914e-04 0.000000000000000000e+00
1.923514124826581906e+01 1.169068639415208385e-03 0.000000000000000000e+00
1.928506748334755017e+01 1.300647320038581835e-03 0.000000000000000000e+00
1.933495430610808086e+01 -7.064208414004837129e-03 0.000000000000000000e+00
1.938494634755015866e+01 -2.494332614138009691e-03 0.000000000000000000e+00
1.943493914899500297e+01 -2.344661549160942902e-04 0.000000000000000000e+00
1.948497893127760250e+01 3.510964537722284333e-03 0.000000000000000000e+00
1.953503482368078537e+01 -3.828637867094641933e-03 0.000000000000000000e+00
1.958498207675637559e+01 -1.013422304048541242e-04 0.000000000000000000e+00
1.963504343592175871e+01 1.214115855399777255e-03 0.000000000000000000e+00
1.968503863116305297e+01 3.204354250819572546e-03 0.000000000000000000e+00
1.973506536610938156e+01 9.065260532055008239e-04 0.000000000000000000e+00
1.978512121103143784e+01 -6.704440908542470519e-04 0.000000000000000000e+00
1.983496687045177964e+01 1.045128763501408349e-03 0.000000000000000000e+00
1.988498280723141320e+01 -1.718642615045857169e-03 0.000000000000000000e+00
1.993508900434436626e+01 1.955000207996148874e-04 0.000000000000000000e+00
1.998508408833317418e+01 -2.587172792806212494e-04 0.000000000000000000e+00
2.003507324128244704e+01 7.913845628064659389e-05 0.000000000000000000e+00
2.008505399653831702e+01 1.027092838490403369e-04 0.000000000000000000e+00
2.013499669309325313e+01 2.025091353574238594e-03 0.000000000000000000e+00
2.018502569446345518e+01 2.299664656493746826e-03 0.000000000000000000e+00
2.023503536485620202e+01 -3.803670844207385736e-03 0.000000000000000000e+00
2.028511407188591065e+01 -3.172810551780990123e-03 0.000000000000000000e+00
2.033506684544470744e+01 2.043628594953662315e-03 0.000000000000000000e+00
2.038493053717687786e+01 2.764982563984079086e-03 0.000000000000000000e+00
2.043503656635626342e+01 3.110652496572556720e-03 0.000000000000000000e+00
2.048515681613748640e+01 -3.800672862283877712e-03 0.000000000000000000e+00
2.053512184950790243e+01 -4.383097125057993336e-03 0.000000000000000000e+00
2.058506579015766036e+01 3.628854801740587482e-03 0.000000000000000000e+00
2.063503949539584070e+01 -9.430970060718127032e-04 0.000000000000000000e+00
2.068496726901411620e+01 -2.226508086606342630e-03 0.000000000000000000e+00
2.073499283942112825e+01 9.130452239136770121e-04 0.000000000000000000e+00
2.078510852351926275e+01 -1.739537057978379243e-03 0.000000000000000000e+00
2.083507144762231178e+01 1.992405763862070429e-03 0.000000000000000000e+00
2.088503448202894930e+01 4.269005071276137965e-03 0.000000000000000000e+00
2.093502569401122670e+01 -1.061068102442156618e-03 0.000000000000000000e+00
2.098501092220254804e+01 -3.419862915493373894e-03 0.000000000000000000e+00
2.103489933635630749e+01 -1.382718976677311086e-03 0.000000000000000000e+00
2.108484379460264790e+01 -4.724810447634297979e-03 0.000000000000000000e+00
2.113497050350854778e+01 -1.838067765182246210e-03 0.000000000000000000e+00
2.118501489664703996e+01 -3.500289824574184284e-03 0.000000000000000000e+00
2.123500322597652001e+01 1.626775761879372534e-03 0.000000000000000000e+00
2.128496140673073000e+01 -4.098841247587839865e-05 0.000000000000000000e+00
2.133497759989855780e+01 -1.144062116204794862e-03 0.000000000000000000e+00
2.138501427804164834e+01 5.792876942484804798e-04 0.000000000000000000e+00
2.143512307678850348e+01 4.413222440845932307e-03 0.000000000000000000e+00
2.148520101455627085e+01 4.942776156189685605e-04 0.000000000000000000e+00
2.153506198237843705e+01 9.314020674155802908e-04 0.000000000000000000e+00
2.158501725909731306e+01 -4.430999617176387823e-03 0.000000000000000000e+00
2.163513192522731643e+01 1.496265641408141538e-03 0.000000000000000000e+00
2.168511393406111054e+01 5.185103672222109508e-03 0.000000000000000000e+00
2.173504372356545389e+01 1.247293446338089114e-03 0.000000000000000000e+00
2.178497281075374303e+01 -1.996935853513747122e-03 0.000000000000000000e+00
2.183494731131466438e+01 1.682674370777076031e-03 0.000000000000000000e+00
2.188500823254057082e+01 -3.459216322652816991e-03 0.000000000000000000e+00
2.193509886117685070e+01 2.069462699512593514e-04 0.000000000000000000e+00
2.198516119020909798e+01 4.347629202780658113e-06 0.000000000000000000e+00
2.203505025422927233e+01 2.475467216560422231e-03 0.000000000000000000e+00
2.208496894321325854e+01 -1.452132364409363221e-04 0.000000000000000000e+00
2.213503419908408887e+01 -6.440838991558686666e-03 0.000000000000000000e+00
2.218516000856649484e+01 -6.407488521404644316e-04 0.000000000000000000e+00
2.223516154100823528e+01 -2.266064495374372524e-03 0.000000000000000000e+00
2.228504923601680332e+01 -1.251332435147348892e-03 0.000000000000000000e+00
2.233504290137151926e+01 7.275905053123019484e-04 0.000000000000000000e+00
2.238504178238817488e+01 -3.723278568019367657e-03 0.000000000000000000e+00
2.243506292974217686e+01 6.231869896826389751e-04 0.000000000000000000e+00
2.248498010803980307e+01 2.466262563426723561e-03 0.000000000000000000e+00
2.253497408768199151e+01 1.340218687103581071e-03 0.000000000000000000e+00
2.258504576314178891e+01 -5.248988313917198230e-03 0.000000000000000000e+00
2.263501755529657089e+01 -1.323527419003273011e-04 0.000000000000000000e+00
2.268497133650677711e+01 -6.957154815631928215e-04 0.000000000000000000e+00
2.273496946975517119e+01 1.729939347715205153e-03 0.000000000000000000e+00
2.278495606365159531e+01 6.286347590066752693e-03 0.000000000000000000e+00
2.283504517344439222e+01 3.967820040359802680e-03 0.000000000000000000e+00
2.288515384815983467e+01 1.987653510814070545e-03 0.000000000000000000e+00
2.293513970257658485e+01 -2.808108752082319405e-04 0.000000000000000000e+00
2.298499895949208849e+01 -9.114724186631782124e-04 0.000000000000000000e+00
2.303494368627049482e+01 -5.736521276335773342e-03 0.000000000000000000e+00
2.308506613449876355e+01 -3.560515556946904601e-03 0.000000000000000000e+00
2.313508392148495574e+01 -1.205849491996751222e-03 0.000000000000000000e+00
2.318502453278797404e+01 4.544194485357362472e-03 0.000000000000000000e+00
2.323497485065410117e+01 -7.364427061839356765e-04 0.000000000000000000e+00
2.328497090944668102e+01 -1.711327200306199045e-03 0.000000000000000000e+00
2.333499385253491454e+01 1.351407039418566500e-03 0.000000000000000000e+00
2.338498727106783193e+01 1.783464726642821881e-03 0.000000000000000000e+00
2.343501191119998239e+01 2.315094417705718609e-04 0.000000000000000000e+00
2.348496544655622387e+01 -7.741940132299961674e-04 0.000000000000000000e+00
2.353495792677599496e+01 3.216991462868880368e-04 0.000000000000000000e+00
2.358500365650586872e+01 -1.085920464212048776e-03 0.000000000000000000e+00
2.363496159683297293e+01 7.896852495375037643e-04 0.000000000000000000e+00
2.368501138596607802e+01 1.757883893671210291e-04 0.000000000000000000e+00
2.373498470094738977e+01 1.511337274977041104e-03 0.000000000000000000e+00
2.378496214819288213e+01 -6.557172508425065938e-04 0.000000000000000000e+00
2.383497596387970674e+01 2.830944597896636016e-03 0.000000000000000000e+00
2.388498789192226113e+01 2.875844189322794651e-03 0.000000000000000000e+00
2.393503375318008253e+01 -1.693922314868975994e-03 0.000000000000000000e+00
2.398501935373159100e+01 -1.032769498472582009e-03 0.000000000000000000e+00
2.403496569110036774e+01 -9.553968969394086626e-04 0.000000000000000000e+00
2.408498673386322153e+01 2.968880487428127504e-03 0.000000000000000000e+00
2.413506042996912626e+01 -1.239048715295601802e-03 0.000000000000000000e+00
2.418502307876385871e+01 4.920725069096285043e-03 0.000000000000000000e+00
2.423492163595081550e+01 -3.698327777239168376e-03 0.000000000000000000e+00
2.428490428825202585e+01 -3.056193059098326510e-03 0.000000000000000000e+00
2.433496680196650530e+01 4.844299944379588246e-03 0.000000000000000000e+00
2.438512209170648148e+01 -2.586730209945878149e-03 0.000000000000000000e+00
2.443514839901259350e+01 2.038491240306329871e-03 0.000000000000000000e+00
2.448509052949892961e+01 8.323273289967168071e-04 0.000000000000000000e+00
2.453509143701500861e+01 -2.287192958001140614e-03 0.000000000000000000e+00
2.458502365090511788e+01 -3.642296722724337244e-04 0.000000000000000000e+00
2.463504153640463201e+01 -2.044241311069765893e-03 0.000000000000000000e+00
2.468508194249478649e+01 -1.432487151514903571e-03 0.000000000000000000e+00
2.473503958790242407e+01 -1.435052153056536007e-03 0.000000000000000000e+00
2.478500304505123708e+01 -5.491376531600417835e-04 0.000000000000000000e+00
2.483507100557675784e+01 -1.290023629729063551e-03 0.000000000000000000e+00
2.488511954357796441e+01 -7.048072233030431601e-04 0.000000000000000000e+00
2.493506250080584152e+01 1.071217352739326206e-03 0.000000000000000000e+00
2.498502129798272975e+01 1.429130537155907021e-03 0.000000000000000000e+00
2.503501437401748220e+01 -4.631585405691503957e-04 0.000000000000000000e+00
2.508506646650047855e+01 9.520841055612068709e-04 0.000000000000000000e+00
2.513508907173123674e+01 1.727133943505204357e-03 0.000000000000000000e+00
2.518507998159773820e+01 -2.396947579622810652e-03 0.000000000000000000e+00
2.523505185786540750e+01 -1.355549234379835365e-03 0.000000000000000000e+00
2.528493522995301390e+01 8.328471540458913351e-04 0.000000000000000000e+00
2.533497298671538545e+01 -1.300111505040571274e-03 0.000000000000000000e+00
2.538502983866438711e+01 1.016739198122406295e-03 0.000000000000000000e+00
2.543495840570060551e+01 -5.317317043598072642e-04 0.000000000000000000e+00
2.548490619549177083e+01 -3.551933309060881661e-03 0.000000000000000000e+00
2.553504240236605227e+01 -3.547986394414760335e-04 0.000000000000000000e+00
2.558513992818135208e+01 -8.314234092316288068e-04 0.000000000000000000e+00
2.563511225024596385e+01 3.194584279330414146e-03 0.000000000000000000e+00
2.568502585376510083e+01 1.774486458482795164e-03 0.000000000000000000e+00
2.573498204820310065e+01 -1.349481699213449541e-03 0.000000000000000000e+00
2.578500790559889566e+01 2.094736120858921649e-03 0.000000000000000000e+00
2.583497123978640531e+01 -1.697904456817092046e-03 0.000000000000000000e+00
2.588498768970100627e+01 5.380540953813828546e-04 0.000000000000000000e+00
2.593504047435509818e+01 -2.380873860405124086e-04 0.000000000000000000e+00
2.598492966214148936e+01 -1.041823572197990910e-03 0.000000000000000000e+00
2.603490575269462681e+01 -6.486487433999246679e-04 0.000000000000000000e+00
2.608498537799486172e+01 -3.651839881992778765e-03 0.000000000000000000e+00
2.613498443791063153e+01 3.141093589621099958e-03 0.000000000000000000e+00
2.618506832819802099e+01 9.145201895731015123e-04 0.000000000000000000e+00
2.623502416925955671e+01 -1.119305498275682126e-03 0.000000000000000000e+00
2.628500242861670344e+01 4.007578564500942331e-04 0.000000000000000000e+00
2.633505458811568190e+01 1.038265584765559564e-03 0.000000000000000000e+00
2.638505163208250437e+01 -1.092740611371748458e-05 0.000000000000000000e+00
2.643507388196501040e+01 2.634132245474729919e-03 0.000000000000000000e+00
2.648507376463455287e+01 -8.304346431016123393e-04 0.000000000000000000e+00
2.653501897948297028e+01 9.534584346856268128e-04 0.000000000000000000e+00
2.658500608304605706e+01 -2.136286663589309198e-04 0.000000000000000000e+00
2.663500634603502704e+01 -1.035588949386344977e-03 0.000000000000000000e+00
2.668499674593755699e+01 4.687384899412124482e-04 0.000000000000000000e+00
2.673507012876124023e+01 7.515109060595373406e-04 0.000000000000000000e+00
2.678510131184463461e+01 1.696030869889831021e-03 0.000000000000000000e+00
2.683506136577998191e+01 -1.875368021933986778e-04 0.000000000000000000e+00
2.688505297879097711e+01 -2.481662445408609231e-03 0.000000000000000000e+00
2.693504435016774679e+01 3.277037210013530009e-03 0.000000000000000000e+00
2.698504814319771228e+01 6.772606352070991093e-04 0.000000000000000000e+00
2.703494373337554890e+01 4.372328022279494200e-03 0.000000000000000000e+00
2.708497938352233092e+01 2.647703927736591925e-03 0.000000000000000000e+00
2.713508632778151508e+01 -8.604225033908467031e-04 0.000000000000000000e+00
2.718506074587872945e+01 1.160947957125048986e-03 0.000000000000000000e+00
2.723503231188058749e+01 1.488691249991341966e-03 0.000000000000000000e+00
2.728504324376617163e+01 8.300967968879927701e-04 0.000000000000000000e+00
2.733507363034057747e+01 5.759417790581363144e-04 0.000000000000000000e+00
2.738505164772542599e+01 3.279928410481800340e-04 0.000000000000000000e+00
2.743504695427340678e+01 3.244921464866070337e-04 0.000000000000000000e+00
2.748503541076832590e+01 5.157824609424797174e-04 0.000000000000000000e+00
2.753504854886516995e+01 3.218289258732990373e-03 0.000000000000000000e+00
2.758506909532711049e+01 7.987582108065334691e-04 0.000000000000000000e+00
2.763503959560177492e+01 1.523160638585690802e-03 0.000000000000000000e+00
2.768493112797089140e+01 -1.179329674994846920e-03 0.000000000000000000e+00
2.773486671198879705e+01 3.152345928507314628e-04 0.000000000000000000e+00
2.778493406100407626e+01 2.380194887602138029e-03 0.000000000000000000e+00
2.783494474738006019e+01 -1.809633851321527541e-03 0.000000000000000000e+00
2.788491097421039200e+01 -6.967051460907686513e-04 0.000000000000000000e+00
2.793491799818713872e+01 -1.616382715117004650e-04 0.000000000000000000e+00
2.798497835561302693e+01 -3.658974216448217156e-03 0.000000000000000000e+00
2.803500194300229609e+01 -3.110890534523849064e-03 0.000000000000000000e+00
2.808497359419805051e+01 7.076996938998629180e-04 0.000000000000000000e+00
2.813500712900244238e+01 1.048545970653953817e-03 0.000000000000000000e+00
2.818498298316923822e+01 1.406125299335993098e-03 0.000000000000000000e+00
2.823501278705563422e+01 -7.648232318907365854e-06 0.000000000000000000e+00
2.828508221076129558e+01 -1.113236216110178586e-04 0.000000000000000000e+00
2.833502532700387277e+01 -2.081844286916461305e-03 0.000000000000000000e+00
2.838497482624182666e+01 -1.674573038661479076e-04 0.000000000000000000e+00
2.843501034830992680e+01 8.613211379187674056e-04 0.000000000000000000e+00
2.848502647862418868e+01 2.489635543044527340e-03 0.000000000000000000e+00
2.853508393835680224e+01 2.076374201098239540e-04 0.000000000000000000e+00
2.858501657709735255e+01 -1.319443285266579677e-04 0.000000000000000000e+00
2.863498054340625742e+01 -3.478019667732950584e-04 0.000000000000000000e+00
2.868501636720259995e+01 4.459507334732581746e-04 0.000000000000000000e+00
2.873503316835737564e+01 1.860619956731132186e-04 0.000000000000000000e+00
2.878503498814174577e+01 -6.297016163726018101e-04 0.000000000000000000e+00
2.883499190836502279e+01 -1.109201969409468044e-03 0.000000000000000000e+00
2.888498631502357483e+01 4.039595973973691620e-04 0.000000000000000000e+00
2.893495000626588265e+01 7.054893841252791184e-04 0.000000000000000000e+00
2.898500036432614380e+01 -1.253990288571303104e-03 0.000000000000000000e+00
2.903509861546637438e+01 -6.125143652392121222e-04 0.000000000000000000e+00
2.908509207483089298e+01 1.148054639976447619e-03 0.000000000000000000e+00
2.913504495481950229e+01 1.620512061646678164e-03 0.000000000000000000e+00
2.918500836395550735e+01 -3.002030476019018501e-05 0.000000000000000000e+00
2.923495718662698550e+01 -1.316460719689947810e-03 0.000000000000000000e+00
2.928496207259495421e+01 3.145613535476837362e-04 0.000000000000000000e+00
2.933507426259881257e+01 -5.553769399606366727e-04 0.000000000000000000e+00
2.938508181516578688e+01 -2.451070803735165733e-03 0.000000000000000000e+00
2.943498225301185300e+01 8.226006544771166445e-04 0.000000000000000000e+00
2.948499858116320738e+01 1.248040077098713438e-03 0.000000000000000000e+00
2.953503956580185985e+01 -6.397872286570863804e-04 0.000000000000000000e+00
2.958499896666411288e+01 -2.116099172566729327e-03 0.000000000000000000e+00
2.963499333290878823e+01 3.066081246471803702e-04 0.000000000000000000e+00
2.968503373938486689e+01 -1.835862740624064906e-04 0.000000000000000000e+00
2.973501494685912405e+01 3.647870830688457362e-03 0.000000000000000000e+00
2.978501452515847703e+01 2.590324674353953940e-03 0.000000000000000000e+00
2.983502715796966243e+01 3.266979090546852393e-04 0.000000000000000000e+00
2.988500919213149487e+01 1.052838115586176215e-03 0.000000000000000000e+00
2.993496485179967692e+01 -3.872989980039311824e-04 0.000000000000000000e+00
2.998492561128389156e+01 -6.013391734990561560e-04 0.000000000000000000e+00
3.003499817560929586e+01 3.646699455824696122e-04 0.000000000000000000e+00
3.008502556456793897e+01 -1.553182171171132075e-04 0.000000000000000000e+00
3.013494008816754999e+01 6.237773963138484390e-04 0.000000000000000000e+00
3.018492673547769911e+01 -1.093742675155339383e-03 0.000000000000000000e+00
3.023500315153119189e+01 -1.695826501083822760e-03 0.000000000000000000e+00
3.028498131448523623e+01 5.884633063640137005e-04 0.000000000000000000e+00
3.033495417861680465e+01 1.487647162325588229e-03 0.000000000000000000e+00
3.038498345260273936e+01 -2.087413977988225328e-03 0.000000000000000000e+00
3.043498939861261121e+01 1.419878673661572341e-03 0.000000000000000000e+00
3.048502194613474714e+01 -1.673377764040877421e-03 0.000000000000000000e+00
3.053502301362196647e+01 -1.047519046786733353e-03 0.000000000000000000e+00
3.058495949956653348e+01 8.828782578748107243e-04 0.000000000000000000e+00
3.063489983455229648e+01 1.739943017241179926e-03 0.000000000000000000e+00
3.068497696715034095e+01 1.933810783829769861e-04 0.000000000000000000e+00
3.073509074860540480e+01 7.582605964995747447e-04 0.000000000000000000e+00
3.078509960315929206e+01 -2.316411616510448857e-04 0.000000000000000000e+00
3.083509925779301497e+01 8.530002862569676996e-04 0.000000000000000000e+00
3.088502185481159401e+01 4.100128316769975243e-04 0.000000000000000000e+00
3.093497026923844118e+01 -1.296521453368110113e-03 0.000000000000000000e+00
3.098500837521540419e+01 -1.186402862928032445e-03 0.000000000000000000e+00
3.103503142039876295e+01 2.033532042508894792e-04 0.000000000000000000e+00
3.108506759362598970e+01 7.263290678997967381e-04 0.000000000000000000e+00
3.113503374503685350e+01 -4.141685274556787663e-04 0.000000000000000000e+00
3.118500365593765977e+01 -2.417445887146352744e-03 0.000000000000000000e+00
3.123500974421094156e+01 -1.085328513460103849e-03 0.000000000000000000e+00
3.128501507026141226e+01 9.425787892238091494e-04 0.000000000000000000e+00
3.133507249490528324e+01 7.472584526563289171e-05 0.000000000000000000e+00
3.138502440591334519e+01 2.671876167124191768e-03 0.000000000000000000e+00
3.143504823904290646e+01 -3.071432467144148042e-04 0.000000000000000000e+00
3.148510614177524758e+01 1.040779739322259369e-03 0.000000000000000000e+00
3.153501675197719933e+01 -7.045474610377451194e-04 0.000000000000000000e+00
3.158501348571202527e+01 3.173319761763521152e-03 0.000000000000000000e+00
3.163508986356812969e+01 9.566497789506623088e-05 0.000000000000000000e+00
3.168511752018606131e+01 1.206743340735316619e-03 0.000000000000000000e+00
3.173514170463571205e+01 1.456032102521755958e-03 0.000000000000000000e+00
3.178509011011270502e+01 -1.887487861596772636e-04 0.000000000000000000e+00
3.183500843705502703e+01 3.046543946775680505e-03 0.000000000000000000e+00
3.188501666940159751e+01 1.545879622034974964e-03 0.000000000000000000e+00
3.193503202990384793e+01 -1.252376628477829814e-03 0.000000000000000000e+00
3.198506613067839410e+01 7.692917525493756436e-05 0.000000000000000000e+00
3.203505890021113345e+01 -3.402926671715964663e-04 0.000000000000000000e+00
3.208493732419461963e+01 1.401599367339688082e-03 0.000000000000000000e+00
3.213495366395236630e+01 -5.730500536482703664e-04 0.000000000000000000e+00
