nan nan 4.193575442422208965e+01
8.899641323548096450e-02 4.801796923076923122e+05 4.193575442422208965e+01
1.448080953624513445e-01 1.149159351851851825e+05 4.193575442422208965e+01
1.950822866625256113e-01 1.389476388888888869e+04 4.193575442422208965e+01
2.418344986082902603e-01 1.097654850746268676e+04 4.193575442422208965e+01
2.844150324662526597e-01 8.118304166666666788e+03 4.193575442422208965e+01
3.311492092627331685e-01 8.094665413533833998e+03 4.193575442422208965e+01
3.854527006682739732e-01 2.857652111872146179e+03 4.193575442422208965e+01
4.379760757023590800e-01 2.999276200873362086e+03 4.193575442422208965e+01
4.845354905265206735e-01 2.594732974910394205e+03 4.193575442422208965e+01
5.331869425000370644e-01 2.393337500000000091e+03 4.193575442422208965e+01
5.864416905016403003e-01 1.804779723991507353e+03 4.193575442422208965e+01
6.393143479449987510e-01 1.776425448960302447e+03 4.193575442422208965e+01
6.875509482501400704e-01 1.660767725598526795e+03 4.193575442422208965e+01
7.360532472319636366e-01 1.209497872340425602e+03 4.193575442422208965e+01
7.867697342078286971e-01 1.132812500000000000e+03 4.193575442422208965e+01
8.376194660778666368e-01 1.117798049943883370e+03 4.193575442422208965e+01
8.876896880604894235e-01 1.043874936548223332e+03 4.193575442422208965e+01
9.363402658038668669e-01 9.525897525676938358e+02 4.193575442422208965e+01
9.849243849049101884e-01 9.113077081615829229e+02 4.193575442422208965e+01
1.033922473950819487e+00 8.430174242424242266e+02 4.193575442422208965e+01
1.083968788523273830e+00 8.047701586252478592e+02 4.193575442422208965e+01
1.133915541218776246e+00 6.875343137254901649e+02 4.193575442422208965e+01
1.183819436428001248e+00 6.212039868924084658e+02 4.193575442422208965e+01
1.235159589274556602e+00 5.548848667672197053e+02 4.193575442422208965e+01
1.285686788879907949e+00 5.341979567307693060e+02 4.193575442422208965e+01
1.335577748586906033e+00 4.985563138038171473e+02 4.193575442422208965e+01
1.385007992768898966e+00 4.972886191677175134e+02 4.193575442422208965e+01
1.434761006508366910e+00 4.791666032712058154e+02 4.193575442422208965e+01
1.483809371322070803e+00 4.472745427398282914e+02 4.193575442422208965e+01
1.534060792161507925e+00 4.300068415969092257e+02 4.193575442422208965e+01
1.585002278264664888e+00 3.970970774091626936e+02 4.193575442422208965e+01
1.635527410472897403e+00 3.873345323741007178e+02 4.193575442422208965e+01
1.685676391865528423e+00 3.800288379983036293e+02 4.193575442422208965e+01
1.734789433360194755e+00 3.625760031889449806e+02 4.193575442422208965e+01
1.784875565396764951e+00 3.573866556534508163e+02 4.193575442422208965e+01
1.835586570008190588e+00 3.386446697566627790e+02 4.193575442422208965e+01
1.885448157908552691e+00 3.086583898305084972e+02 4.193575442422208965e+01
1.935207439362316428e+00 3.183686937408415361e+02 4.193575442422208965e+01
1.985052992803765015e+00 3.227548290857605480e+02 4.193575442422208965e+01
2.035079590713408937e+00 3.183774287870213016e+02 4.193575442422208965e+01
2.085261259228671005e+00 2.891297682058769851e+02 4.193575442422208965e+01
2.135521812674741060e+00 2.775910912190963131e+02 4.193575442422208965e+01
2.185539865877868859e+00 2.726501929854002810e+02 4.193575442422208965e+01
2.234928417494250752e+00 2.649465536453358823e+02 4.193575442422208965e+01
2.285020483940173541e+00 2.610181678416079194e+02 4.193575442422208965e+01
2.335227126917563290e+00 2.594449035812672264e+02 4.193575442422208965e+01
2.385597458206195398e+00 2.528414492555661752e+02 4.193575442422208965e+01
2.435604585857625182e+00 2.366689412319719565e+02 4.193575442422208965e+01
2.485423401501763330e+00 2.290379129606099013e+02 4.193575442422208965e+01
2.535218303430096576e+00 2.246338874361848070e+02 4.193575442422208965e+01
2.585301717955153844e+00 2.191346926301082760e+02 4.193575442422208965e+01
2.635310621692829258e+00 2.173609344281253755e+02 4.193575442422208965e+01
2.684883533713459336e+00 2.213217356775112421e+02 4.193575442422208965e+01
2.734760511342632316e+00 2.208256558070657718e+02 4.193575442422208965e+01
2.784962555331770062e+00 2.148343419062027237e+02 4.193575442422208965e+01
2.835387565949985422e+00 2.096512766786862869e+02 4.193575442422208965e+01
2.885384254562536110e+00 2.094289138145911124e+02 4.193575442422208965e+01
2.935452697317705084e+00 2.018998331680043350e+02 4.193575442422208965e+01
2.985584946861008060e+00 1.941834583779921388e+02 4.193575442422208965e+01
3.035281973877222761e+00 1.896440955749158945e+02 4.193575442422208965e+01
3.084822103129104764e+00 1.894028864764790114e+02 4.193575442422208965e+01
3.135015350087773989e+00 1.847685083090493947e+02 4.193575442422208965e+01
3.185847982026314362e+00 1.832693455797933382e+02 4.193575442422208965e+01
3.235464408484991061e+00 1.836935521415269932e+02 4.193575442422208965e+01
3.285149658618915502e+00 1.829580475124557779e+02 4.193575442422208965e+01
3.335370615645364634e+00 1.766250089317613288e+02 4.193575442422208965e+01
3.385209898508314996e+00 1.686107706080848345e+02 4.193575442422208965e+01
3.434934112077638879e+00 1.674837901861252192e+02 4.193575442422208965e+01
3.484151880424383396e+00 1.647618473231989640e+02 4.193575442422208965e+01
3.534737654629889203e+00 1.619531546416987737e+02 4.193575442422208965e+01
3.585624261789238432e+00 1.609185982508715256e+02 4.193575442422208965e+01
3.635262333854326844e+00 1.626717770882764569e+02 4.193575442422208965e+01
3.685039256951247122e+00 1.626439337283552788e+02 4.193575442422208965e+01
3.735233298459508244e+00 1.615370653528145795e+02 4.193575442422208965e+01
3.785147580586893934e+00 1.589135239310077168e+02 4.193575442422208965e+01
3.835695018070195861e+00 1.506431372549019443e+02 4.193575442422208965e+01
3.885539873192506377e+00 1.451701507049100712e+02 4.193575442422208965e+01
3.934696648644303352e+00 1.486448879587565557e+02 4.193575442422208965e+01
3.985162965584265304e+00 1.508595620437956200e+02 4.193575442422208965e+01
4.035471487646510091e+00 1.475409532453515169e+02 4.193575442422208965e+01
4.085372705036187213e+00 1.443177237491190965e+02 4.193575442422208965e+01
4.135141121895999028e+00 1.419846553905261715e+02 4.193575442422208965e+01
4.184482326706712385e+00 1.402112570099849336e+02 4.193575442422208965e+01
4.234523823648805418e+00 1.376270884093282518e+02 4.193575442422208965e+01
4.284609124085813292e+00 1.366248424803372075e+02 4.193575442422208965e+01
4.334887301479964705e+00 1.355564053931472301e+02 4.193575442422208965e+01
4.385302499000811594e+00 1.335264895231065907e+02 4.193575442422208965e+01
4.435186196473425824e+00 1.330962174368900719e+02 4.193575442422208965e+01
4.485197364325797409e+00 1.331946356631595449e+02 4.193575442422208965e+01
4.535537527983671602e+00 1.321707539637276057e+02 4.193575442422208965e+01
4.585513271404134450e+00 1.295596043479913249e+02 4.193575442422208965e+01
4.634965284950676612e+00 1.293901266807422985e+02 4.193575442422208965e+01
4.684823536717123815e+00 1.300323469241260455e+02 4.193575442422208965e+01
4.735220518702936587e+00 1.301824837215780519e+02 4.193575442422208965e+01
4.785263605082985983e+00 1.284629758386928700e+02 4.193575442422208965e+01
4.835259232697663556e+00 1.268109016256075137e+02 4.193575442422208965e+01
4.885376870001424621e+00 1.253989135843423384e+02 4.193575442422208965e+01
4.935301902824286380e+00 1.254958527357392200e+02 4.193575442422208965e+01
4.985473083840958886e+00 1.244680491673275071e+02 4.193575442422208965e+01
5.035412558343983491e+00 1.223058812494137584e+02 4.193575442422208965e+01
5.085460294222076350e+00 1.224710583841879981e+02 4.193575442422208965e+01
5.135289803448600310e+00 1.229538785655824569e+02 4.193575442422208965e+01
5.185032520573041204e+00 1.221813304093567325e+02 4.193575442422208965e+01
5.234850251783559116e+00 1.189356557018184049e+02 4.193575442422208965e+01
5.284974752151396338e+00 1.181491923151777996e+02 4.193575442422208965e+01
5.335255304675732724e+00 1.179192591561063921e+02 4.193575442422208965e+01
5.385226941869014183e+00 1.158756490770192755e+02 4.193575442422208965e+01
5.435093414465236528e+00 1.136037492614277227e+02 4.193575442422208965e+01
5.485028900036975408e+00 1.118547849589335783e+02 4.193575442422208965e+01
5.535369898797608990e+00 1.105617451882738749e+02 4.193575442422208965e+01
5.585317464617740590e+00 1.110228085062614127e+02 4.193575442422208965e+01
5.634959412056486094e+00 1.110049375976974346e+02 4.193575442422208965e+01
5.685029758810561162e+00 1.108248232138502800e+02 4.193575442422208965e+01
5.734808126101578196e+00 1.109947328818660566e+02 4.193575442422208965e+01
5.785204671217075933e+00 1.106137457677868099e+02 4.193575442422208965e+01
5.835595383591638097e+00 1.098047515593244157e+02 4.193575442422208965e+01
5.885099705458816111e+00 1.089473173660992700e+02 4.193575442422208965e+01
5.934848410668140950e+00 1.080070625251037626e+02 4.193575442422208965e+01
5.985196547442282800e+00 1.075746017525074762e+02 4.193575442422208965e+01
6.035486174940983162e+00 1.081987191969018482e+02 4.193575442422208965e+01
6.085325279241985186e+00 1.067439802384276675e+02 4.193575442422208965e+01
6.135085486579567871e+00 1.059962357790255112e+02 4.193575442422208965e+01
6.184888436502457232e+00 1.055750807988729463e+02 4.193575442422208965e+01
6.235029371165762058e+00 1.042389705141383018e+02 4.193575442422208965e+01
6.285013590301256947e+00 1.029375164032059473e+02 4.193575442422208965e+01
6.334991409707096288e+00 1.028895535766480265e+02 4.193575442422208965e+01
6.385041519748988925e+00 1.016399392203845480e+02 4.193575442422208965e+01
6.434975721315313812e+00 1.017079183456245772e+02 4.193575442422208965e+01
6.485280363044087615e+00 1.006628887275975615e+02 4.193575442422208965e+01
6.535416874783217978e+00 9.996605035770696190e+01 4.193575442422208965e+01
6.585380878873609234e+00 9.907904321826583782e+01 4.193575442422208965e+01
6.635104421514804507e+00 9.915064965788324969e+01 4.193575442422208965e+01
6.684781936645507905e+00 9.958671964679912492e+01 4.193575442422208965e+01
6.735145019191668858e+00 9.950371986735623864e+01 4.193575442422208965e+01
6.785484310639345651e+00 9.871392587261604490e+01 4.193575442422208965e+01
6.835069983673240479e+00 9.814871605235548202e+01 4.193575442422208965e+01
6.884859417295578154e+00 9.774638576038989868e+01 4.193575442422208965e+01
6.935355612194037178e+00 9.756275171615385489e+01 4.193575442422208965e+01
6.985394515797676895e+00 9.666878939396407588e+01 4.193575442422208965e+01
7.034922173494991604e+00 9.747813161423748340e+01 4.193575442422208965e+01
7.084541644025414087e+00 9.886382270856657328e+01 4.193575442422208965e+01
7.134492388478031799e+00 9.889260497956151141e+01 4.193575442422208965e+01
7.184836085760269775e+00 9.799962183666369242e+01 4.193575442422208965e+01
7.235281431471350722e+00 9.707732391620555745e+01 4.193575442422208965e+01
7.285158542839955231e+00 9.689480921537098368e+01 4.193575442422208965e+01
7.334994866462388963e+00 9.530206825988452124e+01 4.193575442422208965e+01
7.385036014789000625e+00 9.406555581348112582e+01 4.193575442422208965e+01
7.435042277965444590e+00 9.407068200938243763e+01 4.193575442422208965e+01
7.485223592156194705e+00 9.435409507244750671e+01 4.193575442422208965e+01
7.535266472986156039e+00 9.442975517890771187e+01 4.193575442422208965e+01
7.585148990618067799e+00 9.485851620074930679e+01 4.193575442422208965e+01
7.635267236183615580e+00 9.483576047420180544e+01 4.193575442422208965e+01
7.685330414506132080e+00 9.418399967789990512e+01 4.193575442422208965e+01
7.735344685230187700e+00 9.357525659390482531e+01 4.193575442422208965e+01
7.785330483772995969e+00 9.249767727921067717e+01 4.193575442422208965e+01
7.834761832474934629e+00 9.190216807844883817e+01 4.193575442422208965e+01
7.884484420735616617e+00 9.157898325630729630e+01 4.193575442422208965e+01
7.934886275689092550e+00 9.168293107089176885e+01 4.193575442422208965e+01
7.985027633925892765e+00 9.144753581056737346e+01 4.193575442422208965e+01
8.034964647769141877e+00 9.102486711064948111e+01 4.193575442422208965e+01
8.085037081011565263e+00 9.053790152473933972e+01 4.193575442422208965e+01
8.135210740574738253e+00 9.056925266903914462e+01 4.193575442422208965e+01
8.185171412298620552e+00 8.970618011573606054e+01 4.193575442422208965e+01
8.234851685324960258e+00 8.922448203652359666e+01 4.193575442422208965e+01
8.284952683584384303e+00 8.810365178479698045e+01 4.193575442422208965e+01
8.335101055446942908e+00 8.730540678833361312e+01 4.193575442422208965e+01
8.385121635699965381e+00 8.665859739153819419e+01 4.193575442422208965e+01
8.435202770999854494e+00 8.698605699315061202e+01 4.193575442422208965e+01
8.485152015979231521e+00 8.723665111172110187e+01 4.193575442422208965e+01
8.534970558995501833e+00 8.714566641594993257e+01 4.193575442422208965e+01
8.584943353041420977e+00 8.746405131105727548e+01 4.193575442422208965e+01
8.635099409501286516e+00 8.741198691569061907e+01 4.193575442422208965e+01
8.685126877716973226e+00 8.658205041981483419e+01 4.193575442422208965e+01
8.735139517930596398e+00 8.576548549538138388e+01 4.193575442422208965e+01
8.785167076524256657e+00 8.545872247737057137e+01 4.193575442422208965e+01
8.834939158351296840e+00 8.576046797404207211e+01 4.193575442422208965e+01
8.884964740422104157e+00 8.532434635649667598e+01 4.193575442422208965e+01
8.935124000705533476e+00 8.500046513008797433e+01 4.193575442422208965e+01
8.985127489085840580e+00 8.510410857036623611e+01 4.193575442422208965e+01
9.035265046452737536e+00 8.514296141914539362e+01 4.193575442422208965e+01
9.085196565938222335e+00 8.457458606232732734e+01 4.193575442422208965e+01
9.134926709958008928e+00 8.441837671991741843e+01 4.193575442422208965e+01
9.185157474150241086e+00 8.448158340977956016e+01 4.193575442422208965e+01
9.235291320298310680e+00 8.393349778915522563e+01 4.193575442422208965e+01
9.285092122152331484e+00 8.356184711331223980e+01 4.193575442422208965e+01
9.334907817633720128e+00 8.289700709038878301e+01 4.193575442422208965e+01
9.384925913340945058e+00 8.329143182769274745e+01 4.193575442422208965e+01
9.435005700254814442e+00 8.366674685698502856e+01 4.193575442422208965e+01
9.484846973764282652e+00 8.339416803866842542e+01 4.193575442422208965e+01
9.535053339925784854e+00 8.299206492180731232e+01 4.193575442422208965e+01
9.585148484630341414e+00 8.269408150904213528e+01 4.193575442422208965e+01
9.635175604414920159e+00 8.232460564891559329e+01 4.193575442422208965e+01
9.685272388073006056e+00 8.265871012939220464e+01 4.193575442422208965e+01
9.735267651789188292e+00 8.231680516390920843e+01 4.193575442422208965e+01
9.785106718646577662e+00 8.201806453755281723e+01 4.193575442422208965e+01
9.835036654763204211e+00 8.196271459227467915e+01 4.193575442422208965e+01
9.885080117034645397e+00 8.214465628117068263e+01 4.193575442422208965e+01
9.935053116209049406e+00 8.178768364016501380e+01 4.193575442422208965e+01
9.985047954935728498e+00 8.104650516503498636e+01 4.193575442422208965e+01
1.003493641968782235e+01 8.097570052367531446e+01 4.193575442422208965e+01
1.008496760761574507e+01 8.117124431660016626e+01 4.193575442422208965e+01
1.013505517142033696e+01 8.087946713895199480e+01 4.193575442422208965e+01
1.018499348439089580e+01 8.103520284122519968e+01 4.193575442422208965e+01
1.023485181331652605e+01 8.058316997297932005e+01 4.193575442422208965e+01
1.028490076264209918e+01 8.033055895552836034e+01 4.193575442422208965e+01
1.033508016021523979e+01 8.030035711123572639e+01 4.193575442422208965e+01
1.038503814993866037e+01 8.010190886020082246e+01 4.193575442422208965e+01
1.043506092056377987e+01 8.010940147522190102e+01 4.193575442422208965e+01
1.048500648683518222e+01 7.975840693241904944e+01 4.193575442422208965e+01
1.053492467464587357e+01 7.959788149713207872e+01 4.193575442422208965e+01
1.058493633210190055e+01 7.932159654251938719e+01 4.193575442422208965e+01
1.063496141493038571e+01 7.859399967957425304e+01 4.193575442422208965e+01
1.068510956159988190e+01 7.859424948779326314e+01 4.193575442422208965e+01
1.073519324482465542e+01 7.876851453065074793e+01 4.193575442422208965e+01
1.078499374610442985e+01 7.886647144747941240e+01 4.193575442422208965e+01
1.083498852684137681e+01 7.878716607435211472e+01 4.193575442422208965e+01
1.088532717033764108e+01 7.858847148450743703e+01 4.193575442422208965e+01
1.093533967140946928e+01 7.808750537847946305e+01 4.193575442422208965e+01
1.098516814213459369e+01 7.807917386080893607e+01 4.193575442422208965e+01
1.103487009664334018e+01 7.812610455951703159e+01 4.193575442422208965e+01
1.108482779519205685e+01 7.808420945056910512e+01 4.193575442422208965e+01
1.113497951311520850e+01 7.762914033714514517e+01 4.193575442422208965e+01
1.118504655472112930e+01 7.798496657488674089e+01 4.193575442422208965e+01
1.123510664327012165e+01 7.816166426076250673e+01 4.193575442422208965e+01
1.128492672628014759e+01 7.783807828069846835e+01 4.193575442422208965e+01
1.133483676091637449e+01 7.686397139848666882e+01 4.193575442422208965e+01
1.138496869555097213e+01 7.593892916050420183e+01 4.193575442422208965e+01
1.143488632814817052e+01 7.565833631495642919e+01 4.193575442422208965e+01
1.148507158105109838e+01 7.596340445186619661e+01 4.193575442422208965e+01
1.153512077344084652e+01 7.623511267858209806e+01 4.193575442422208965e+01
1.158496874923152120e+01 7.583441789377774001e+01 4.193575442422208965e+01
1.163503447483404862e+01 7.541215850414189958e+01 4.193575442422208965e+01
1.168514574175370413e+01 7.537643006732783135e+01 4.193575442422208965e+01
1.173520144267176768e+01 7.538155382666077742e+01 4.193575442422208965e+01
1.178499978579660024e+01 7.584880936010267760e+01 4.193575442422208965e+01
1.183489361131316109e+01 7.563140923007780714e+01 4.193575442422208965e+01
1.188508688648073353e+01 7.525929927543900533e+01 4.193575442422208965e+01
1.193507368630230303e+01 7.527881773399015231e+01 4.193575442422208965e+01
1.198501534283204073e+01 7.518217132949625636e+01 4.193575442422208965e+01
1.203499287021151787e+01 7.520799484626135722e+01 4.193575442422208965e+01
1.208500207354710376e+01 7.472078626518639055e+01 4.193575442422208965e+01
1.213511755040241447e+01 7.441187232198738855e+01 4.193575442422208965e+01
1.218508185768859775e+01 7.428793259038943120e+01 4.193575442422208965e+01
1.223499578229461093e+01 7.426215357374354653e+01 4.193575442422208965e+01
1.228482496548857839e+01 7.373497454921013627e+01 4.193575442422208965e+01
1.233472258167685354e+01 7.359021577669777514e+01 4.193575442422208965e+01
1.238495919658963373e+01 7.379351545437340576e+01 4.193575442422208965e+01
1.243501623080759977e+01 7.398432060215451145e+01 4.193575442422208965e+01
1.248498520461935968e+01 7.357959449432928523e+01 4.193575442422208965e+01
1.253491772764473389e+01 7.317964492614423477e+01 4.193575442422208965e+01
1.258505667599542477e+01 7.297313315090106300e+01 4.193575442422208965e+01
1.263533194845266294e+01 7.289188600507897320e+01 4.193575442422208965e+01
1.268509781067005449e+01 7.246957167248163501e+01 4.193575442422208965e+01
1.273496424556897288e+01 7.240182958475409691e+01 4.193575442422208965e+01
1.278509996901004975e+01 7.217899914250754989e+01 4.193575442422208965e+01
1.283513809744099454e+01 7.204505053900265921e+01 4.193575442422208965e+01
1.288513662977390872e+01 7.259300519980055810e+01 4.193575442422208965e+01
1.293516775797505858e+01 7.296340536431750934e+01 4.193575442422208965e+01
1.298508564746807004e+01 7.242380396075837723e+01 4.193575442422208965e+01
1.303485050444322191e+01 7.182748852888848035e+01 4.193575442422208965e+01
1.308477248822843464e+01 7.199681515489928074e+01 4.193575442422208965e+01
1.313495048384857000e+01 7.230207606618971283e+01 4.193575442422208965e+01
1.318508214353928665e+01 7.250577375582022910e+01 4.193575442422208965e+01
1.323498058186023130e+01 7.266358607754931143e+01 4.193575442422208965e+01
1.328501693617584500e+01 7.273441776561334393e+01 4.193575442422208965e+01
1.333523870267546485e+01 7.272613041915688825e+01 4.193575442422208965e+01
1.338517858123485915e+01 7.258154717965264524e+01 4.193575442422208965e+01
1.343509981213488302e+01 7.242138447335145202e+01 4.193575442422208965e+01
1.348497851692220806e+01 7.233011838060564003e+01 4.193575442422208965e+01
1.353502032703213587e+01 7.196244517543858876e+01 4.193575442422208965e+01
1.358510348967521608e+01 7.151843469372855111e+01 4.193575442422208965e+01
1.363504968078970769e+01 7.128976827185141474e+01 4.193575442422208965e+01
1.368512606201380066e+01 7.129974196101211703e+01 4.193575442422208965e+01
1.373499467664954388e+01 7.113541965173709514e+01 4.193575442422208965e+01
1.378492307579496234e+01 7.078387605368027380e+01 4.193575442422208965e+01
1.383507424762243687e+01 7.086009747897774957e+01 4.193575442422208965e+01
1.388511084066553458e+01 7.053935916182331312e+01 4.193575442422208965e+01
1.393507568847607203e+01 7.053837173829037965e+01 4.193575442422208965e+01
1.398506445617934446e+01 7.070432711713893070e+01 4.193575442422208965e+01
1.403502933207308878e+01 7.068746713127816861e+01 4.193575442422208965e+01
1.408509116651932658e+01 7.057328558795420292e+01 4.193575442422208965e+01
1.413501876932126322e+01 7.033641915143317647e+01 4.193575442422208965e+01
1.418492186532934873e+01 7.012318321772436036e+01 4.193575442422208965e+01
1.423490351986086466e+01 7.002560392895965435e+01 4.193575442422208965e+01
1.428504941701871722e+01 7.011279242373680631e+01 4.193575442422208965e+01
1.433512393770669036e+01 7.047494543277123569e+01 4.193575442422208965e+01
1.438498778231173958e+01 7.025527415691738042e+01 4.193575442422208965e+01
1.443505469180176348e+01 7.003950046637740456e+01 4.193575442422208965e+01
1.448509396921661008e+01 6.994540630582417862e+01 4.193575442422208965e+01
1.453500725043747011e+01 6.964835189534844062e+01 4.193575442422208965e+01
1.458506203599850082e+01 6.966868536083387653e+01 4.193575442422208965e+01
1.463510945522735618e+01 6.970081268333463242e+01 4.193575442422208965e+01
1.468518338522024536e+01 6.940677996923155035e+01 4.193575442422208965e+01
1.473511674948366057e+01 6.884490307817553401e+01 4.193575442422208965e+01
1.478499469255191379e+01 6.891551969454100401e+01 4.193575442422208965e+01
1.483519165114115879e+01 6.935201618514435040e+01 4.193575442422208965e+01
1.488517752652281168e+01 6.963001115482975933e+01 4.193575442422208965e+01
1.493491330480827983e+01 6.923999104391678827e+01 4.193575442422208965e+01
1.498495676551141820e+01 6.884468204053109730e+01 4.193575442422208965e+01
1.503511884068045923e+01 6.876740895002953380e+01 4.193575442422208965e+01
1.508508315088700869e+01 6.888314865198250914e+01 4.193575442422208965e+01
1.513503556379768966e+01 6.894746241281946197e+01 4.193575442422208965e+01
1.518499676732287540e+01 6.889855281157750255e+01 4.193575442422208965e+01
1.523508436290063095e+01 6.901095443658064710e+01 4.193575442422208965e+01
1.528522781999686053e+01 6.900950005576339663e+01 4.193575442422208965e+01
1.533502167931889559e+01 6.878105658971188063e+01 4.193575442422208965e+01
1.538498481261066075e+01 6.863488657773010004e+01 4.193575442422208965e+01
1.543513611943905417e+01 6.874934539553375146e+01 4.193575442422208965e+01
1.548505834224075706e+01 6.884124723952668035e+01 4.193575442422208965e+01
1.553504763409418921e+01 6.872578908967173561e+01 4.193575442422208965e+01
1.558510724608531106e+01 6.804073318434377882e+01 4.193575442422208965e+01
1.563520755254619132e+01 6.779517827613217662e+01 4.193575442422208965e+01
1.568514954075441636e+01 6.797259973907580388e+01 4.193575442422208965e+01
1.573497001906558346e+01 6.815596506382570396e+01 4.193575442422208965e+01
1.578501951482137855e+01 6.789534117112654599e+01 4.193575442422208965e+01
1.583505996699327234e+01 6.723641202145378770e+01 4.193575442422208965e+01
1.588504732433563937e+01 6.703544476620045600e+01 4.193575442422208965e+01
1.593492601146461141e+01 6.689882503457164376e+01 4.193575442422208965e+01
1.598497954552474276e+01 6.724673077746055583e+01 4.193575442422208965e+01
1.603519544557364185e+01 6.739612834889814508e+01 4.193575442422208965e+01
1.608505934770346002e+01 6.714053847213506288e+01 4.193575442422208965e+01
1.613492369455208220e+01 6.688693162650326940e+01 4.193575442422208965e+01
1.618487545351322154e+01 6.720318681914260139e+01 4.193575442422208965e+01
1.623491462415037034e+01 6.755910320997125496e+01 4.193575442422208965e+01
1.628502566686339392e+01 6.755838422267456167e+01 4.193575442422208965e+01
1.633514483849683430e+01 6.721446398067364214e+01 4.193575442422208965e+01
1.638505554887958837e+01 6.693901421694772580e+01 4.193575442422208965e+01
1.643503370695393073e+01 6.679111992765250250e+01 4.193575442422208965e+01
1.648511919866944808e+01 6.661229621241815835e+01 4.193575442422208965e+01
1.653520949175244326e+01 6.647411660701071412e+01 4.193575442422208965e+01
1.658506906510178069e+01 6.638759043574177099e+01 4.193575442422208965e+01
1.663488141241765206e+01 6.649552259230644324e+01 4.193575442422208965e+01
1.668486705482716204e+01 6.663275258159193015e+01 4.193575442422208965e+01
1.673492103191636104e+01 6.660173188175505743e+01 4.193575442422208965e+01
1.678500937030894846e+01 6.637014017788901299e+01 4.193575442422208965e+01
1.683496483388560350e+01 6.623966930607342363e+01 4.193575442422208965e+01
1.688490029853898733e+01 6.610322126795709607e+01 4.193575442422208965e+01
1.693486900501934400e+01 6.599241873278236881e+01 4.193575442422208965e+01
1.698500806291582776e+01 6.593926939272114396e+01 4.193575442422208965e+01
1.703516048416506479e+01 6.606306798863002427e+01 4.193575442422208965e+01
1.708509007434781068e+01 6.623583285632513196e+01 4.193575442422208965e+01
1.713498442939637201e+01 6.622198292687522780e+01 4.193575442422208965e+01
1.718492428173238196e+01 6.594427847911514107e+01 4.193575442422208965e+01
1.723486141856428233e+01 6.594510398786475491e+01 4.193575442422208965e+01
1.728495617542862206e+01 6.618897907102171985e+01 4.193575442422208965e+01
1.733506984443393506e+01 6.613421069913445649e+01 4.193575442422208965e+01
1.738497568670722160e+01 6.590387011317884003e+01 4.193575442422208965e+01
1.743490614939463157e+01 6.560790305092834274e+01 4.193575442422208965e+01
1.748496913497200467e+01 6.528466399836908352e+01 4.193575442422208965e+01
1.753507445822357624e+01 6.532285777899481616e+01 4.193575442422208965e+01
1.758513482966695562e+01 6.548037283812415410e+01 4.193575442422208965e+01
1.763511755933055269e+01 6.564013184102955734e+01 4.193575442422208965e+01
1.768508466776422239e+01 6.535619244132239203e+01 4.193575442422208965e+01
1.773505073952180311e+01 6.506352812412923470e+01 4.193575442422208965e+01
1.778508782630178686e+01 6.501343983486279399e+01 4.193575442422208965e+01
1.783504284633070824e+01 6.490272261139597276e+01 4.193575442422208965e+01
1.788499742965798589e+01 6.491511794447032457e+01 4.193575442422208965e+01
1.793498972719416429e+01 6.496663112954018970e+01 4.193575442422208965e+01
1.798499848428144787e+01 6.501430547120246217e+01 4.193575442422208965e+01
1.803510953377203663e+01 6.515018979670341537e+01 4.193575442422208965e+01
1.808516677532512062e+01 6.541397484383118410e+01 4.193575442422208965e+01
1.813507550829074688e+01 6.517604537393309272e+01 4.193575442422208965e+01
1.818496845642778936e+01 6.480761503874485641e+01 4.193575442422208965e+01
1.823497139660265276e+01 6.457027860986792689e+01 4.193575442422208965e+01
1.828507879191377228e+01 6.457201662565201161e+01 4.193575442422208965e+01
1.833510418824468857e+01 6.445722795056919097e+01 4.193575442422208965e+01
1.838506948334563873e+01 6.430227666910214168e+01 4.193575442422208965e+01
1.843507536407004466e+01 6.409898418186212155e+01 4.193575442422208965e+01
1.848504942076525737e+01 6.406064967914079489e+01 4.193575442422208965e+01
1.853507441616272544e+01 6.406154114245489950e+01 4.193575442422208965e+01
1.858511879045116899e+01 6.405745282997284562e+01 4.193575442422208965e+01
1.863495525648787421e+01 6.402071279055950015e+01 4.193575442422208965e+01
1.868488130392274016e+01 6.372635754953930132e+01 4.193575442422208965e+01
1.873504875184114482e+01 6.359683611969670380e+01 4.193575442422208965e+01
1.878514388429111648e+01 6.351334089216587131e+01 4.193575442422208965e+01
1.883511007463363995e+01 6.357135627868819228e+01 4.193575442422208965e+01
1.888497244834255895e+01 6.389344546326901053e+01 4.193575442422208965e+01
1.893485641817745346e+01 6.398975209601179159e+01 4.193575442422208965e+01
1.898490619453832551e+01 6.397226972800482514e+01 4.193575442422208965e+01
1.903488786107232045e+01 6.371166125973193317e+01 4.193575442422208965e+01
1.908487881142723097e+01 6.339612847503373416e+01 4.193575442422208965e+01
1.913492348207432414e+01 6.340320531655633829e+01 4.193575442422208965e+01
1.918501168728120021e+01 6.337928665459052979e+01 4.193575442422208965e+01
1.923514124826581906e+01 6.328321023558326175e+01 4.193575442422208965e+01
1.928506748334755017e+01 6.328785204708367473e+01 4.193575442422208965e+01
1.933495430610808086e+01 6.328392352367843898e+01 4.193575442422208965e+01
1.938494634755015866e+01 6.316599984046550276e+01 4.193575442422208965e+01
1.943493914899500297e+01 6.309750492792968402e+01 4.193575442422208965e+01
1.948497893127760250e+01 6.320982308420644813e+01 4.193575442422208965e+01
1.953503482368078537e+01 6.340459891607341092e+01 4.193575442422208965e+01
1.958498207675637559e+01 6.336359651740167465e+01 4.193575442422208965e+01
1.963504343592175871e+01 6.338954474315438858e+01 4.193575442422208965e+01
1.968503863116305297e+01 6.325404240616445861e+01 4.193575442422208965e+01
1.973506536610938156e+01 6.297924775377364170e+01 4.193575442422208965e+01
1.978512121103143784e+01 6.285097010502981618e+01 4.193575442422208965e+01
1.983496687045177964e+01 6.261928842006054197e+01 4.193575442422208965e+01
1.988498280723141320e+01 6.244694105533491069e+01 4.193575442422208965e+01
1.993508900434436626e+01 6.245102487578017048e+01 4.193575442422208965e+01
1.998508408833317418e+01 6.253420366670422226e+01 4.193575442422208965e+01
2.003507324128244704e+01 6.256326883920403503e+01 4.193575442422208965e+01
2.008505399653831702e+01 6.276217394625659551e+01 4.193575442422208965e+01
2.013499669309325313e+01 6.266024691165461036e+01 4.193575442422208965e+01
2.018502569446345518e+01 6.237144277971597717e+01 4.193575442422208965e+01
2.023503536485620202e+01 6.201328681724544367e+01 4.193575442422208965e+01
2.028511407188591065e+01 6.189456271549048694e+01 4.193575442422208965e+01
2.033506684544470744e+01 6.183484013781256294e+01 4.193575442422208965e+01
2.038493053717687786e+01 6.202116594924119397e+01 4.193575442422208965e+01
2.043503656635626342e+01 6.207615262950528034e+01 4.193575442422208965e+01
2.048515681613748640e+01 6.204295682716779936e+01 4.193575442422208965e+01
2.053512184950790243e+01 6.204323906016090007e+01 4.193575442422208965e+01
2.058506579015766036e+01 6.197001721971424359e+01 4.193575442422208965e+01
2.063503949539584070e+01 6.214983894876453263e+01 4.193575442422208965e+01
2.068496726901411620e+01 6.187885160920708216e+01 4.193575442422208965e+01
2.073499283942112825e+01 6.154586642483534575e+01 4.193575442422208965e+01
2.078510852351926275e+01 6.156316801720916487e+01 4.193575442422208965e+01
2.083507144762231178e+01 6.173578153187697382e+01 4.193575442422208965e+01
2.088503448202894930e+01 6.184249656435270026e+01 4.193575442422208965e+01
2.093502569401122670e+01 6.178050917420419808e+01 4.193575442422208965e+01
2.098501092220254804e+01 6.145666498989461957e+01 4.193575442422208965e+01
2.103489933635630749e+01 6.138135369603498503e+01 4.193575442422208965e+01
2.108484379460264790e+01 6.146465997297048744e+01 4.193575442422208965e+01
2.113497050350854778e+01 6.151728618923438319e+01 4.193575442422208965e+01
2.118501489664703996e+01 6.142908730974997411e+01 4.193575442422208965e+01
2.123500322597652001e+01 6.148092232303053351e+01 4.193575442422208965e+01
2.128496140673073000e+01 6.153685476072240590e+01 4.193575442422208965e+01
2.133497759989855780e+01 6.141159264586113409e+01 4.193575442422208965e+01
2.138501427804164834e+01 6.111198943251573468e+01 4.193575442422208965e+01
2.143512307678850348e+01 6.100151099018626155e+01 4.193575442422208965e+01
2.148520101455627085e+01 6.122130904694299858e+01 4.193575442422208965e+01
2.153506198237843705e+01 6.133464415473392251e+01 4.193575442422208965e+01
2.158501725909731306e+01 6.125719749570059491e+01 4.193575442422208965e+01
2.163513192522731643e+01 6.120536543201971824e+01 4.193575442422208965e+01
2.168511393406111054e+01 6.122429203740807679e+01 4.193575442422208965e+01
2.173504372356545389e+01 6.134391582202543702e+01 4.193575442422208965e+01
2.178497281075374303e+01 6.138069296288210808e+01 4.193575442422208965e+01
2.183494731131466438e+01 6.132421803941802807e+01 4.193575442422208965e+01
2.188500823254057082e+01 6.099680517499039922e+01 4.193575442422208965e+01
2.193509886117685070e+01 6.084243742522370013e+01 4.193575442422208965e+01
2.198516119020909798e+01 6.084411819941047384e+01 4.193575442422208965e+01
2.203505025422927233e+01 6.085399970263041070e+01 4.193575442422208965e+01
2.208496894321325854e+01 6.085145367618554957e+01 4.193575442422208965e+01
2.213503419908408887e+01 6.100375814385420625e+01 4.193575442422208965e+01
2.218516000856649484e+01 6.106232057282648640e+01 4.193575442422208965e+01
2.223516154100823528e+01 6.095217271952341775e+01 4.193575442422208965e+01
2.228504923601680332e+01 6.079089027572831583e+01 4.193575442422208965e+01
2.233504290137151926e+01 6.077827629911279672e+01 4.193575442422208965e+01
2.238504178238817488e+01 6.069594429725343332e+01 4.193575442422208965e+01
2.243506292974217686e+01 6.056253188640355489e+01 4.193575442422208965e+01
2.248498010803980307e+01 6.058484497015857073e+01 4.193575442422208965e+01
2.253497408768199151e+01 6.056564779033166701e+01 4.193575442422208965e+01
2.258504576314178891e+01 6.059462218880813822e+01 4.193575442422208965e+01
2.263501755529657089e+01 6.053431235510441866e+01 4.193575442422208965e+01
2.268497133650677711e+01 6.045297803959469718e+01 4.193575442422208965e+01
2.273496946975517119e+01 6.010702030606464064e+01 4.193575442422208965e+01
2.278495606365159531e+01 5.997358518701109631e+01 4.193575442422208965e+01
2.283504517344439222e+01 6.001937934217631465e+01 4.193575442422208965e+01
2.288515384815983467e+01 6.002325430667408313e+01 4.193575442422208965e+01
2.293513970257658485e+01 6.008926025578045227e+01 4.193575442422208965e+01
2.298499895949208849e+01 6.010377323071146805e+01 4.193575442422208965e+01
2.303494368627049482e+01 6.021281552476047239e+01 4.193575442422208965e+01
2.308506613449876355e+01 6.023617907693945739e+01 4.193575442422208965e+01
2.313508392148495574e+01 6.013453011531954928e+01 4.193575442422208965e+01
2.318502453278797404e+01 6.005971149930088160e+01 4.193575442422208965e+01
2.323497485065410117e+01 5.995263203337767521e+01 4.193575442422208965e+01
2.328497090944668102e+01 5.982159646278384457e+01 4.193575442422208965e+01
2.333499385253491454e+01 5.982351039414987071e+01 4.193575442422208965e+01
2.338498727106783193e+01 5.977489773004779039e+01 4.193575442422208965e+01
2.343501191119998239e+01 5.943864211404026321e+01 4.193575442422208965e+01
2.348496544655622387e+01 5.931640546997447672e+01 4.193575442422208965e+01
2.353495792677599496e+01 5.931930536261650388e+01 4.193575442422208965e+01
2.358500365650586872e+01 5.947312089446745631e+01 4.193575442422208965e+01
2.363496159683297293e+01 5.956905832194573236e+01 4.193575442422208965e+01
2.368501138596607802e+01 5.942361377519402765e+01 4.193575442422208965e+01
2.373498470094738977e+01 5.945463820315035974e+01 4.193575442422208965e+01
2.378496214819288213e+01 5.984311628114274839e+01 4.193575442422208965e+01
2.383497596387970674e+01 6.004784972812654331e+01 4.193575442422208965e+01
2.388498789192226113e+01 5.991121752782737531e+01 4.193575442422208965e+01
2.393503375318008253e+01 5.971607377493322844e+01 4.193575442422208965e+01
2.398501935373159100e+01 5.936143700147010804e+01 4.193575442422208965e+01
2.403496569110036774e+01 5.917402517755156310e+01 4.193575442422208965e+01
2.408498673386322153e+01 5.899576336225222661e+01 4.193575442422208965e+01
2.413506042996912626e+01 5.891453826118402759e+01 4.193575442422208965e+01
2.418502307876385871e+01 5.894341716226548300e+01 4.193575442422208965e+01
2.423492163595081550e+01 5.906620723271838358e+01 4.193575442422208965e+01
2.428490428825202585e+01 5.915089102344686012e+01 4.193575442422208965e+01
2.433496680196650530e+01 5.926648264952724787e+01 4.193575442422208965e+01
2.438512209170648148e+01 5.911373157650518095e+01 4.193575442422208965e+01
2.443514839901259350e+01 5.897984870941247948e+01 4.193575442422208965e+01
2.448509052949892961e+01 5.894697193869834706e+01 4.193575442422208965e+01
2.453509143701500861e+01 5.906206577727345319e+01 4.193575442422208965e+01
2.458502365090511788e+01 5.920492411405332689e+01 4.193575442422208965e+01
2.463504153640463201e+01 5.926448475217496537e+01 4.193575442422208965e+01
2.468508194249478649e+01 5.917421285234799200e+01 4.193575442422208965e+01
2.473503958790242407e+01 5.903101643231597961e+01 4.193575442422208965e+01
2.478500304505123708e+01 5.891932087289894326e+01 4.193575442422208965e+01
2.483507100557675784e+01 5.884657829174451393e+01 4.193575442422208965e+01
2.488511954357796441e+01 5.870935921626562504e+01 4.193575442422208965e+01
2.493506250080584152e+01 5.844604774184848139e+01 4.193575442422208965e+01
2.498502129798272975e+01 5.828020222682121698e+01 4.193575442422208965e+01
2.503501437401748220e+01 5.859316783493513014e+01 4.193575442422208965e+01
2.508506646650047855e+01 5.873513753160727902e+01 4.193575442422208965e+01
2.513508907173123674e+01 5.874681217647860620e+01 4.193575442422208965e+01
2.518507998159773820e+01 5.860490258606006364e+01 4.193575442422208965e+01
2.523505185786540750e+01 5.869762528259348500e+01 4.193575442422208965e+01
2.528493522995301390e+01 5.876960121955444549e+01 4.193575442422208965e+01
2.533497298671538545e+01 5.876952254306755208e+01 4.193575442422208965e+01
2.538502983866438711e+01 5.889766629273406551e+01 4.193575442422208965e+01
2.543495840570060551e+01 5.895692924430812809e+01 4.193575442422208965e+01
2.548490619549177083e+01 5.877748590224992853e+01 4.193575442422208965e+01
2.553504240236605227e+01 5.853583369465722086e+01 4.193575442422208965e+01
2.558513992818135208e+01 5.853167175088344720e+01 4.193575442422208965e+01
2.563511225024596385e+01 5.853008751223789830e+01 4.193575442422208965e+01
2.568502585376510083e+01 5.859890568398353139e+01 4.193575442422208965e+01
2.573498204820310065e+01 5.852652126509838126e+01 4.193575442422208965e+01
2.578500790559889566e+01 5.845148729968371981e+01 4.193575442422208965e+01
2.583497123978640531e+01 5.826143108316905739e+01 4.193575442422208965e+01
2.588498768970100627e+01 5.808938440991487084e+01 4.193575442422208965e+01
2.593504047435509818e+01 5.793891126549995363e+01 4.193575442422208965e+01
2.598492966214148936e+01 5.776424836355428027e+01 4.193575442422208965e+01
2.603490575269462681e+01 5.779758768342666286e+01 4.193575442422208965e+01
2.608498537799486172e+01 5.766135393830822409e+01 4.193575442422208965e+01
2.613498443791063153e+01 5.752840102850320392e+01 4.193575442422208965e+01
2.618506832819802099e+01 5.781146558589077245e+01 4.193575442422208965e+01
2.623502416925955671e+01 5.809079039778941222e+01 4.193575442422208965e+01
2.628500242861670344e+01 5.817591310028284113e+01 4.193575442422208965e+01
2.633505458811568190e+01 5.790257682598710431e+01 4.193575442422208965e+01
2.638505163208250437e+01 5.772732933838317138e+01 4.193575442422208965e+01
2.643507388196501040e+01 5.784615662399070146e+01 4.193575442422208965e+01
2.648507376463455287e+01 5.809806983740661934e+01 4.193575442422208965e+01
2.653501897948297028e+01 5.813224738799222990e+01 4.193575442422208965e+01
2.658500608304605706e+01 5.804785611693846903e+01 4.193575442422208965e+01
2.663500634603502704e+01 5.785578507837912809e+01 4.193575442422208965e+01
2.668499674593755699e+01 5.772460157542068515e+01 4.193575442422208965e+01
2.673507012876124023e+01 5.771466478015281609e+01 4.193575442422208965e+01
2.678510131184463461e+01 5.757581517394971371e+01 4.193575442422208965e+01
2.683506136577998191e+01 5.747849269721464793e+01 4.193575442422208965e+01
2.688505297879097711e+01 5.762920450084043722e+01 4.193575442422208965e+01
2.693504435016774679e+01 5.784257516088230489e+01 4.193575442422208965e+01
2.698504814319771228e+01 5.792025032092426073e+01 4.193575442422208965e+01
2.703494373337554890e+01 5.792025740646056420e+01 4.193575442422208965e+01
2.708497938352233092e+01 5.785825946222331595e+01 4.193575442422208965e+01
2.713508632778151508e+01 5.777730803148016037e+01 4.193575442422208965e+01
2.718506074587872945e+01 5.776820802397089949e+01 4.193575442422208965e+01
2.723503231188058749e+01 5.768021243585153002e+01 4.193575442422208965e+01
2.728504324376617163e+01 5.777898959468750206e+01 4.193575442422208965e+01
2.733507363034057747e+01 5.786320349249682238e+01 4.193575442422208965e+01
2.738505164772542599e+01 5.775478934463594527e+01 4.193575442422208965e+01
2.743504695427340678e+01 5.756515679881289316e+01 4.193575442422208965e+01
2.748503541076832590e+01 5.751293851124569301e+01 4.193575442422208965e+01
2.753504854886516995e+01 5.739398034257349934e+01 4.193575442422208965e+01
2.758506909532711049e+01 5.725054082404464850e+01 4.193575442422208965e+01
2.763503959560177492e+01 5.725141972976749116e+01 4.193575442422208965e+01
2.768493112797089140e+01 5.742653362965994290e+01 4.193575442422208965e+01
2.773486671198879705e+01 5.737357651081226351e+01 4.193575442422208965e+01
2.778493406100407626e+01 5.733549268667027832e+01 4.193575442422208965e+01
2.783494474738006019e+01 5.735603247774024283e+01 4.193575442422208965e+01
2.788491097421039200e+01 5.734418472104328401e+01 4.193575442422208965e+01
2.793491799818713872e+01 5.746275576936315588e+01 4.193575442422208965e+01
2.798497835561302693e+01 5.741795493223349922e+01 4.193575442422208965e+01
2.803500194300229609e+01 5.735882309705260695e+01 4.193575442422208965e+01
2.808497359419805051e+01 5.718702756108267948e+01 4.193575442422208965e+01
2.813500712900244238e+01 5.699236661012673721e+01 4.193575442422208965e+01
2.818498298316923822e+01 5.681969724400128285e+01 4.193575442422208965e+01
2.823501278705563422e+01 5.668883819491207987e+01 4.193575442422208965e+01
2.828508221076129558e+01 5.664521153321037872e+01 4.193575442422208965e+01
2.833502532700387277e+01 5.660123589483938389e+01 4.193575442422208965e+01
2.838497482624182666e+01 5.678400502361667890e+01 4.193575442422208965e+01
2.843501034830992680e+01 5.692081070154159761e+01 4.193575442422208965e+01
2.848502647862418868e+01 5.691194239929652809e+01 4.193575442422208965e+01
2.853508393835680224e+01 5.688229126021828819e+01 4.193575442422208965e+01
2.858501657709735255e+01 5.679178661978185971e+01 4.193575442422208965e+01
2.863498054340625742e+01 5.667511354108944488e+01 4.193575442422208965e+01
2.868501636720259995e+01 5.667716105934979254e+01 4.193575442422208965e+01
2.873503316835737564e+01 5.669494570527741928e+01 4.193575442422208965e+01
2.878503498814174577e+01 5.678435323717738470e+01 4.193575442422208965e+01
2.883499190836502279e+01 5.677460612998066836e+01 4.193575442422208965e+01
2.888498631502357483e+01 5.685051971137972515e+01 4.193575442422208965e+01
2.893495000626588265e+01 5.684074919329852094e+01 4.193575442422208965e+01
2.898500036432614380e+01 5.668512445849432169e+01 4.193575442422208965e+01
2.903509861546637438e+01 5.660212303172001214e+01 4.193575442422208965e+01
2.908509207483089298e+01 5.649457383883512307e+01 4.193575442422208965e+01
2.913504495481950229e+01 5.640790690527079931e+01 4.193575442422208965e+01
2.918500836395550735e+01 5.636839119035522572e+01 4.193575442422208965e+01
2.923495718662698550e+01 5.636038818270100847e+01 4.193575442422208965e+01
2.928496207259495421e+01 5.627510232957703806e+01 4.193575442422208965e+01
2.933507426259881257e+01 5.630042143121885090e+01 4.193575442422208965e+01
2.938508181516578688e+01 5.640962550279844123e+01 4.193575442422208965e+01
2.943498225301185300e+01 5.639649597508184087e+01 4.193575442422208965e+01
2.948499858116320738e+01 5.619758438303359327e+01 4.193575442422208965e+01
2.953503956580185985e+01 5.615199057484566936e+01 4.193575442422208965e+01
2.958499896666411288e+01 5.619314961959894106e+01 4.193575442422208965e+01
2.963499333290878823e+01 5.615717075404360514e+01 4.193575442422208965e+01
2.968503373938486689e+01 5.601400287725446248e+01 4.193575442422208965e+01
2.973501494685912405e+01 5.594455505737517598e+01 4.193575442422208965e+01
2.978501452515847703e+01 5.608404755617085868e+01 4.193575442422208965e+01
2.983502715796966243e+01 5.607660951424136186e+01 4.193575442422208965e+01
2.988500919213149487e+01 5.604573085303385938e+01 4.193575442422208965e+01
2.993496485179967692e+01 5.597267615827986020e+01 4.193575442422208965e+01
2.998492561128389156e+01 5.595681281072408098e+01 4.193575442422208965e+01
3.003499817560929586e+01 5.596188644639103416e+01 4.193575442422208965e+01
3.008502556456793897e+01 5.594052181120475353e+01 4.193575442422208965e+01
3.013494008816754999e+01 5.592527733804215728e+01 4.193575442422208965e+01
3.018492673547769911e+01 5.585313294669521156e+01 4.193575442422208965e+01
3.023500315153119189e+01 5.584638416886088663e+01 4.193575442422208965e+01
3.028498131448523623e+01 5.594542796928811867e+01 4.193575442422208965e+01
3.033495417861680465e+01 5.587534762459028315e+01 4.193575442422208965e+01
3.038498345260273936e+01 5.587231166466754928e+01 4.193575442422208965e+01
3.043498939861261121e+01 5.589857660792715421e+01 4.193575442422208965e+01
3.048502194613474714e+01 5.578914959973018028e+01 4.193575442422208965e+01
3.053502301362196647e+01 5.580664283033939199e+01 4.193575442422208965e+01
3.058495949956653348e+01 5.585232105691792981e+01 4.193575442422208965e+01
3.063489983455229648e+01 5.589309818300581156e+01 4.193575442422208965e+01
3.068497696715034095e+01 5.589770072215284102e+01 4.193575442422208965e+01
3.073509074860540480e+01 5.588290426693603052e+01 4.193575442422208965e+01
3.078509960315929206e+01 5.580825837523904198e+01 4.193575442422208965e+01
3.083509925779301497e+01 5.577069143703851495e+01 4.193575442422208965e+01
3.088502185481159401e+01 5.578647310899246037e+01 4.193575442422208965e+01
3.093497026923844118e+01 5.576208548538500054e+01 4.193575442422208965e+01
3.098500837521540419e+01 5.567435332654203961e+01 4.193575442422208965e+01
3.103503142039876295e+01 5.553909794217905471e+01 4.193575442422208965e+01
3.108506759362598970e+01 5.554194490869093670e+01 4.193575442422208965e+01
3.113503374503685350e+01 5.549970434788290419e+01 4.193575442422208965e+01
3.118500365593765977e+01 5.553314143943136116e+01 4.193575442422208965e+01
3.123500974421094156e+01 5.559288682562809214e+01 4.193575442422208965e+01
3.128501507026141226e+01 5.555652391903470999e+01 4.193575442422208965e+01
3.133507249490528324e+01 5.545990946041521852e+01 4.193575442422208965e+01
3.138502440591334519e+01 5.535860971839526457e+01 4.193575442422208965e+01
3.143504823904290646e+01 5.544352892946837841e+01 4.193575442422208965e+01
3.148510614177524758e+01 5.564725821180617515e+01 4.193575442422208965e+01
3.153501675197719933e+01 5.568508257837087427e+01 4.193575442422208965e+01
3.158501348571202527e+01 5.556664442540557047e+01 4.193575442422208965e+01
3.163508986356812969e+01 5.549210101994013655e+01 4.193575442422208965e+01
3.168511752018606131e+01 5.530443814102437727e+01 4.193575442422208965e+01
3.173514170463571205e+01 5.521020482789023021e+01 4.193575442422208965e+01
3.178509011011270502e+01 5.521758212121616083e+01 4.193575442422208965e+01
3.183500843705502703e+01 5.526678649927499976e+01 4.193575442422208965e+01
3.188501666940159751e+01 5.526191403794425128e+01 4.193575442422208965e+01
3.193503202990384793e+01 5.537036563687274082e+01 4.193575442422208965e+01
3.198506613067839410e+01 5.541349031437549399e+01 4.193575442422208965e+01
3.203505890021113345e+01 5.511191901811546501e+01 4.193575442422208965e+01
3.208493732419461963e+01 5.493395576843629158e+01 4.193575442422208965e+01
3.213495366395236630e+01 5.491682583781906146e+01 4.193575442422208965e+01
