8.899641323548096450e-02 4.570051983173077133e+03 0.000000000000000000e+00
1.448080953624513445e-01 1.057349681712962820e+03 0.000000000000000000e+00
1;95;0c1.950822866625256113e-01 -3.327919270833333485e+02 0.000000000000000000e+00
2.418344986082902603e-01 -6.446462511660448058e+01 0.000000000000000000e+00
2.844150324662526597e-01 -8.282432183159723138e+01 0.000000000000000000e+00
3.311492092627331685e-01 6.317400434680450871e+01 0.000000000000000000e+00
3.854527006682739732e-01 2.686292005565068308e+01 0.000000000000000000e+00
4.379760757023590800e-01 8.439419542337608604e+00 0.000000000000000000e+00
4.845354905265206735e-01 2.432128031193996520e+01 0.000000000000000000e+00
5.331869425000370644e-01 -1.137128906250000071e+01 0.000000000000000000e+00
5.864416905016403003e-01 9.704907071058917367e+00 0.000000000000000000e+00
6.393143479449987510e-01 -4.723815571833648086e+00 0.000000000000000000e+00
6.875509482501400704e-01 -5.924115878222836251e+00 0.000000000000000000e+00
7.360532472319636366e-01 6.204957613031915287e+00 0.000000000000000000e+00
7.867697342078286971e-01 -1.505583270826839071e+00 0.000000000000000000e+00
8.376194660778666368e-01 2.091716864828844002e+00 0.000000000000000000e+00
8.876896880604894235e-01 -1.210063550920050801e+00 0.000000000000000000e+00
9.363402658038668669e-01 -1.653401578730450572e+00 0.000000000000000000e+00
9.849243849049101884e-01 -1.159879101079451802e+00 0.000000000000000000e+00
1.033922473950819487e+00 1.024305401426373052e+00 0.000000000000000000e+00
1.083968788523273830e+00 -1.167479298875888083e-01 0.000000000000000000e+00
1.133915541218776246e+00 1.058611662911132179e+00 0.000000000000000000e+00
1.183819436428001248e+00 -1.904504614537820606e+00 0.000000000000000000e+00
1.235159589274556602e+00 8.763098162943060432e-01 0.000000000000000000e+00
1.285686788879907949e+00 -9.128978435809796677e-02 0.000000000000000000e+00
1.335577748586906033e+00 8.989829966294939911e-01 0.000000000000000000e+00
1.385007992768898966e+00 7.542585041804592549e-01 0.000000000000000000e+00
1.434761006508366910e+00 -8.632845931200076872e-02 0.000000000000000000e+00
1.483809371322070803e+00 -4.350903985570642174e-01 0.000000000000000000e+00
1.534060792161507925e+00 4.088220049777647747e-01 0.000000000000000000e+00
1.585002278264664888e+00 7.021754356733806990e-01 0.000000000000000000e+00
1.635527410472897403e+00 1.750885931879496427e-01 0.000000000000000000e+00
1.685676391865528423e+00 -2.730637308497667337e-02 0.000000000000000000e+00
1.734789433360194755e+00 -5.890997147389050864e-02 0.000000000000000000e+00
1.784875565396764951e+00 -2.351987804201847998e-01 0.000000000000000000e+00
1.835586570008190588e+00 -1.826641485008690668e-01 0.000000000000000000e+00
1.885448157908552691e+00 -7.526431188206214040e-01 0.000000000000000000e+00
1.935207439362316428e+00 -4.836981831072064142e-01 0.000000000000000000e+00
1.985052992803765015e+00 2.125820172257407992e-01 0.000000000000000000e+00
2.035079590713408937e+00 -4.796539346939256432e-01 0.000000000000000000e+00
2.085261259228671005e+00 6.023899223883235829e-03 0.000000000000000000e+00
2.135521812674741060e+00 5.829990292652387218e-01 0.000000000000000000e+00
2.185539865877868859e+00 -4.572103711298036721e-02 0.000000000000000000e+00
2.234928417494250752e+00 -1.950984397385386870e-01 0.000000000000000000e+00
2.285020483940173541e+00 -3.161293351348057334e-01 0.000000000000000000e+00
2.335227126917563290e+00 2.683264406172973793e-01 0.000000000000000000e+00
2.385597458206195398e+00 4.530960872938293860e-01 0.000000000000000000e+00
2.435604585857625182e+00 -1.791197307220059876e-01 0.000000000000000000e+00
2.485423401501763330e+00 -1.653879633398189219e-01 0.000000000000000000e+00
2.535218303430096576e+00 -1.785713721146961752e-01 0.000000000000000000e+00
2.585301717955153844e+00 1.715826082734820679e-01 0.000000000000000000e+00
2.635310621692829258e+00 -8.538178856060989197e-02 0.000000000000000000e+00
2.684883533713459336e+00 1.635097002640965511e-02 0.000000000000000000e+00
2.734760511342632316e+00 -2.716062903681642493e-01 0.000000000000000000e+00
2.784962555331770062e+00 -2.911569630925365387e-02 0.000000000000000000e+00
2.835387565949985422e+00 -2.985527143412404841e-02 0.000000000000000000e+00
2.885384254562536110e+00 1.122917326695966334e-01 0.000000000000000000e+00
2.935452697317705084e+00 -1.497586422566845599e-01 0.000000000000000000e+00
2.985584946861008060e+00 2.767525441563951083e-01 0.000000000000000000e+00
3.035281973877222761e+00 1.472749205811157425e-01 0.000000000000000000e+00
3.084822103129104764e+00 4.764078755496297529e-02 0.000000000000000000e+00
3.135015350087773989e+00 -1.814201735338564214e-01 0.000000000000000000e+00
3.185847982026314362e+00 -3.509097765379831646e-02 0.000000000000000000e+00
3.235464408484991061e+00 -9.647191791783053805e-02 0.000000000000000000e+00
3.285149658618915502e+00 -7.119899719180988740e-02 0.000000000000000000e+00
3.335370615645364634e+00 1.240270834728920968e-01 0.000000000000000000e+00
3.385209898508314996e+00 1.224427946621487739e-01 0.000000000000000000e+00
3.434934112077638879e+00 1.154986747832064398e-01 0.000000000000000000e+00
3.484151880424383396e+00 1.653582525663004066e-01 0.000000000000000000e+00
3.534737654629889203e+00 3.345444447392677961e-02 0.000000000000000000e+00
3.585624261789238432e+00 -1.137230727120092100e-01 0.000000000000000000e+00
3.635262333854326844e+00 3.790034784803340134e-02 0.000000000000000000e+00
3.685039256951247122e+00 -8.462869389274002563e-02 0.000000000000000000e+00
3.735233298459508244e+00 1.452925406950815457e-01 0.000000000000000000e+00
3.785147580586893934e+00 -5.321168881024346958e-02 0.000000000000000000e+00
3.835695018070195861e+00 -8.979527930964051330e-02 0.000000000000000000e+00
3.885539873192506377e+00 -1.264955179299681320e-01 0.000000000000000000e+00
3.934696648644303352e+00 -1.112810191063498544e-01 0.000000000000000000e+00
3.985162965584265304e+00 6.988941201908454833e-04 0.000000000000000000e+00
4.035471487646510091e+00 -1.327313034491058863e-01 0.000000000000000000e+00
4.085372705036187213e+00 -1.501947045858292029e-01 0.000000000000000000e+00
4.135141121895999028e+00 5.451907351063580570e-02 0.000000000000000000e+00
4.184482326706712385e+00 2.613525780217024544e-02 0.000000000000000000e+00
4.234523823648805418e+00 -9.434306924450161502e-02 0.000000000000000000e+00
4.284609124085813292e+00 1.508082409432983384e-01 0.000000000000000000e+00
4.334887301479964705e+00 -7.969572224312455877e-02 0.000000000000000000e+00
4.385302499000811594e+00 -2.482043295352032164e-02 0.000000000000000000e+00
4.435186196473425824e+00 -4.684976681902270484e-02 0.000000000000000000e+00
4.485197364325797409e+00 -9.894253601749813942e-02 0.000000000000000000e+00
4.535537527983671602e+00 -8.000109831256414783e-02 0.000000000000000000e+00
4.585513271404134450e+00 4.589650282171667955e-02 0.000000000000000000e+00
4.634965284950676612e+00 -3.081901904392733704e-02 0.000000000000000000e+00
4.684823536717123815e+00 -1.509148894341419238e-02 0.000000000000000000e+00
4.735220518702936587e+00 6.184670131407996041e-02 0.000000000000000000e+00
4.785263605082985983e+00 -9.206993226360160598e-02 0.000000000000000000e+00
4.835259232697663556e+00 5.332449402704457844e-03 0.000000000000000000e+00
4.885376870001424621e+00 -1.843642163462535372e-02 0.000000000000000000e+00
4.935301902824286380e+00 -6.425044028050623524e-02 0.000000000000000000e+00
4.985473083840958886e+00 -3.795695922754757645e-02 0.000000000000000000e+00
5.035412558343983491e+00 -2.132649617448136720e-02 0.000000000000000000e+00
5.085460294222076350e+00 3.546066045594620242e-02 0.000000000000000000e+00
5.135289803448600310e+00 6.125573684954643827e-02 0.000000000000000000e+00
5.185032520573041204e+00 1.774316620408443110e-02 0.000000000000000000e+00
5.234850251783559116e+00 2.962465236985931810e-02 0.000000000000000000e+00
5.284974752151396338e+00 -6.807963180658659075e-02 0.000000000000000000e+00
5.335255304675732724e+00 7.950346128237710530e-02 0.000000000000000000e+00
5.385226941869014183e+00 3.621217662169429457e-03 0.000000000000000000e+00
5.435093414465236528e+00 3.992872580861074605e-02 0.000000000000000000e+00
5.485028900036975408e+00 -6.427418207477235412e-02 0.000000000000000000e+00
5.535369898797608990e+00 5.937466356253654626e-02 0.000000000000000000e+00
5.585317464617740590e+00 -1.246926159731061474e-02 0.000000000000000000e+00
5.634959412056486094e+00 -3.051138419926090889e-02 0.000000000000000000e+00
5.685029758810561162e+00 7.106325772296391563e-02 0.000000000000000000e+00
5.734808126101578196e+00 1.159428562908838833e-02 0.000000000000000000e+00
5.785204671217075933e+00 6.521926894995047630e-02 0.000000000000000000e+00
5.835595383591638097e+00 -1.309221853044624864e-02 0.000000000000000000e+00
5.885099705458816111e+00 6.585682222858973978e-02 0.000000000000000000e+00
5.934848410668140950e+00 4.912611232329740923e-02 0.000000000000000000e+00
5.985196547442282800e+00 -2.415048953388244934e-02 0.000000000000000000e+00
6.035486174940983162e+00 -5.743406750567247622e-03 0.000000000000000000e+00
6.085325279241985186e+00 4.435583636374315110e-03 0.000000000000000000e+00
6.135085486579567871e+00 6.290970938019157903e-03 0.000000000000000000e+00
6.184888436502457232e+00 -1.768241383476759979e-02 0.000000000000000000e+00
6.235029371165762058e+00 6.622085034646642970e-03 0.000000000000000000e+00
6.285013590301256947e+00 2.050629195041058644e-02 0.000000000000000000e+00
6.334991409707096288e+00 -1.448814335448067592e-02 0.000000000000000000e+00
6.385041519748988925e+00 4.041427419983247005e-02 0.000000000000000000e+00
6.434975721315313812e+00 -1.377282918093187050e-03 0.000000000000000000e+00
6.485280363044087615e+00 2.742140900959373281e-02 0.000000000000000000e+00
6.535416874783217978e+00 -3.158618048377543480e-02 0.000000000000000000e+00
6.585380878873609234e+00 -2.794473808269910473e-02 0.000000000000000000e+00
6.635104421514804507e+00 2.036055818814033053e-02 0.000000000000000000e+00
6.684781936645507905e+00 2.054256777731788136e-02 0.000000000000000000e+00
6.735145019191668858e+00 2.305539083104779161e-02 0.000000000000000000e+00
6.785484310639345651e+00 4.112917576311066192e-02 0.000000000000000000e+00
6.835069983673240479e+00 2.887727024200865272e-02 0.000000000000000000e+00
6.884859417295578154e+00 -1.584725391564064181e-02 0.000000000000000000e+00
6.935355612194037178e+00 -7.449943966563788746e-03 0.000000000000000000e+00
6.985394515797676895e+00 1.896755629990411196e-02 0.000000000000000000e+00
7.034922173494991604e+00 -2.485741718886324073e-02 0.000000000000000000e+00
7.084541644025414087e+00 4.625019925133237036e-02 0.000000000000000000e+00
7.134492388478031799e+00 -2.471546185853887995e-02 0.000000000000000000e+00
7.184836085760269775e+00 9.908062214841209525e-03 0.000000000000000000e+00
7.235281431471350722e+00 -3.265343425723904458e-02 0.000000000000000000e+00
7.285158542839955231e+00 -4.095727281863813241e-02 0.000000000000000000e+00
7.334994866462388963e+00 -1.256212980123602198e-02 0.000000000000000000e+00
7.385036014789000625e+00 -1.364605863251439934e-02 0.000000000000000000e+00
7.435042277965444590e+00 -2.673053688421044363e-02 0.000000000000000000e+00
7.485223592156194705e+00 -5.535094965713673910e-03 0.000000000000000000e+00
7.535266472986156039e+00 1.213629909445403457e-02 0.000000000000000000e+00
7.585148990618067799e+00 -2.502378584441516864e-03 0.000000000000000000e+00
7.635267236183615580e+00 -4.968229651242338056e-03 0.000000000000000000e+00
7.685330414506132080e+00 2.791673390191548934e-02 0.000000000000000000e+00
7.735344685230187700e+00 5.015363216105620491e-03 0.000000000000000000e+00
7.785330483772995969e+00 4.791551846869725184e-02 0.000000000000000000e+00
7.834761832474934629e+00 -4.118668421404701415e-04 0.000000000000000000e+00
7.884484420735616617e+00 5.678919212629744695e-03 0.000000000000000000e+00
7.934886275689092550e+00 -3.466953361792417948e-02 0.000000000000000000e+00
7.985027633925892765e+00 2.461429645376771863e-02 0.000000000000000000e+00
8.034964647769141877e+00 -2.441074503956131361e-02 0.000000000000000000e+00
8.085037081011565263e+00 1.449261889897095028e-02 0.000000000000000000e+00
8.135210740574738253e+00 2.305765570553454727e-03 0.000000000000000000e+00
8.185171412298620552e+00 1.906240119146728612e-02 0.000000000000000000e+00
8.234851685324960258e+00 8.477211902238050018e-03 0.000000000000000000e+00
8.284952683584384303e+00 5.291989328077376445e-03 0.000000000000000000e+00
8.335101055446942908e+00 -2.463592524091761868e-02 0.000000000000000000e+00
8.385121635699965381e+00 2.166455345112775887e-03 0.000000000000000000e+00
8.435202770999854494e+00 -4.204029551571987489e-03 0.000000000000000000e+00
8.485152015979231521e+00 -2.534271097824595045e-02 0.000000000000000000e+00
8.534970558995501833e+00 2.343957848336140209e-02 0.000000000000000000e+00
8.584943353041420977e+00 -1.883990601037987059e-02 0.000000000000000000e+00
8.635099409501286516e+00 1.540425328674026491e-02 0.000000000000000000e+00
8.685126877716973226e+00 2.291752390356868729e-02 0.000000000000000000e+00
8.735139517930596398e+00 3.058279492515343992e-02 0.000000000000000000e+00
8.785167076524256657e+00 -1.316940119016428781e-02 0.000000000000000000e+00
8.834939158351296840e+00 5.089642877658251408e-02 0.000000000000000000e+00
8.884964740422104157e+00 2.166188724804901308e-02 0.000000000000000000e+00
8.935124000705533476e+00 2.316309156220310896e-03 0.000000000000000000e+00
8.985127489085840580e+00 -1.256619992213566829e-02 0.000000000000000000e+00
9.035265046452737536e+00 4.239673043134538355e-02 0.000000000000000000e+00
9.085196565938222335e+00 -3.996227180900906173e-02 0.000000000000000000e+00
9.134926709958008928e+00 -1.920884177603076476e-02 0.000000000000000000e+00
9.185157474150241086e+00 3.109435212259889589e-03 0.000000000000000000e+00
9.235291320298310680e+00 -1.396227791555154814e-02 0.000000000000000000e+00
9.285092122152331484e+00 1.426820977603235211e-03 0.000000000000000000e+00
9.334907817633720128e+00 -9.287952561949766594e-03 0.000000000000000000e+00
9.384925913340945058e+00 3.906936917910979606e-03 0.000000000000000000e+00
9.435005700254814442e+00 1.263108019421649644e-02 0.000000000000000000e+00
9.484846973764282652e+00 2.020377218405807265e-02 0.000000000000000000e+00
9.535053339925784854e+00 -9.020050598857133964e-03 0.000000000000000000e+00
9.585148484630341414e+00 1.594176490878093308e-02 0.000000000000000000e+00
9.635175604414920159e+00 -1.496185330323158806e-02 0.000000000000000000e+00
9.685272388073006056e+00 -5.163912063694324657e-03 0.000000000000000000e+00
9.735267651789188292e+00 -2.827961731883583615e-03 0.000000000000000000e+00
9.785106718646577662e+00 7.982567657701503810e-03 0.000000000000000000e+00
9.835036654763204211e+00 -1.229133263631486742e-03 0.000000000000000000e+00
9.885080117034645397e+00 2.976029731633120668e-03 0.000000000000000000e+00
9.935053116209049406e+00 2.091177266343824653e-03 0.000000000000000000e+00
9.985047954935728498e+00 1.804487725846216223e-02 0.000000000000000000e+00
1.003493641968782235e+01 9.826456496478735633e-03 0.000000000000000000e+00
1.008496760761574507e+01 -1.150710067048169548e-02 0.000000000000000000e+00
1.013505517142033696e+01 -3.419286223915219552e-02 0.000000000000000000e+00
1.018499348439089580e+01 3.784224343626391759e-03 0.000000000000000000e+00
1.023485181331652605e+01 -2.750068474163834542e-02 0.000000000000000000e+00
1.028490076264209918e+01 4.319687175457141877e-03 0.000000000000000000e+00
1.033508016021523979e+01 2.559061812892896026e-02 0.000000000000000000e+00
1.038503814993866037e+01 -3.612510818368641716e-03 0.000000000000000000e+00
1.043506092056377987e+01 -1.926043523687550121e-02 0.000000000000000000e+00
1.048500648683518222e+01 7.613496137686801175e-03 0.000000000000000000e+00
1.053492467464587357e+01 -1.930152485910768356e-04 0.000000000000000000e+00
1.058493633210190055e+01 2.222597158748349302e-03 0.000000000000000000e+00
1.063496141493038571e+01 -3.282303607804543544e-03 0.000000000000000000e+00
1.068510956159988190e+01 -5.067375206736638923e-03 0.000000000000000000e+00
1.073519324482465542e+01 1.800770982130649525e-02 0.000000000000000000e+00
1.078499374610442985e+01 2.969150921101245452e-03 0.000000000000000000e+00
1.083498852684137681e+01 7.438505412617381005e-03 0.000000000000000000e+00
1.088532717033764108e+01 -1.962477283416540902e-02 0.000000000000000000e+00
1.093533967140946928e+01 -5.712604974085037923e-03 0.000000000000000000e+00
1.098516814213459369e+01 -1.930106640422408343e-02 0.000000000000000000e+00
1.103487009664334018e+01 -1.347296511889344538e-02 0.000000000000000000e+00
1.108482779519205685e+01 -1.039011044932977752e-03 0.000000000000000000e+00
1.113497951311520850e+01 -1.269114025148471506e-02 0.000000000000000000e+00
1.118504655472112930e+01 -4.977584219432245119e-03 0.000000000000000000e+00
1.123510664327012165e+01 3.882091943179652276e-03 0.000000000000000000e+00
1.128492672628014759e+01 5.756076053331849948e-03 0.000000000000000000e+00
1.133483676091637449e+01 -5.265026913160476829e-03 0.000000000000000000e+00
1.138496869555097213e+01 1.391714047788053694e-02 0.000000000000000000e+00
1.143488632814817052e+01 1.972718255284295480e-02 0.000000000000000000e+00
1.148507158105109838e+01 -1.019090240428457972e-02 0.000000000000000000e+00
1.153512077344084652e+01 -1.047394366164295515e-02 0.000000000000000000e+00
1.158496874923152120e+01 -6.232702131186991512e-03 0.000000000000000000e+00
1.163503447483404862e+01 1.997939637373494486e-03 0.000000000000000000e+00
1.168514574175370413e+01 -5.523722663844754348e-03 0.000000000000000000e+00
1.173520144267176768e+01 7.753451396871649873e-03 0.000000000000000000e+00
1.178499978579660024e+01 1.269044865607166228e-02 0.000000000000000000e+00
1.183489361131316109e+01 -5.221399976036487575e-03 0.000000000000000000e+00
1.188508688648073353e+01 8.259681427981434634e-03 0.000000000000000000e+00
1.193507368630230303e+01 -1.538956339494447706e-03 0.000000000000000000e+00
1.198501534283204073e+01 1.755252504233376434e-02 0.000000000000000000e+00
1.203499287021151787e+01 1.765586378522722259e-03 0.000000000000000000e+00
1.208500207354710376e+01 1.711056950110575320e-02 0.000000000000000000e+00
1.213511755040241447e+01 1.716566304926005117e-03 0.000000000000000000e+00
1.218508185768859775e+01 -1.151408033826285815e-02 0.000000000000000000e+00
1.223499578229461093e+01 1.996070483440508941e-03 0.000000000000000000e+00
1.228482496548857839e+01 -6.230651992476077261e-03 0.000000000000000000e+00
1.233472258167685354e+01 2.569732690498048415e-03 0.000000000000000000e+00
1.238495919658963373e+01 2.343181858663403137e-03 0.000000000000000000e+00
1.243501623080759977e+01 -2.263799900709911970e-03 0.000000000000000000e+00
1.248498520461935968e+01 -1.455432673137394516e-02 0.000000000000000000e+00
1.253491772764473389e+01 -6.278647752053024070e-03 0.000000000000000000e+00
1.258505667599542477e+01 2.489570200309549307e-04 0.000000000000000000e+00
1.263533194845266294e+01 -1.022675467120276807e-02 0.000000000000000000e+00
1.268509781067005449e+01 6.358810612457624876e-03 0.000000000000000000e+00
1.273496424556897288e+01 -5.728750996707917273e-04 0.000000000000000000e+00
1.278509996901004975e+01 2.369123597184636699e-03 0.000000000000000000e+00
1.283513809744099454e+01 -7.650501783983277258e-03 0.000000000000000000e+00
1.288513662977390872e+01 -9.092459556488472275e-03 0.000000000000000000e+00
1.293516775797505858e+01 -1.574023909627927584e-02 0.000000000000000000e+00
1.298508564746807004e+01 3.395690478405433577e-03 0.000000000000000000e+00
1.303485050444322191e+01 -4.677972080042460366e-03 0.000000000000000000e+00
1.308477248822843464e+01 -2.261568342868049315e-03 0.000000000000000000e+00
1.313495048384857000e+01 1.146530725305106024e-02 0.000000000000000000e+00
1.318508214353928665e+01 1.159298880484728109e-02 0.000000000000000000e+00
1.323498058186023130e+01 -3.063759842029202540e-03 0.000000000000000000e+00
1.328501693617584500e+01 3.479167162763980702e-03 0.000000000000000000e+00
1.333523870267546485e+01 1.626890098045087954e-02 0.000000000000000000e+00
1.338517858123485915e+01 8.577600076774402268e-03 0.000000000000000000e+00
1.343509981213488302e+01 -6.486607644004951066e-03 0.000000000000000000e+00
1.348497851692220806e+01 -2.961544367945262348e-03 0.000000000000000000e+00
1.353502032703213587e+01 1.010484339898092606e-03 0.000000000000000000e+00
1.358510348967521608e+01 -9.554715322819187914e-04 0.000000000000000000e+00
1.363504968078970769e+01 -1.314620838121707087e-03 0.000000000000000000e+00
1.368512606201380066e+01 -1.133293420887161555e-02 0.000000000000000000e+00
1.373499467664954388e+01 1.208818538973079407e-02 0.000000000000000000e+00
1.378492307579496234e+01 -4.192900269025989259e-03 0.000000000000000000e+00
1.383507424762243687e+01 1.080491274761143441e-02 0.000000000000000000e+00
1.388511084066553458e+01 -2.549295298974064289e-03 0.000000000000000000e+00
1.393507568847607203e+01 -2.487504929585968722e-03 0.000000000000000000e+00
1.398506445617934446e+01 4.403282233894405262e-03 0.000000000000000000e+00
1.403502933207308878e+01 -7.928396155977891074e-03 0.000000000000000000e+00
1.408509116651932658e+01 -4.375941705045881432e-03 0.000000000000000000e+00
1.413501876932126322e+01 1.989688546629154575e-03 0.000000000000000000e+00
1.418492186532934873e+01 8.727754169261633032e-04 0.000000000000000000e+00
1.423490351986086466e+01 1.287616073095639371e-02 0.000000000000000000e+00
1.428504941701871722e+01 -4.501581392292268273e-03 0.000000000000000000e+00
1.433512393770669036e+01 -6.515616285239322729e-03 0.000000000000000000e+00
1.438498778231173958e+01 -1.151307118012481756e-02 0.000000000000000000e+00
1.443505469180176348e+01 -2.734987502026829751e-03 0.000000000000000000e+00
1.448509396921661008e+01 -2.376209030762657399e-03 0.000000000000000000e+00
1.453500725043747011e+01 -1.220160687832936262e-02 0.000000000000000000e+00
1.458506203599850082e+01 -5.253152783121394637e-03 0.000000000000000000e+00
1.463510945522735618e+01 3.740350891756507538e-03 0.000000000000000000e+00
1.468518338522024536e+01 -1.084506846610333586e-02 0.000000000000000000e+00
1.473511674948366057e+01 3.718693589472082169e-03 0.000000000000000000e+00
1.478499469255191379e+01 -1.014385015556616178e-02 0.000000000000000000e+00
1.483519165114115879e+01 -9.101905760549691997e-04 0.000000000000000000e+00
1.488517752652281168e+01 2.494426578197688187e-03 0.000000000000000000e+00
1.493491330480827983e+01 1.991134852718855468e-03 0.000000000000000000e+00
1.498495676551141820e+01 -3.114436567454467904e-03 0.000000000000000000e+00
1.503511884068045923e+01 1.845264567774158957e-03 0.000000000000000000e+00
1.508508315088700869e+01 -1.130072917671077863e-02 0.000000000000000000e+00
1.513503556379768966e+01 6.412228410588448509e-03 0.000000000000000000e+00
1.518499676732287540e+01 6.895849130081958996e-03 0.000000000000000000e+00
1.523508436290063095e+01 6.198788846828186781e-03 0.000000000000000000e+00
1.528522781999686053e+01 -1.345950063531200537e-03 0.000000000000000000e+00
1.533502167931889559e+01 -6.869332897269177923e-03 0.000000000000000000e+00
1.538498481261066075e+01 6.120794297736148817e-03 0.000000000000000000e+00
1.543513611943905417e+01 2.032481620815488471e-03 0.000000000000000000e+00
1.548505834224075706e+01 -4.783990226842924770e-03 0.000000000000000000e+00
1.553504763409418921e+01 3.511948316650962050e-04 0.000000000000000000e+00
1.558510724608531106e+01 3.885391865551988781e-03 0.000000000000000000e+00
1.563520755254619132e+01 -4.127602167713702482e-03 0.000000000000000000e+00
1.568514954075441636e+01 3.017190917897969761e-03 0.000000000000000000e+00
1.573497001906558346e+01 3.535945838757118421e-03 0.000000000000000000e+00
1.578501951482137855e+01 -3.317942723818140347e-03 0.000000000000000000e+00
1.583505996699327234e+01 -2.567253824248639203e-03 0.000000000000000000e+00
1.588504732433563937e+01 -1.872796007758900216e-03 0.000000000000000000e+00
1.593492601146461141e+01 -9.589226636594335796e-04 0.000000000000000000e+00
1.598497954552474276e+01 -3.618924290146031909e-04 0.000000000000000000e+00
1.603519544557364185e+01 -4.849928000951054217e-03 0.000000000000000000e+00
1.608505934770346002e+01 8.781715822689145808e-04 0.000000000000000000e+00
1.613492369455208220e+01 -4.851336908604356180e-03 0.000000000000000000e+00
1.618487545351322154e+01 -1.042913032204480055e-02 0.000000000000000000e+00
1.623491462415037034e+01 5.597408865912299226e-03 0.000000000000000000e+00
1.628502566686339392e+01 -1.325066031836949487e-04 0.000000000000000000e+00
1.633514483849683430e+01 1.834415102213794333e-03 0.000000000000000000e+00
1.638505554887958837e+01 -3.664806671812314166e-03 0.000000000000000000e+00
1.643503370695393073e+01 1.696019189500131297e-03 0.000000000000000000e+00
1.648511919866944808e+01 -4.315338925583053938e-03 0.000000000000000000e+00
1.653520949175244326e+01 5.517513516516555010e-06 0.000000000000000000e+00
1.658506906510178069e+01 6.288061399816088394e-03 0.000000000000000000e+00
1.663488141241765206e+01 3.263767197874763875e-04 0.000000000000000000e+00
1.668486705482716204e+01 -4.204698265688067670e-03 0.000000000000000000e+00
1.673492103191636104e+01 -6.593316372599959674e-03 0.000000000000000000e+00
1.678500937030894846e+01 -5.390674130371106085e-03 0.000000000000000000e+00
1.683496483388560350e+01 2.815180033791214644e-03 0.000000000000000000e+00
1.688490029853898733e+01 -1.699489390034349427e-03 0.000000000000000000e+00
1.693486900501934400e+01 7.647731308109504550e-03 0.000000000000000000e+00
1.698500806291582776e+01 2.529315411833130828e-04 0.000000000000000000e+00
1.703516048416506479e+01 6.424801592867246565e-03 0.000000000000000000e+00
1.708509007434781068e+01 4.126572447443755884e-03 0.000000000000000000e+00
1.713498442939637201e+01 -5.175571786241523614e-03 0.000000000000000000e+00
1.718492428173238196e+01 -1.330532324644328936e-03 0.000000000000000000e+00
1.723486141856428233e+01 4.343013949459769221e-03 0.000000000000000000e+00
1.728495617542862206e+01 -1.813346872728775067e-04 0.000000000000000000e+00
1.733506984443393506e+01 -5.595791498794935176e-03 0.000000000000000000e+00
1.738497568670722160e+01 4.177037624404106200e-04 0.000000000000000000e+00
1.743490614939463157e+01 -3.512479027015643403e-03 0.000000000000000000e+00
1.748496913497200467e+01 -5.683477423257413640e-03 0.000000000000000000e+00
1.753507445822357624e+01 1.859190611976200983e-03 0.000000000000000000e+00
1.758513482966695562e+01 2.390169003024853085e-03 0.000000000000000000e+00
1.763511755933055269e+01 3.180874306251126006e-04 0.000000000000000000e+00
1.768508466776422239e+01 5.715281988922561902e-03 0.000000000000000000e+00
1.773505073952180311e+01 4.269635319523344338e-03 0.000000000000000000e+00
1.778508782630178686e+01 5.679572500021812936e-04 0.000000000000000000e+00
1.783504284633070824e+01 1.840352158900035559e-04 0.000000000000000000e+00
1.788499742965798589e+01 2.507414109578335465e-03 0.000000000000000000e+00
1.793498972719416429e+01 1.705039668080731135e-03 0.000000000000000000e+00
1.798499848428144787e+01 9.559047414246825414e-04 0.000000000000000000e+00
1.803510953377203663e+01 -4.221815890771331986e-03 0.000000000000000000e+00
1.808516677532512062e+01 2.502968106690942919e-03 0.000000000000000000e+00
1.813507550829074688e+01 -2.083888036831729827e-03 0.000000000000000000e+00
1.818496845642778936e+01 1.327936516804386225e-03 0.000000000000000000e+00
1.823497139660265276e+01 2.315353725381570811e-03 0.000000000000000000e+00
1.828507879191377228e+01 -2.307945448827108340e-03 0.000000000000000000e+00
1.833510418824468857e+01 -4.212794006930181863e-03 0.000000000000000000e+00
1.838506948334563873e+01 -5.866041737547532386e-03 0.000000000000000000e+00
1.843507536407004466e+01 -3.683292257951762717e-03 0.000000000000000000e+00
1.848504942076525737e+01 4.057294006445821659e-03 0.000000000000000000e+00
1.853507441616272544e+01 -5.953589453340854022e-03 0.000000000000000000e+00
1.858511879045116899e+01 -9.379370400321787593e-03 0.000000000000000000e+00
1.863495525648787421e+01 8.531048498792572626e-03 0.000000000000000000e+00
1.868488130392274016e+01 -5.561075113876646353e-03 0.000000000000000000e+00
1.873504875184114482e+01 -1.418068703189193482e-03 0.000000000000000000e+00
1.878514388429111648e+01 6.110849251014459881e-03 0.000000000000000000e+00
1.883511007463363995e+01 -3.822978667386634551e-03 0.000000000000000000e+00
1.888497244834255895e+01 -8.411074632028529277e-04 0.000000000000000000e+00
1.893485641817745346e+01 -2.304635619693109084e-03 0.000000000000000000e+00
1.898490619453832551e+01 5.352600793141802996e-03 0.000000000000000000e+00
1.903488786107232045e+01 1.857647824537083606e-03 0.000000000000000000e+00
1.908487881142723097e+01 3.723492060981781378e-03 0.000000000000000000e+00
1.913492348207432414e+01 -1.956899016480017663e-03 0.000000000000000000e+00
1.918501168728120021e+01 4.443693478126940245e-03 0.000000000000000000e+00
1.923514124826581906e+01 -9.512988166354652492e-04 0.000000000000000000e+00
1.928506748334755017e+01 -2.941563781273485046e-03 0.000000000000000000e+00
1.933495430610808086e+01 2.323891156219541447e-03 0.000000000000000000e+00
1.938494634755015866e+01 6.231759202318012513e-04 0.000000000000000000e+00
1.943493914899500297e+01 1.116611411567752093e-03 0.000000000000000000e+00
1.948497893127760250e+01 -3.567525299143650165e-03 0.000000000000000000e+00
1.953503482368078537e+01 -4.346515738016964070e-04 0.000000000000000000e+00
1.958498207675637559e+01 2.575668547189037874e-05 0.000000000000000000e+00
1.963504343592175871e+01 5.763459725587049935e-03 0.000000000000000000e+00
1.968503863116305297e+01 7.212591099806390550e-03 0.000000000000000000e+00
1.973506536610938156e+01 -5.174754262243523063e-03 0.000000000000000000e+00
1.978512121103143784e+01 1.117636837731465554e-03 0.000000000000000000e+00
1.983496687045177964e+01 -4.077586807679556280e-03 0.000000000000000000e+00
1.988498280723141320e+01 1.557162635840802275e-03 0.000000000000000000e+00
1.993508900434436626e+01 2.171405666942835110e-03 0.000000000000000000e+00
1.998508408833317418e+01 -1.011859997162406185e-04 0.000000000000000000e+00
2.003507324128244704e+01 3.960032357212063363e-03 0.000000000000000000e+00
2.008505399653831702e+01 3.843889622057877504e-03 0.000000000000000000e+00
2.013499669309325313e+01 -2.513923578378950141e-03 0.000000000000000000e+00
2.018502569446345518e+01 2.295862249202303834e-03 0.000000000000000000e+00
2.023503536485620202e+01 -4.581702256865676295e-03 0.000000000000000000e+00
2.028511407188591065e+01 -2.825265927044831940e-03 0.000000000000000000e+00
2.033506684544470744e+01 -3.885532736323107222e-03 0.000000000000000000e+00
2.038493053717687786e+01 7.335527220086631697e-05 0.000000000000000000e+00
2.043503656635626342e+01 -1.179424217434811356e-03 0.000000000000000000e+00
2.048515681613748640e+01 -1.854515267351719478e-03 0.000000000000000000e+00
2.053512184950790243e+01 2.308765998346603687e-03 0.000000000000000000e+00
2.058506579015766036e+01 4.246792028319449318e-03 0.000000000000000000e+00
2.063503949539584070e+01 6.507343696014400262e-03 0.000000000000000000e+00
2.068496726901411620e+01 5.958036499096755565e-04 0.000000000000000000e+00
2.073499283942112825e+01 8.421115001127859158e-04 0.000000000000000000e+00
2.078510852351926275e+01 -2.929239760126789785e-03 0.000000000000000000e+00
2.083507144762231178e+01 1.628943296280775839e-03 0.000000000000000000e+00
2.088503448202894930e+01 2.747521664456558299e-04 0.000000000000000000e+00
2.093502569401122670e+01 -5.773464921788486540e-03 0.000000000000000000e+00
2.098501092220254804e+01 -5.279242020247022771e-03 0.000000000000000000e+00
2.103489933635630749e+01 -3.127360301692860400e-03 0.000000000000000000e+00
2.108484379460264790e+01 -3.295019578237659737e-03 0.000000000000000000e+00
2.113497050350854778e+01 4.243074721679420541e-03 0.000000000000000000e+00
2.118501489664703996e+01 -1.067647108351310012e-04 0.000000000000000000e+00
2.123500322597652001e+01 2.209826576637803717e-03 0.000000000000000000e+00
2.128496140673073000e+01 1.477526479313138715e-03 0.000000000000000000e+00
2.133497759989855780e+01 1.138249767962969507e-03 0.000000000000000000e+00
2.138501427804164834e+01 5.013186506735260728e-04 0.000000000000000000e+00
2.143512307678850348e+01 -9.366941565037389646e-04 0.000000000000000000e+00
2.148520101455627085e+01 -2.540549534285245839e-03 0.000000000000000000e+00
2.153506198237843705e+01 -1.169592006004221106e-03 0.000000000000000000e+00
2.158501725909731306e+01 4.172177773936255364e-03 0.000000000000000000e+00
2.163513192522731643e+01 -8.146592621510811375e-04 0.000000000000000000e+00
2.168511393406111054e+01 -3.802720742288242042e-03 0.000000000000000000e+00
2.173504372356545389e+01 -5.457399332669626802e-04 0.000000000000000000e+00
2.178497281075374303e+01 -8.264094102581341682e-04 0.000000000000000000e+00
2.183494731131466438e+01 2.297396920846749273e-03 0.000000000000000000e+00
2.188500823254057082e+01 -4.869136386764543606e-03 0.000000000000000000e+00
2.193509886117685070e+01 4.500066631211854969e-03 0.000000000000000000e+00
2.198516119020909798e+01 -1.192698647792130332e-03 0.000000000000000000e+00
2.203505025422927233e+01 -7.042722235514669790e-03 0.000000000000000000e+00
2.208496894321325854e+01 1.079240999321617834e-03 0.000000000000000000e+00
2.213503419908408887e+01 -5.829970219498636138e-04 0.000000000000000000e+00
2.218516000856649484e+01 -8.027576199947897458e-04 0.000000000000000000e+00
2.223516154100823528e+01 3.218193101536250488e-04 0.000000000000000000e+00
2.228504923601680332e+01 -3.215618712836678956e-03 0.000000000000000000e+00
2.233504290137151926e+01 1.555016617962313693e-04 0.000000000000000000e+00
2.238504178238817488e+01 -2.796804503769506644e-04 0.000000000000000000e+00
2.243506292974217686e+01 -1.763089699789019936e-03 0.000000000000000000e+00
2.248498010803980307e+01 -6.115866398310042251e-03 0.000000000000000000e+00
2.253497408768199151e+01 -3.045571909701806895e-03 0.000000000000000000e+00
2.258504576314178891e+01 -2.454543602986731729e-03 0.000000000000000000e+00
2.263501755529657089e+01 -3.330864579922511275e-03 0.000000000000000000e+00
2.268497133650677711e+01 -2.500265374722666521e-04 0.000000000000000000e+00
2.273496946975517119e+01 -8.776858246341793113e-04 0.000000000000000000e+00
2.278495606365159531e+01 2.345797720683418918e-03 0.000000000000000000e+00
2.283504517344439222e+01 2.880156126680212796e-03 0.000000000000000000e+00
2.288515384815983467e+01 -1.614276740337773934e-03 0.000000000000000000e+00
2.293513970257658485e+01 2.893042327746117321e-03 0.000000000000000000e+00
2.298499895949208849e+01 -1.954623666873944038e-03 0.000000000000000000e+00
2.303494368627049482e+01 -2.246046147582899701e-03 0.000000000000000000e+00
2.308506613449876355e+01 -1.018209937701618347e-03 0.000000000000000000e+00
2.313508392148495574e+01 -5.387814919997524661e-04 0.000000000000000000e+00
2.318502453278797404e+01 2.461721119697208356e-03 0.000000000000000000e+00
2.323497485065410117e+01 1.052541346520756470e-03 0.000000000000000000e+00
2.328497090944668102e+01 -2.123308064755786637e-03 0.000000000000000000e+00
2.333499385253491454e+01 -6.584391917042520248e-03 0.000000000000000000e+00
2.338498727106783193e+01 3.056635220357247894e-03 0.000000000000000000e+00
2.343501191119998239e+01 5.701006591149723789e-04 0.000000000000000000e+00
2.348496544655622387e+01 -1.430400660084538101e-03 0.000000000000000000e+00
2.353495792677599496e+01 -1.121016583166523821e-03 0.000000000000000000e+00
2.358500365650586872e+01 -1.576511906077699039e-03 0.000000000000000000e+00
2.363496159683297293e+01 -9.813834459647440348e-04 0.000000000000000000e+00
2.368501138596607802e+01 7.270870077916520915e-03 0.000000000000000000e+00
2.373498470094738977e+01 4.958945087490215136e-04 0.000000000000000000e+00
2.378496214819288213e+01 3.638746160690906322e-03 0.000000000000000000e+00
2.383497596387970674e+01 7.449408959161543404e-04 0.000000000000000000e+00
2.388498789192226113e+01 1.150526057869957980e-03 0.000000000000000000e+00
2.393503375318008253e+01 9.628483202220723637e-04 0.000000000000000000e+00
2.398501935373159100e+01 -5.208030719963467094e-03 0.000000000000000000e+00
2.403496569110036774e+01 4.566532459886624467e-06 0.000000000000000000e+00
2.408498673386322153e+01 2.528360395234733292e-03 0.000000000000000000e+00
2.413506042996912626e+01 3.024433203366790621e-04 0.000000000000000000e+00
2.418502307876385871e+01 1.952545211234193306e-03 0.000000000000000000e+00
2.423492163595081550e+01 -3.618309872363843164e-03 0.000000000000000000e+00
2.428490428825202585e+01 1.251143093654274140e-03 0.000000000000000000e+00
2.433496680196650530e+01 1.391228565679521884e-03 0.000000000000000000e+00
2.438512209170648148e+01 2.595207882034275028e-04 0.000000000000000000e+00
2.443514839901259350e+01 7.977699504552185827e-04 0.000000000000000000e+00
2.448509052949892961e+01 4.503199805177341732e-03 0.000000000000000000e+00
2.453509143701500861e+01 1.880339972167369687e-04 0.000000000000000000e+00
2.458502365090511788e+01 -1.330989589424291580e-03 0.000000000000000000e+00
2.463504153640463201e+01 6.959288040356443336e-04 0.000000000000000000e+00
2.468508194249478649e+01 -3.246320176716259947e-05 0.000000000000000000e+00
2.473503958790242407e+01 -1.798870927579730196e-03 0.000000000000000000e+00
2.478500304505123708e+01 -1.420676199856779620e-03 0.000000000000000000e+00
2.483507100557675784e+01 -2.553469204601757463e-03 0.000000000000000000e+00
2.488511954357796441e+01 2.806746087650198560e-04 0.000000000000000000e+00
2.493506250080584152e+01 1.255447285526017952e-04 0.000000000000000000e+00
2.498502129798272975e+01 -4.262128851853382006e-04 0.000000000000000000e+00
2.503501437401748220e+01 -7.797968457283056647e-04 0.000000000000000000e+00
2.508506646650047855e+01 7.639960455964430114e-05 0.000000000000000000e+00
2.513508907173123674e+01 2.208390155182348054e-03 0.000000000000000000e+00
2.518507998159773820e+01 -6.874534344109412259e-04 0.000000000000000000e+00
2.523505185786540750e+01 1.862492077789177540e-03 0.000000000000000000e+00
2.528493522995301390e+01 -6.131410130274841377e-04 0.000000000000000000e+00
2.533497298671538545e+01 -1.091629110812597590e-03 0.000000000000000000e+00
2.538502983866438711e+01 3.471549753342405807e-03 0.000000000000000000e+00
2.543495840570060551e+01 9.957377565605811214e-04 0.000000000000000000e+00
2.548490619549177083e+01 1.503275801661386026e-03 0.000000000000000000e+00
2.553504240236605227e+01 -6.780317203326738807e-04 0.000000000000000000e+00
2.558513992818135208e+01 2.681186868091002193e-03 0.000000000000000000e+00
2.563511225024596385e+01 1.543052744780498611e-03 0.000000000000000000e+00
2.568502585376510083e+01 4.975958189008826329e-04 0.000000000000000000e+00
2.573498204820310065e+01 1.496776935529681293e-03 0.000000000000000000e+00
2.578500790559889566e+01 3.354470372156230550e-04 0.000000000000000000e+00
2.583497123978640531e+01 -3.095371747832566895e-04 0.000000000000000000e+00
2.588498768970100627e+01 1.403669478395070920e-03 0.000000000000000000e+00
2.593504047435509818e+01 -3.880203466695247806e-04 0.000000000000000000e+00
2.598492966214148936e+01 1.185746308096321134e-03 0.000000000000000000e+00
2.603490575269462681e+01 1.866973814607543166e-03 0.000000000000000000e+00
2.608498537799486172e+01 6.095304455265997167e-04 0.000000000000000000e+00
2.613498443791063153e+01 4.232232671533441210e-04 0.000000000000000000e+00
2.618506832819802099e+01 1.664816596450084370e-03 0.000000000000000000e+00
2.623502416925955671e+01 1.467440036780049903e-03 0.000000000000000000e+00
2.628500242861670344e+01 3.364819847321050684e-04 0.000000000000000000e+00
2.633505458811568190e+01 -7.568587044734364372e-05 0.000000000000000000e+00
2.638505163208250437e+01 -9.171878549070000899e-04 0.000000000000000000e+00
2.643507388196501040e+01 6.772312877473170029e-04 0.000000000000000000e+00
2.648507376463455287e+01 -1.750561785599344779e-03 0.000000000000000000e+00
2.653501897948297028e+01 -4.490330877787840195e-04 0.000000000000000000e+00
2.658500608304605706e+01 1.403843264262979876e-03 0.000000000000000000e+00
2.663500634603502704e+01 -6.093154117411566078e-04 0.000000000000000000e+00
2.668499674593755699e+01 5.185450848764715497e-04 0.000000000000000000e+00
2.673507012876124023e+01 1.441648488602266303e-03 0.000000000000000000e+00
2.678510131184463461e+01 -4.696891856460477972e-03 0.000000000000000000e+00
2.683506136577998191e+01 -8.834649210149030530e-04 0.000000000000000000e+00
2.688505297879097711e+01 -1.660914217535585996e-03 0.000000000000000000e+00
2.693504435016774679e+01 -2.548966506430125865e-03 0.000000000000000000e+00
2.698504814319771228e+01 -1.297465321324739636e-03 0.000000000000000000e+00
2.703494373337554890e+01 -8.793047456873671289e-04 0.000000000000000000e+00
2.708497938352233092e+01 2.558057984999449058e-03 0.000000000000000000e+00
2.713508632778151508e+01 3.451453288936802920e-04 0.000000000000000000e+00
2.718506074587872945e+01 2.533596958111400486e-03 0.000000000000000000e+00
2.723503231188058749e+01 -1.451008781586726054e-03 0.000000000000000000e+00
2.728504324376617163e+01 5.366079494649706556e-04 0.000000000000000000e+00
2.733507363034057747e+01 -1.493692797620715376e-03 0.000000000000000000e+00
2.738505164772542599e+01 1.967622013453302308e-03 0.000000000000000000e+00
2.743504695427340678e+01 1.245411849564071523e-03 0.000000000000000000e+00
2.748503541076832590e+01 3.642321235839686335e-03 0.000000000000000000e+00
2.753504854886516995e+01 4.835496819605477399e-05 0.000000000000000000e+00
2.758506909532711049e+01 3.913200282026121891e-04 0.000000000000000000e+00
2.763503959560177492e+01 4.324554066392483483e-05 0.000000000000000000e+00
2.768493112797089140e+01 3.129141746766806158e-03 0.000000000000000000e+00
2.773486671198879705e+01 9.939001213999756651e-05 0.000000000000000000e+00
2.778493406100407626e+01 3.060742519756654359e-03 0.000000000000000000e+00
2.783494474738006019e+01 -3.546712531518638714e-04 0.000000000000000000e+00
2.788491097421039200e+01 -1.407459069882366614e-03 0.000000000000000000e+00
2.793491799818713872e+01 8.335151602696487397e-04 0.000000000000000000e+00
2.798497835561302693e+01 -1.495930779672913610e-05 0.000000000000000000e+00
2.803500194300229609e+01 -3.374497848316347463e-03 0.000000000000000000e+00
2.808497359419805051e+01 1.028521029899027170e-03 0.000000000000000000e+00
2.813500712900244238e+01 6.140761865463561283e-04 0.000000000000000000e+00
2.818498298316923822e+01 -4.141596882218009576e-03 0.000000000000000000e+00
2.823501278705563422e+01 -1.360796153239664068e-03 0.000000000000000000e+00
2.828508221076129558e+01 1.276459518526222364e-03 0.000000000000000000e+00
2.833502532700387277e+01 -9.070295310761992448e-04 0.000000000000000000e+00
2.838497482624182666e+01 1.112787113889246188e-03 0.000000000000000000e+00
2.843501034830992680e+01 -5.003363254653982184e-04 0.000000000000000000e+00
2.848502647862418868e+01 -6.949079597564255173e-04 0.000000000000000000e+00
2.853508393835680224e+01 -1.982253340438312750e-03 0.000000000000000000e+00
2.858501657709735255e+01 -3.178076496081572253e-03 0.000000000000000000e+00
2.863498054340625742e+01 -1.510317902445419344e-03 0.000000000000000000e+00
2.868501636720259995e+01 2.431688856769137833e-03 0.000000000000000000e+00
2.873503316835737564e+01 -3.567269890952089531e-03 0.000000000000000000e+00
2.878503498814174577e+01 2.010134915039419462e-03 0.000000000000000000e+00
2.883499190836502279e+01 -4.157425906690684846e-04 0.000000000000000000e+00
2.888498631502357483e+01 1.845940620886170076e-03 0.000000000000000000e+00
2.893495000626588265e+01 -2.317943921376833596e-03 0.000000000000000000e+00
2.898500036432614380e+01 -2.257349773335967603e-04 0.000000000000000000e+00
2.903509861546637438e+01 -3.439114097198293744e-04 0.000000000000000000e+00
2.908509207483089298e+01 -1.023770566063500562e-03 0.000000000000000000e+00
2.913504495481950229e+01 9.032136177183886340e-04 0.000000000000000000e+00
2.918500836395550735e+01 -3.529178155001722289e-04 0.000000000000000000e+00
2.923495718662698550e+01 1.771812876473783521e-03 0.000000000000000000e+00
2.928496207259495421e+01 6.575256630570415137e-04 0.000000000000000000e+00
2.933507426259881257e+01 -2.078392898815325206e-03 0.000000000000000000e+00
2.938508181516578688e+01 9.727706494617342282e-06 0.000000000000000000e+00
2.943498225301185300e+01 1.824587142639028103e-03 0.000000000000000000e+00
2.948499858116320738e+01 -1.550401226788096195e-03 0.000000000000000000e+00
2.953503956580185985e+01 -1.735791052281058372e-03 0.000000000000000000e+00
2.958499896666411288e+01 -3.747068524536274758e-04 0.000000000000000000e+00
2.963499333290878823e+01 -1.074320019056468995e-03 0.000000000000000000e+00
2.968503373938486689e+01 -5.975823925304140282e-05 0.000000000000000000e+00
2.973501494685912405e+01 -1.876117291257828465e-03 0.000000000000000000e+00
2.978501452515847703e+01 -7.174634319240936033e-04 0.000000000000000000e+00
2.983502715796966243e+01 -2.672445978344410982e-03 0.000000000000000000e+00
2.988500919213149487e+01 -1.462191860764630201e-03 0.000000000000000000e+00
2.993496485179967692e+01 -1.289165204864267797e-03 0.000000000000000000e+00
2.998492561128389156e+01 -2.398461105506990033e-03 0.000000000000000000e+00
3.003499817560929586e+01 -1.921121790631334300e-03 0.000000000000000000e+00
3.008502556456793897e+01 -1.719398080593326087e-03 0.000000000000000000e+00
3.013494008816754999e+01 3.357005037426602327e-03 0.000000000000000000e+00
3.018492673547769911e+01 -3.220600556874952079e-03 0.000000000000000000e+00
3.023500315153119189e+01 -1.685547405262466077e-03 0.000000000000000000e+00
3.028498131448523623e+01 -1.980857723210450603e-04 0.000000000000000000e+00
3.033495417861680465e+01 -1.312695993001632968e-03 0.000000000000000000e+00
3.038498345260273936e+01 -1.506193336539308862e-03 0.000000000000000000e+00
3.043498939861261121e+01 -1.814651665020819036e-03 0.000000000000000000e+00
3.048502194613474714e+01 1.062837145579828427e-03 0.000000000000000000e+00
3.053502301362196647e+01 -1.910939405227940133e-03 0.000000000000000000e+00
3.058495949956653348e+01 1.288632639958049286e-03 0.000000000000000000e+00
3.063489983455229648e+01 -2.233591018269268091e-03 0.000000000000000000e+00
3.068497696715034095e+01 4.715095641396189726e-04 0.000000000000000000e+00
3.073509074860540480e+01 -1.020048010967490116e-03 0.000000000000000000e+00
3.078509960315929206e+01 2.444854405879853376e-03 0.000000000000000000e+00
3.083509925779301497e+01 -1.287350567896469039e-03 0.000000000000000000e+00
3.088502185481159401e+01 2.087747634488776229e-03 0.000000000000000000e+00
3.093497026923844118e+01 1.247670773000683197e-03 0.000000000000000000e+00
3.098500837521540419e+01 -7.986326568137144940e-04 0.000000000000000000e+00
3.103503142039876295e+01 1.149961440061774689e-03 0.000000000000000000e+00
3.108506759362598970e+01 -1.202161993865114974e-03 0.000000000000000000e+00
3.113503374503685350e+01 2.918332998499994536e-03 0.000000000000000000e+00
3.118500365593765977e+01 5.754260654905613004e-04 0.000000000000000000e+00
3.123500974421094156e+01 1.851224535153836014e-03 0.000000000000000000e+00
3.128501507026141226e+01 2.785277663311081474e-04 0.000000000000000000e+00
3.133507249490528324e+01 -5.634936054988267306e-04 0.000000000000000000e+00
3.138502440591334519e+01 -1.770424902699227910e-03 0.000000000000000000e+00
3.143504823904290646e+01 -9.368653193022658844e-04 0.000000000000000000e+00
3.148510614177524758e+01 -7.825448555083005207e-04 0.000000000000000000e+00
3.153501675197719933e+01 1.121765641101389686e-03 0.000000000000000000e+00
3.158501348571202527e+01 5.685963759843238501e-04 0.000000000000000000e+00
3.163508986356812969e+01 4.658265398370032466e-04 0.000000000000000000e+00
3.168511752018606131e+01 -2.085395732817251684e-04 0.000000000000000000e+00
3.173514170463571205e+01 2.078429630340184906e-04 0.000000000000000000e+00
3.178509011011270502e+01 -3.843919323543533765e-04 0.000000000000000000e+00
3.183500843705502703e+01 -3.773717573584345819e-04 0.000000000000000000e+00
3.188501666940159751e+01 1.390227994142707781e-03 0.000000000000000000e+00
3.193503202990384793e+01 -8.268564449078161542e-04 0.000000000000000000e+00
3.198506613067839410e+01 -1.886246099710956565e-03 0.000000000000000000e+00
3.203505890021113345e+01 -2.769935696609479255e-04 0.000000000000000000e+00
3.208493732419461963e+01 1.008265971929451360e-03 0.000000000000000000e+00
3.213495366395236630e+01 4.018401121133245257e-04 0.000000000000000000e+00
