8.899641323548096450e-02 7.596466089195464738e+05 7.308338814587443721e+01
1.448080953624513445e-01 4.783669536488911253e+05 7.308338814587443721e+01
1.950822866625256113e-01 2.466740277229652565e+05 7.308338814587443721e+01
2.418344986082902603e-01 1.093054837760332302e+05 7.308338814587443721e+01
2.844150324662526597e-01 3.867946105629856902e+04 7.308338814587443721e+01
3.311492092627331685e-01 9.932051010350365686e+03 7.308338814587443721e+01
3.854527006682739732e-01 9.993288757972846724e+03 7.308338814587443721e+01
4.379760757023590800e-01 1.240496683019473676e+04 7.308338814587443721e+01
4.845354905265206735e-01 1.071566033945269191e+04 7.308338814587443721e+01
5.331869425000370644e-01 8.276159855097368563e+03 7.308338814587443721e+01
5.864416905016403003e-01 5.036984021620579369e+03 7.308338814587443721e+01
6.393143479449987510e-01 3.563127859491176878e+03 7.308338814587443721e+01
6.875509482501400704e-01 3.840242118299798221e+03 7.308338814587443721e+01
7.360532472319636366e-01 3.545215193414409441e+03 7.308338814587443721e+01
7.867697342078286971e-01 3.220585564472579335e+03 7.308338814587443721e+01
8.376194660778666368e-01 3.228280809384990334e+03 7.308338814587443721e+01
8.876896880604894235e-01 2.597430317437881968e+03 7.308338814587443721e+01
9.363402658038668669e-01 2.368951625859728210e+03 7.308338814587443721e+01
9.849243849049101884e-01 2.291564592068470120e+03 7.308338814587443721e+01
1.033922473950819487e+00 2.100185930035943784e+03 7.308338814587443721e+01
1.083968788523273830e+00 2.231002203394112257e+03 7.308338814587443721e+01
1.133915541218776246e+00 2.019105574535972664e+03 7.308338814587443721e+01
1.183819436428001248e+00 1.708877425617096378e+03 7.308338814587443721e+01
1.235159589274556602e+00 1.575767039204552930e+03 7.308338814587443721e+01
1.285686788879907949e+00 1.490163126277202537e+03 7.308338814587443721e+01
1.335577748586906033e+00 1.448312750336149293e+03 7.308338814587443721e+01
1.385007992768898966e+00 1.418022223455638596e+03 7.308338814587443721e+01
1.434761006508366910e+00 1.322743827525483539e+03 7.308338814587443721e+01
1.483809371322070803e+00 1.190432662619336497e+03 7.308338814587443721e+01
1.534060792161507925e+00 1.111559078048587708e+03 7.308338814587443721e+01
1.585002278264664888e+00 1.032054447557126878e+03 7.308338814587443721e+01
1.635527410472897403e+00 1.037270784515996183e+03 7.308338814587443721e+01
1.685676391865528423e+00 1.034898941512027704e+03 7.308338814587443721e+01
1.734789433360194755e+00 9.757224848278166291e+02 7.308338814587443721e+01
1.784875565396764951e+00 9.431786040225055103e+02 7.308338814587443721e+01
1.835586570008190588e+00 8.623154531055739653e+02 7.308338814587443721e+01
1.885448157908552691e+00 7.893455949049730407e+02 7.308338814587443721e+01
1.935207439362316428e+00 7.279898795953857871e+02 7.308338814587443721e+01
1.985052992803765015e+00 6.817013003654524255e+02 7.308338814587443721e+01
2.035079590713408937e+00 6.597860704468438371e+02 7.308338814587443721e+01
2.085261259228671005e+00 6.215563271306358502e+02 7.308338814587443721e+01
2.135521812674741060e+00 5.912333211465381737e+02 7.308338814587443721e+01
2.185539865877868859e+00 5.690880751868995731e+02 7.308338814587443721e+01
2.234928417494250752e+00 5.461445647353735922e+02 7.308338814587443721e+01
2.285020483940173541e+00 5.463986502522055844e+02 7.308338814587443721e+01
2.335227126917563290e+00 5.546189462023929764e+02 7.308338814587443721e+01
2.385597458206195398e+00 5.520346285185156603e+02 7.308338814587443721e+01
2.435604585857625182e+00 5.329422217745999433e+02 7.308338814587443721e+01
2.485423401501763330e+00 5.155418977499324455e+02 7.308338814587443721e+01
2.535218303430096576e+00 4.778874747603639435e+02 7.308338814587443721e+01
2.585301717955153844e+00 4.553668971026993404e+02 7.308338814587443721e+01
2.635310621692829258e+00 4.459140676191308330e+02 7.308338814587443721e+01
2.684883533713459336e+00 4.525047376072201359e+02 7.308338814587443721e+01
2.734760511342632316e+00 4.480893429732285540e+02 7.308338814587443721e+01
2.784962555331770062e+00 4.379416244612864375e+02 7.308338814587443721e+01
2.835387565949985422e+00 4.301996252056507615e+02 7.308338814587443721e+01
2.885384254562536110e+00 4.311613151424008947e+02 7.308338814587443721e+01
2.935452697317705084e+00 4.252083874876362870e+02 7.308338814587443721e+01
2.985584946861008060e+00 4.012239537619497582e+02 7.308338814587443721e+01
3.035281973877222761e+00 3.827003606680650023e+02 7.308338814587443721e+01
3.084822103129104764e+00 3.535812588287952849e+02 7.308338814587443721e+01
3.135015350087773989e+00 3.378844388998844011e+02 7.308338814587443721e+01
3.185847982026314362e+00 3.378113305682472856e+02 7.308338814587443721e+01
3.235464408484991061e+00 3.390613977014253919e+02 7.308338814587443721e+01
3.285149658618915502e+00 3.524161425061582236e+02 7.308338814587443721e+01
3.335370615645364634e+00 3.474267940620569561e+02 7.308338814587443721e+01
3.385209898508314996e+00 3.285912899066012756e+02 7.308338814587443721e+01
3.434934112077638879e+00 3.096699113465113555e+02 7.308338814587443721e+01
3.484151880424383396e+00 2.946546819136100339e+02 7.308338814587443721e+01
3.534737654629889203e+00 2.871864239831261898e+02 7.308338814587443721e+01
3.585624261789238432e+00 2.882559488977315141e+02 7.308338814587443721e+01
3.635262333854326844e+00 2.924665297223497191e+02 7.308338814587443721e+01
3.685039256951247122e+00 2.929263915239178573e+02 7.308338814587443721e+01
3.735233298459508244e+00 2.941761542711603283e+02 7.308338814587443721e+01
3.785147580586893934e+00 2.872573028862369711e+02 7.308338814587443721e+01
3.835695018070195861e+00 2.825025464946484135e+02 7.308338814587443721e+01
3.885539873192506377e+00 2.735601056152663659e+02 7.308338814587443721e+01
3.934696648644303352e+00 2.590958012778405077e+02 7.308338814587443721e+01
3.985162965584265304e+00 2.555678283991377384e+02 7.308338814587443721e+01
4.035471487646510091e+00 2.488798410156817909e+02 7.308338814587443721e+01
4.085372705036187213e+00 2.427020006255608564e+02 7.308338814587443721e+01
4.135141121895999028e+00 2.411688491216137322e+02 7.308338814587443721e+01
4.184482326706712385e+00 2.367886083890272744e+02 7.308338814587443721e+01
4.234523823648805418e+00 2.338702970264193368e+02 7.308338814587443721e+01
4.284609124085813292e+00 2.321799412766258683e+02 7.308338814587443721e+01
4.334887301479964705e+00 2.309148388775865897e+02 7.308338814587443721e+01
4.385302499000811594e+00 2.324865876609079010e+02 7.308338814587443721e+01
4.435186196473425824e+00 2.289424607129045057e+02 7.308338814587443721e+01
4.485197364325797409e+00 2.266256312932462720e+02 7.308338814587443721e+01
4.535537527983671602e+00 2.201512607267919748e+02 7.308338814587443721e+01
4.585513271404134450e+00 2.137309480633156227e+02 7.308338814587443721e+01
4.634965284950676612e+00 2.090660543847771464e+02 7.308338814587443721e+01
4.684823536717123815e+00 2.060434153858174682e+02 7.308338814587443721e+01
4.735220518702936587e+00 2.016370234283447189e+02 7.308338814587443721e+01
4.785263605082985983e+00 1.962084248212731268e+02 7.308338814587443721e+01
4.835259232697663556e+00 1.886296669907101204e+02 7.308338814587443721e+01
4.885376870001424621e+00 1.845216375631983965e+02 7.308338814587443721e+01
4.935301902824286380e+00 1.805706992943014484e+02 7.308338814587443721e+01
4.985473083840958886e+00 1.782861281110644995e+02 7.308338814587443721e+01
5.035412558343983491e+00 1.779460024678891443e+02 7.308338814587443721e+01
5.085460294222076350e+00 1.771973599489733147e+02 7.308338814587443721e+01
5.135289803448600310e+00 1.756282581604700965e+02 7.308338814587443721e+01
5.185032520573041204e+00 1.726837171172834644e+02 7.308338814587443721e+01
5.234850251783559116e+00 1.698441095920783539e+02 7.308338814587443721e+01
5.284974752151396338e+00 1.665342891694423884e+02 7.308338814587443721e+01
5.335255304675732724e+00 1.647072816772699753e+02 7.308338814587443721e+01
5.385226941869014183e+00 1.642797415607835205e+02 7.308338814587443721e+01
5.435093414465236528e+00 1.606989076053206986e+02 7.308338814587443721e+01
5.485028900036975408e+00 1.574698145096662358e+02 7.308338814587443721e+01
5.535369898797608990e+00 1.550830454561188958e+02 7.308338814587443721e+01
5.585317464617740590e+00 1.534621131526932629e+02 7.308338814587443721e+01
5.634959412056486094e+00 1.508024764299635763e+02 7.308338814587443721e+01
5.685029758810561162e+00 1.491777432854837571e+02 7.308338814587443721e+01
5.734808126101578196e+00 1.487904922881166669e+02 7.308338814587443721e+01
5.785204671217075933e+00 1.477180030142701810e+02 7.308338814587443721e+01
5.835595383591638097e+00 1.468898405316783169e+02 7.308338814587443721e+01
5.885099705458816111e+00 1.454795838845202809e+02 7.308338814587443721e+01
5.934848410668140950e+00 1.445975151432762686e+02 7.308338814587443721e+01
5.985196547442282800e+00 1.440603742822880520e+02 7.308338814587443721e+01
6.035486174940983162e+00 1.435934470589026262e+02 7.308338814587443721e+01
6.085325279241985186e+00 1.450018873347398767e+02 7.308338814587443721e+01
6.135085486579567871e+00 1.469513940970965677e+02 7.308338814587443721e+01
6.184888436502457232e+00 1.469632680238446198e+02 7.308338814587443721e+01
6.235029371165762058e+00 1.465588715634993662e+02 7.308338814587443721e+01
6.285013590301256947e+00 1.430250244275614477e+02 7.308338814587443721e+01
6.334991409707096288e+00 1.395548160280182799e+02 7.308338814587443721e+01
6.385041519748988925e+00 1.358734037813458713e+02 7.308338814587443721e+01
6.434975721315313812e+00 1.334644146367606936e+02 7.308338814587443721e+01
6.485280363044087615e+00 1.315607969917504931e+02 7.308338814587443721e+01
6.535416874783217978e+00 1.298558852908996926e+02 7.308338814587443721e+01
6.585380878873609234e+00 1.279963255444399692e+02 7.308338814587443721e+01
6.635104421514804507e+00 1.270229046187201334e+02 7.308338814587443721e+01
6.684781936645507905e+00 1.264363292934191634e+02 7.308338814587443721e+01
6.735145019191668858e+00 1.263251958990732646e+02 7.308338814587443721e+01
6.785484310639345651e+00 1.240302704157869869e+02 7.308338814587443721e+01
6.835069983673240479e+00 1.232800558953357211e+02 7.308338814587443721e+01
6.884859417295578154e+00 1.208403752737395962e+02 7.308338814587443721e+01
6.935355612194037178e+00 1.181967240359644791e+02 7.308338814587443721e+01
6.985394515797676895e+00 1.184503990493567755e+02 7.308338814587443721e+01
7.034922173494991604e+00 1.198125936291243647e+02 7.308338814587443721e+01
7.084541644025414087e+00 1.221622718090301021e+02 7.308338814587443721e+01
7.134492388478031799e+00 1.228739077788127929e+02 7.308338814587443721e+01
7.184836085760269775e+00 1.216499915754948233e+02 7.308338814587443721e+01
7.235281431471350722e+00 1.188877756491680771e+02 7.308338814587443721e+01
7.285158542839955231e+00 1.168779589934832472e+02 7.308338814587443721e+01
7.334994866462388963e+00 1.160406782138419999e+02 7.308338814587443721e+01
7.385036014789000625e+00 1.176988855969802046e+02 7.308338814587443721e+01
7.435042277965444590e+00 1.173444682942162558e+02 7.308338814587443721e+01
7.485223592156194705e+00 1.166278317494869441e+02 7.308338814587443721e+01
7.535266472986156039e+00 1.139692309515657485e+02 7.308338814587443721e+01
7.585148990618067799e+00 1.129310902874355804e+02 7.308338814587443721e+01
7.635267236183615580e+00 1.121401737563214454e+02 7.308338814587443721e+01
7.685330414506132080e+00 1.122698885515259519e+02 7.308338814587443721e+01
7.735344685230187700e+00 1.113490169373789342e+02 7.308338814587443721e+01
7.785330483772995969e+00 1.109255232505060462e+02 7.308338814587443721e+01
7.834761832474934629e+00 1.099502720575793262e+02 7.308338814587443721e+01
7.884484420735616617e+00 1.083847912616564315e+02 7.308338814587443721e+01
7.934886275689092550e+00 1.071506403996456243e+02 7.308338814587443721e+01
7.985027633925892765e+00 1.051324194398783618e+02 7.308338814587443721e+01
8.034964647769141877e+00 1.027867285523598184e+02 7.308338814587443721e+01
8.085037081011565263e+00 1.013092714093596953e+02 7.308338814587443721e+01
8.135210740574738253e+00 1.000800400866285145e+02 7.308338814587443721e+01
8.185171412298620552e+00 1.006773923001965727e+02 7.308338814587443721e+01
8.234851685324960258e+00 1.017339471060587925e+02 7.308338814587443721e+01
8.284952683584384303e+00 1.022071222364271534e+02 7.308338814587443721e+01
8.335101055446942908e+00 1.040820789073974879e+02 7.308338814587443721e+01
8.385121635699965381e+00 1.043742915780409533e+02 7.308338814587443721e+01
8.435202770999854494e+00 1.033061057540600700e+02 7.308338814587443721e+01
8.485152015979231521e+00 1.012420359551412048e+02 7.308338814587443721e+01
8.534970558995501833e+00 9.902511769146491361e+01 7.308338814587443721e+01
8.584943353041420977e+00 9.606757820525626812e+01 7.308338814587443721e+01
8.635099409501286516e+00 9.440845526448748615e+01 7.308338814587443721e+01
8.685126877716973226e+00 9.305825601507385159e+01 7.308338814587443721e+01
8.735139517930596398e+00 9.200044721099993694e+01 7.308338814587443721e+01
8.785167076524256657e+00 9.228128219903817353e+01 7.308338814587443721e+01
8.834939158351296840e+00 9.208166207399619907e+01 7.308338814587443721e+01
8.884964740422104157e+00 9.146253093156866498e+01 7.308338814587443721e+01
8.935124000705533476e+00 9.051923241683400079e+01 7.308338814587443721e+01
8.985127489085840580e+00 8.959693787833273859e+01 7.308338814587443721e+01
9.035265046452737536e+00 8.882239273945867808e+01 7.308338814587443721e+01
9.085196565938222335e+00 8.880555870394880458e+01 7.308338814587443721e+01
9.134926709958008928e+00 8.873498478620007290e+01 7.308338814587443721e+01
9.185157474150241086e+00 8.942693904396239191e+01 7.308338814587443721e+01
9.235291320298310680e+00 8.875251597327846298e+01 7.308338814587443721e+01
9.285092122152331484e+00 8.854029232369956048e+01 7.308338814587443721e+01
9.334907817633720128e+00 8.789685354706981002e+01 7.308338814587443721e+01
9.384925913340945058e+00 8.719022708326608040e+01 7.308338814587443721e+01
9.435005700254814442e+00 8.735377382965862125e+01 7.308338814587443721e+01
9.484846973764282652e+00 8.741611441177164465e+01 7.308338814587443721e+01
9.535053339925784854e+00 8.824078338906991803e+01 7.308338814587443721e+01
9.585148484630341414e+00 8.691161055621086007e+01 7.308338814587443721e+01
9.635175604414920159e+00 8.628399414022126734e+01 7.308338814587443721e+01
9.685272388073006056e+00 8.516163831495762793e+01 7.308338814587443721e+01
9.735267651789188292e+00 8.398582720278093916e+01 7.308338814587443721e+01
9.785106718646577662e+00 8.265530699014919946e+01 7.308338814587443721e+01
9.835036654763204211e+00 8.183526187363395366e+01 7.308338814587443721e+01
9.885080117034645397e+00 8.226328252145179931e+01 7.308338814587443721e+01
9.935053116209049406e+00 8.257988701312740432e+01 7.308338814587443721e+01
9.985047954935728498e+00 8.295104012723325582e+01 7.308338814587443721e+01
1.003493641968782235e+01 8.225941897359734867e+01 7.308338814587443721e+01
1.008496760761574507e+01 8.159600624341138086e+01 7.308338814587443721e+01
1.013505517142033696e+01 8.008670387276029601e+01 7.308338814587443721e+01
1.018499348439089580e+01 7.927176500439497886e+01 7.308338814587443721e+01
1.023485181331652605e+01 7.876027031871484496e+01 7.308338814587443721e+01
1.028490076264209918e+01 7.889147925518633997e+01 7.308338814587443721e+01
1.033508016021523979e+01 7.817665376304742608e+01 7.308338814587443721e+01
1.038503814993866037e+01 7.709415424259148608e+01 7.308338814587443721e+01
1.043506092056377987e+01 7.610782108904348320e+01 7.308338814587443721e+01
1.048500648683518222e+01 7.521585452495864388e+01 7.308338814587443721e+01
1.053492467464587357e+01 7.550685738208511566e+01 7.308338814587443721e+01
1.058493633210190055e+01 7.639293347891546659e+01 7.308338814587443721e+01
1.063496141493038571e+01 7.654360841999744025e+01 7.308338814587443721e+01
1.068510956159988190e+01 7.558183905316531082e+01 7.308338814587443721e+01
1.073519324482465542e+01 7.448506075586678321e+01 7.308338814587443721e+01
1.078499374610442985e+01 7.347474213893067940e+01 7.308338814587443721e+01
1.083498852684137681e+01 7.346457602242276153e+01 7.308338814587443721e+01
1.088532717033764108e+01 7.449538428194767903e+01 7.308338814587443721e+01
1.093533967140946928e+01 7.531900817359070288e+01 7.308338814587443721e+01
1.098516814213459369e+01 7.537080458930014970e+01 7.308338814587443721e+01
1.103487009664334018e+01 7.437862677998680283e+01 7.308338814587443721e+01
1.108482779519205685e+01 7.366970647478700585e+01 7.308338814587443721e+01
1.113497951311520850e+01 7.436707417188708291e+01 7.308338814587443721e+01
1.118504655472112930e+01 7.451120082919376841e+01 7.308338814587443721e+01
1.123510664327012165e+01 7.549472874982180315e+01 7.308338814587443721e+01
1.128492672628014759e+01 7.611888593028214700e+01 7.308338814587443721e+01
1.133483676091637449e+01 7.644887426321537305e+01 7.308338814587443721e+01
1.138496869555097213e+01 7.583776266878888350e+01 7.308338814587443721e+01
1.143488632814817052e+01 7.449437763802964696e+01 7.308338814587443721e+01
1.148507158105109838e+01 7.304822555199319822e+01 7.308338814587443721e+01
1.153512077344084652e+01 7.200387349558650385e+01 7.308338814587443721e+01
1.158496874923152120e+01 7.150529597957012129e+01 7.308338814587443721e+01
1.163503447483404862e+01 7.136363451670175095e+01 7.308338814587443721e+01
1.168514574175370413e+01 7.182280866831345634e+01 7.308338814587443721e+01
1.173520144267176768e+01 7.098354186828669299e+01 7.308338814587443721e+01
1.178499978579660024e+01 7.026688229783658812e+01 7.308338814587443721e+01
1.183489361131316109e+01 6.910868511049477547e+01 7.308338814587443721e+01
1.188508688648073353e+01 6.765952914501369264e+01 7.308338814587443721e+01
1.193507368630230303e+01 6.724599873453524879e+01 7.308338814587443721e+01
1.198501534283204073e+01 6.729087457105825365e+01 7.308338814587443721e+01
1.203499287021151787e+01 6.726070034119751995e+01 7.308338814587443721e+01
1.208500207354710376e+01 6.687066002959957700e+01 7.308338814587443721e+01
1.213511755040241447e+01 6.601069067127980361e+01 7.308338814587443721e+01
1.218508185768859775e+01 6.485232068561757046e+01 7.308338814587443721e+01
1.223499578229461093e+01 6.387290905215044745e+01 7.308338814587443721e+01
1.228482496548857839e+01 6.326887607864051688e+01 7.308338814587443721e+01
1.233472258167685354e+01 6.291570092347532750e+01 7.308338814587443721e+01
1.238495919658963373e+01 6.286269161434364605e+01 7.308338814587443721e+01
1.243501623080759977e+01 6.274729691767890927e+01 7.308338814587443721e+01
1.248498520461935968e+01 6.316522508933803692e+01 7.308338814587443721e+01
1.253491772764473389e+01 6.375107585639028684e+01 7.308338814587443721e+01
1.258505667599542477e+01 6.428302952540232695e+01 7.308338814587443721e+01
1.263533194845266294e+01 6.513452293729511666e+01 7.308338814587443721e+01
1.268509781067005449e+01 6.583244586793298936e+01 7.308338814587443721e+01
1.273496424556897288e+01 6.605115812001679387e+01 7.308338814587443721e+01
1.278509996901004975e+01 6.550727963842285817e+01 7.308338814587443721e+01
1.283513809744099454e+01 6.498013974061086628e+01 7.308338814587443721e+01
1.288513662977390872e+01 6.336872382791287350e+01 7.308338814587443721e+01
1.293516775797505858e+01 6.171497073744856721e+01 7.308338814587443721e+01
1.298508564746807004e+01 6.043298833729869557e+01 7.308338814587443721e+01
1.303485050444322191e+01 5.959650697539160547e+01 7.308338814587443721e+01
1.308477248822843464e+01 5.932899644370334613e+01 7.308338814587443721e+01
1.313495048384857000e+01 5.953692383402605515e+01 7.308338814587443721e+01
1.318508214353928665e+01 6.023491422936754702e+01 7.308338814587443721e+01
1.323498058186023130e+01 6.097960990157571359e+01 7.308338814587443721e+01
1.328501693617584500e+01 6.136526645903794019e+01 7.308338814587443721e+01
1.333523870267546485e+01 6.111922875617142381e+01 7.308338814587443721e+01
1.338517858123485915e+01 6.001639039906413586e+01 7.308338814587443721e+01
1.343509981213488302e+01 5.900076011117329244e+01 7.308338814587443721e+01
1.348497851692220806e+01 5.862737075447219581e+01 7.308338814587443721e+01
1.353502032703213587e+01 5.876170676914748014e+01 7.308338814587443721e+01
1.358510348967521608e+01 5.978865339177443161e+01 7.308338814587443721e+01
1.363504968078970769e+01 6.041092991552696390e+01 7.308338814587443721e+01
1.368512606201380066e+01 6.064103631773699021e+01 7.308338814587443721e+01
1.373499467664954388e+01 6.030644379114829690e+01 7.308338814587443721e+01
1.378492307579496234e+01 5.986122251486636969e+01 7.308338814587443721e+01
1.383507424762243687e+01 5.926109250870965184e+01 7.308338814587443721e+01
1.388511084066553458e+01 5.836422785910613698e+01 7.308338814587443721e+01
1.393507568847607203e+01 5.786693421170858187e+01 7.308338814587443721e+01
1.398506445617934446e+01 5.740186252014638058e+01 7.308338814587443721e+01
1.403502933207308878e+01 5.743723634980395332e+01 7.308338814587443721e+01
1.408509116651932658e+01 5.750663211815273712e+01 7.308338814587443721e+01
1.413501876932126322e+01 5.812791016534629307e+01 7.308338814587443721e+01
1.418492186532934873e+01 5.880246608901325089e+01 7.308338814587443721e+01
1.423490351986086466e+01 5.904877630110729569e+01 7.308338814587443721e+01
1.428504941701871722e+01 5.859846403414235283e+01 7.308338814587443721e+01
1.433512393770669036e+01 5.798616044310395523e+01 7.308338814587443721e+01
1.438498778231173958e+01 5.728021282364673539e+01 7.308338814587443721e+01
1.443505469180176348e+01 5.643200986097582472e+01 7.308338814587443721e+01
1.448509396921661008e+01 5.585128484219379175e+01 7.308338814587443721e+01
1.453500725043747011e+01 5.582285775680890083e+01 7.308338814587443721e+01
1.458506203599850082e+01 5.643143798654648435e+01 7.308338814587443721e+01
1.463510945522735618e+01 5.694851993989934158e+01 7.308338814587443721e+01
1.468518338522024536e+01 5.702875302529051282e+01 7.308338814587443721e+01
1.473511674948366057e+01 5.666280355617988107e+01 7.308338814587443721e+01
1.478499469255191379e+01 5.569510004820728000e+01 7.308338814587443721e+01
1.483519165114115879e+01 5.493329653996747197e+01 7.308338814587443721e+01
1.488517752652281168e+01 5.416101022860503633e+01 7.308338814587443721e+01
1.493491330480827983e+01 5.426472272474924807e+01 7.308338814587443721e+01
1.498495676551141820e+01 5.475043435587258500e+01 7.308338814587443721e+01
1.503511884068045923e+01 5.570743190660837740e+01 7.308338814587443721e+01
1.508508315088700869e+01 5.585859445967886927e+01 7.308338814587443721e+01
1.513503556379768966e+01 5.580648598318205700e+01 7.308338814587443721e+01
1.518499676732287540e+01 5.513614838354760650e+01 7.308338814587443721e+01
1.523508436290063095e+01 5.483364502191315637e+01 7.308338814587443721e+01
1.528522781999686053e+01 5.481546718358588066e+01 7.308338814587443721e+01
1.533502167931889559e+01 5.460863915811106040e+01 7.308338814587443721e+01
1.538498481261066075e+01 5.412238114220257046e+01 7.308338814587443721e+01
1.543513611943905417e+01 5.351761342384881459e+01 7.308338814587443721e+01
1.548505834224075706e+01 5.274006022091418799e+01 7.308338814587443721e+01
1.553504763409418921e+01 5.257438234657249154e+01 7.308338814587443721e+01
1.558510724608531106e+01 5.224258436782169213e+01 7.308338814587443721e+01
1.563520755254619132e+01 5.200293418562472425e+01 7.308338814587443721e+01
1.568514954075441636e+01 5.158648477438261182e+01 7.308338814587443721e+01
1.573497001906558346e+01 5.105953024040702815e+01 7.308338814587443721e+01
1.578501951482137855e+01 5.076339319609792256e+01 7.308338814587443721e+01
1.583505996699327234e+01 5.095262943940500122e+01 7.308338814587443721e+01
1.588504732433563937e+01 5.142844288130996233e+01 7.308338814587443721e+01
1.593492601146461141e+01 5.167891261642631662e+01 7.308338814587443721e+01
1.598497954552474276e+01 5.203866894248474750e+01 7.308338814587443721e+01
1.603519544557364185e+01 5.241967709086159743e+01 7.308338814587443721e+01
1.608505934770346002e+01 5.235562735930670897e+01 7.308338814587443721e+01
1.613492369455208220e+01 5.211940429617509096e+01 7.308338814587443721e+01
1.618487545351322154e+01 5.233623981768069200e+01 7.308338814587443721e+01
1.623491462415037034e+01 5.188438027826973098e+01 7.308338814587443721e+01
1.628502566686339392e+01 5.159705642104022161e+01 7.308338814587443721e+01
1.633514483849683430e+01 5.152655273227890120e+01 7.308338814587443721e+01
1.638505554887958837e+01 5.102649179269467083e+01 7.308338814587443721e+01
1.643503370695393073e+01 5.023232118053532247e+01 7.308338814587443721e+01
1.648511919866944808e+01 4.953510408007390708e+01 7.308338814587443721e+01
1.653520949175244326e+01 4.915669662990457311e+01 7.308338814587443721e+01
1.658506906510178069e+01 4.875321810001814526e+01 7.308338814587443721e+01
1.663488141241765206e+01 4.855964514459969905e+01 7.308338814587443721e+01
1.668486705482716204e+01 4.842938214779407247e+01 7.308338814587443721e+01
1.673492103191636104e+01 4.827865051350620718e+01 7.308338814587443721e+01
1.678500937030894846e+01 4.782395222574955085e+01 7.308338814587443721e+01
1.683496483388560350e+01 4.767151011826175022e+01 7.308338814587443721e+01
1.688490029853898733e+01 4.800563362004842816e+01 7.308338814587443721e+01
1.693486900501934400e+01 4.821880469159113147e+01 7.308338814587443721e+01
1.698500806291582776e+01 4.807561052856955541e+01 7.308338814587443721e+01
1.703516048416506479e+01 4.782595944072640748e+01 7.308338814587443721e+01
1.708509007434781068e+01 4.737936859079262319e+01 7.308338814587443721e+01
1.713498442939637201e+01 4.691729025643428486e+01 7.308338814587443721e+01
1.718492428173238196e+01 4.724156126146871770e+01 7.308338814587443721e+01
1.723486141856428233e+01 4.740934534447193016e+01 7.308338814587443721e+01
1.728495617542862206e+01 4.750430703559335655e+01 7.308338814587443721e+01
1.733506984443393506e+01 4.733513110232289023e+01 7.308338814587443721e+01
1.738497568670722160e+01 4.721045193491139003e+01 7.308338814587443721e+01
1.743490614939463157e+01 4.675267827835037338e+01 7.308338814587443721e+01
1.748496913497200467e+01 4.623939070283515207e+01 7.308338814587443721e+01
1.753507445822357624e+01 4.592413326801830920e+01 7.308338814587443721e+01
1.758513482966695562e+01 4.566908138276185980e+01 7.308338814587443721e+01
1.763511755933055269e+01 4.531211971866119370e+01 7.308338814587443721e+01
1.768508466776422239e+01 4.519335878053642830e+01 7.308338814587443721e+01
1.773505073952180311e+01 4.546266704554837190e+01 7.308338814587443721e+01
1.778508782630178686e+01 4.611001234923800496e+01 7.308338814587443721e+01
1.783504284633070824e+01 4.664862899713922673e+01 7.308338814587443721e+01
1.788499742965798589e+01 4.745200012549767621e+01 7.308338814587443721e+01
1.793498972719416429e+01 4.776559216786762363e+01 7.308338814587443721e+01
1.798499848428144787e+01 4.773560190981081064e+01 7.308338814587443721e+01
1.803510953377203663e+01 4.704002688834704315e+01 7.308338814587443721e+01
1.808516677532512062e+01 4.630395160739695370e+01 7.308338814587443721e+01
1.813507550829074688e+01 4.565802904356944225e+01 7.308338814587443721e+01
1.818496845642778936e+01 4.517559013787185052e+01 7.308338814587443721e+01
1.823497139660265276e+01 4.482753354120117706e+01 7.308338814587443721e+01
1.828507879191377228e+01 4.446584945259016308e+01 7.308338814587443721e+01
1.833510418824468857e+01 4.451703906883153650e+01 7.308338814587443721e+01
1.838506948334563873e+01 4.457194847574749019e+01 7.308338814587443721e+01
1.843507536407004466e+01 4.482636854105282964e+01 7.308338814587443721e+01
1.848504942076525737e+01 4.549314018762474632e+01 7.308338814587443721e+01
1.853507441616272544e+01 4.580428551181098840e+01 7.308338814587443721e+01
1.858511879045116899e+01 4.602088581206089657e+01 7.308338814587443721e+01
1.863495525648787421e+01 4.590322075166763227e+01 7.308338814587443721e+01
1.868488130392274016e+01 4.543284061614508573e+01 7.308338814587443721e+01
1.873504875184114482e+01 4.503434962143379039e+01 7.308338814587443721e+01
1.878514388429111648e+01 4.457667460585368246e+01 7.308338814587443721e+01
1.883511007463363995e+01 4.415766737909028450e+01 7.308338814587443721e+01
1.888497244834255895e+01 4.381565937162920932e+01 7.308338814587443721e+01
1.893485641817745346e+01 4.382531816102007838e+01 7.308338814587443721e+01
1.898490619453832551e+01 4.384433535518161307e+01 7.308338814587443721e+01
1.903488786107232045e+01 4.369294413669787502e+01 7.308338814587443721e+01
1.908487881142723097e+01 4.378118189461139309e+01 7.308338814587443721e+01
1.913492348207432414e+01 4.353810104298776196e+01 7.308338814587443721e+01
1.918501168728120021e+01 4.344785085278779491e+01 7.308338814587443721e+01
1.923514124826581906e+01 4.301093056733236608e+01 7.308338814587443721e+01
1.928506748334755017e+01 4.263054173105146560e+01 7.308338814587443721e+01
1.933495430610808086e+01 4.202853765272719500e+01 7.308338814587443721e+01
1.938494634755015866e+01 4.171626591616768565e+01 7.308338814587443721e+01
1.943493914899500297e+01 4.172870533920352898e+01 7.308338814587443721e+01
1.948497893127760250e+01 4.181592586256630284e+01 7.308338814587443721e+01
1.953503482368078537e+01 4.177863400933640037e+01 7.308338814587443721e+01
1.958498207675637559e+01 4.196735481803816015e+01 7.308338814587443721e+01
1.963504343592175871e+01 4.221093718235916015e+01 7.308338814587443721e+01
1.968503863116305297e+01 4.223270767382066992e+01 7.308338814587443721e+01
1.973506536610938156e+01 4.210397931516844494e+01 7.308338814587443721e+01
1.978512121103143784e+01 4.184419527830405627e+01 7.308338814587443721e+01
1.983496687045177964e+01 4.170317613576897031e+01 7.308338814587443721e+01
1.988498280723141320e+01 4.146387850250495433e+01 7.308338814587443721e+01
1.993508900434436626e+01 4.125229073367160026e+01 7.308338814587443721e+01
1.998508408833317418e+01 4.153540623292612111e+01 7.308338814587443721e+01
2.003507324128244704e+01 4.175268004019129364e+01 7.308338814587443721e+01
2.008505399653831702e+01 4.199052030738165797e+01 7.308338814587443721e+01
2.013499669309325313e+01 4.198915677551313763e+01 7.308338814587443721e+01
2.018502569446345518e+01 4.174193146457521664e+01 7.308338814587443721e+01
2.023503536485620202e+01 4.127537908769900810e+01 7.308338814587443721e+01
2.028511407188591065e+01 4.096386551447913860e+01 7.308338814587443721e+01
2.033506684544470744e+01 4.085694816135611518e+01 7.308338814587443721e+01
2.038493053717687786e+01 4.075413206730341642e+01 7.308338814587443721e+01
2.043503656635626342e+01 4.053034783094572902e+01 7.308338814587443721e+01
2.048515681613748640e+01 4.027930684562623753e+01 7.308338814587443721e+01
2.053512184950790243e+01 4.003858845394262289e+01 7.308338814587443721e+01
2.058506579015766036e+01 3.986792939496420729e+01 7.308338814587443721e+01
2.063503949539584070e+01 3.995685051459537362e+01 7.308338814587443721e+01
2.068496726901411620e+01 4.013129661955925087e+01 7.308338814587443721e+01
2.073499283942112825e+01 4.018418905236312355e+01 7.308338814587443721e+01
2.078510852351926275e+01 4.017024100032141121e+01 7.308338814587443721e+01
2.083507144762231178e+01 4.017689363067631803e+01 7.308338814587443721e+01
2.088503448202894930e+01 4.005423819655621287e+01 7.308338814587443721e+01
2.093502569401122670e+01 4.009705202082746212e+01 7.308338814587443721e+01
2.098501092220254804e+01 4.010289287515443846e+01 7.308338814587443721e+01
2.103489933635630749e+01 4.013686613659342584e+01 7.308338814587443721e+01
2.108484379460264790e+01 4.009846670139465630e+01 7.308338814587443721e+01
2.113497050350854778e+01 4.009651146163081137e+01 7.308338814587443721e+01
2.118501489664703996e+01 3.980744873445594578e+01 7.308338814587443721e+01
2.123500322597652001e+01 3.940161191551086972e+01 7.308338814587443721e+01
2.128496140673073000e+01 3.905295957112197414e+01 7.308338814587443721e+01
2.133497759989855780e+01 3.863032721914662204e+01 7.308338814587443721e+01
2.138501427804164834e+01 3.867244080592436717e+01 7.308338814587443721e+01
2.143512307678850348e+01 3.880853242019074401e+01 7.308338814587443721e+01
2.148520101455627085e+01 3.905034227313772988e+01 7.308338814587443721e+01
2.153506198237843705e+01 3.925499526938523331e+01 7.308338814587443721e+01
2.158501725909731306e+01 3.945755674399653401e+01 7.308338814587443721e+01
2.163513192522731643e+01 3.940531705022397091e+01 7.308338814587443721e+01
2.168511393406111054e+01 3.921710797048831409e+01 7.308338814587443721e+01
2.173504372356545389e+01 3.894800456251643084e+01 7.308338814587443721e+01
2.178497281075374303e+01 3.864149315785968497e+01 7.308338814587443721e+01
2.183494731131466438e+01 3.836866229914109283e+01 7.308338814587443721e+01
2.188500823254057082e+01 3.810290195214523123e+01 7.308338814587443721e+01
2.193509886117685070e+01 3.811442392602866391e+01 7.308338814587443721e+01
2.198516119020909798e+01 3.806616399299926456e+01 7.308338814587443721e+01
2.203505025422927233e+01 3.775304060878421808e+01 7.308338814587443721e+01
2.208496894321325854e+01 3.750883307133709366e+01 7.308338814587443721e+01
2.213503419908408887e+01 3.698995289399155695e+01 7.308338814587443721e+01
2.218516000856649484e+01 3.668713337581161227e+01 7.308338814587443721e+01
2.223516154100823528e+01 3.654780256767398328e+01 7.308338814587443721e+01
2.228504923601680332e+01 3.677218606441864779e+01 7.308338814587443721e+01
2.233504290137151926e+01 3.713444455374532538e+01 7.308338814587443721e+01
2.238504178238817488e+01 3.738731139712501772e+01 7.308338814587443721e+01
2.243506292974217686e+01 3.767292202622186892e+01 7.308338814587443721e+01
2.248498010803980307e+01 3.797365726349229931e+01 7.308338814587443721e+01
2.253497408768199151e+01 3.796187255108600311e+01 7.308338814587443721e+01
2.258504576314178891e+01 3.777675844294978447e+01 7.308338814587443721e+01
2.263501755529657089e+01 3.771394724270443533e+01 7.308338814587443721e+01
2.268497133650677711e+01 3.744313078855117283e+01 7.308338814587443721e+01
2.273496946975517119e+01 3.701326304092394537e+01 7.308338814587443721e+01
2.278495606365159531e+01 3.660140827290990728e+01 7.308338814587443721e+01
2.283504517344439222e+01 3.641034162331710888e+01 7.308338814587443721e+01
2.288515384815983467e+01 3.663507316301685535e+01 7.308338814587443721e+01
2.293513970257658485e+01 3.654595704956641100e+01 7.308338814587443721e+01
2.298499895949208849e+01 3.662783393034106894e+01 7.308338814587443721e+01
2.303494368627049482e+01 3.631084289444655155e+01 7.308338814587443721e+01
2.308506613449876355e+01 3.620901489255537342e+01 7.308338814587443721e+01
2.313508392148495574e+01 3.586373625296423029e+01 7.308338814587443721e+01
2.318502453278797404e+01 3.586195668906323419e+01 7.308338814587443721e+01
2.323497485065410117e+01 3.602802052722834958e+01 7.308338814587443721e+01
2.328497090944668102e+01 3.625759867688925908e+01 7.308338814587443721e+01
2.333499385253491454e+01 3.608022892259690195e+01 7.308338814587443721e+01
2.338498727106783193e+01 3.575118090422519401e+01 7.308338814587443721e+01
2.343501191119998239e+01 3.521987152096875207e+01 7.308338814587443721e+01
2.348496544655622387e+01 3.484456954931197004e+01 7.308338814587443721e+01
2.353495792677599496e+01 3.481803538918553897e+01 7.308338814587443721e+01
2.358500365650586872e+01 3.501435819318868425e+01 7.308338814587443721e+01
2.363496159683297293e+01 3.554612314586812261e+01 7.308338814587443721e+01
2.368501138596607802e+01 3.579248081356638522e+01 7.308338814587443721e+01
2.373498470094738977e+01 3.577586303561631098e+01 7.308338814587443721e+01
2.378496214819288213e+01 3.519544815131322935e+01 7.308338814587443721e+01
2.383497596387970674e+01 3.468829106433491916e+01 7.308338814587443721e+01
2.388498789192226113e+01 3.439964202409312577e+01 7.308338814587443721e+01
2.393503375318008253e+01 3.443944350559594625e+01 7.308338814587443721e+01
2.398501935373159100e+01 3.446578366480396483e+01 7.308338814587443721e+01
2.403496569110036774e+01 3.449900837592183223e+01 7.308338814587443721e+01
2.408498673386322153e+01 3.440180943031781169e+01 7.308338814587443721e+01
2.413506042996912626e+01 3.424301130584414921e+01 7.308338814587443721e+01
2.418502307876385871e+01 3.434583899061314582e+01 7.308338814587443721e+01
2.423492163595081550e+01 3.465339875190959162e+01 7.308338814587443721e+01
2.428490428825202585e+01 3.486710817450892819e+01 7.308338814587443721e+01
2.433496680196650530e+01 3.486909761676476194e+01 7.308338814587443721e+01
2.438512209170648148e+01 3.484062952111524680e+01 7.308338814587443721e+01
2.443514839901259350e+01 3.467322534395970024e+01 7.308338814587443721e+01
2.448509052949892961e+01 3.451351915332556075e+01 7.308338814587443721e+01
2.453509143701500861e+01 3.443652864096274868e+01 7.308338814587443721e+01
2.458502365090511788e+01 3.448553728190404399e+01 7.308338814587443721e+01
2.463504153640463201e+01 3.435786206022987699e+01 7.308338814587443721e+01
2.468508194249478649e+01 3.421657646213660087e+01 7.308338814587443721e+01
2.473503958790242407e+01 3.406336097296957632e+01 7.308338814587443721e+01
2.478500304505123708e+01 3.369622981299019671e+01 7.308338814587443721e+01
2.483507100557675784e+01 3.316255906668892806e+01 7.308338814587443721e+01
2.488511954357796441e+01 3.267543671184469645e+01 7.308338814587443721e+01
2.493506250080584152e+01 3.245044755020924754e+01 7.308338814587443721e+01
2.498502129798272975e+01 3.248682044004225133e+01 7.308338814587443721e+01
2.503501437401748220e+01 3.274686383211623308e+01 7.308338814587443721e+01
2.508506646650047855e+01 3.284611962585427136e+01 7.308338814587443721e+01
2.513508907173123674e+01 3.298878034988325680e+01 7.308338814587443721e+01
2.518507998159773820e+01 3.288454873740163009e+01 7.308338814587443721e+01
2.523505185786540750e+01 3.279418347036765624e+01 7.308338814587443721e+01
2.528493522995301390e+01 3.272054273944091562e+01 7.308338814587443721e+01
2.533497298671538545e+01 3.268242107499034432e+01 7.308338814587443721e+01
2.538502983866438711e+01 3.291366207756561835e+01 7.308338814587443721e+01
2.543495840570060551e+01 3.291050448725185618e+01 7.308338814587443721e+01
2.548490619549177083e+01 3.263127752563309514e+01 7.308338814587443721e+01
2.553504240236605227e+01 3.256259152363463727e+01 7.308338814587443721e+01
2.558513992818135208e+01 3.251978198913417373e+01 7.308338814587443721e+01
2.563511225024596385e+01 3.272117306163828232e+01 7.308338814587443721e+01
2.568502585376510083e+01 3.264591452483777800e+01 7.308338814587443721e+01
2.573498204820310065e+01 3.273681667323057809e+01 7.308338814587443721e+01
2.578500790559889566e+01 3.280083460380257065e+01 7.308338814587443721e+01
2.583497123978640531e+01 3.270181558841555614e+01 7.308338814587443721e+01
2.588498768970100627e+01 3.264500383609853884e+01 7.308338814587443721e+01
2.593504047435509818e+01 3.255565386157140040e+01 7.308338814587443721e+01
2.598492966214148936e+01 3.257233753315648528e+01 7.308338814587443721e+01
2.603490575269462681e+01 3.248420695060546848e+01 7.308338814587443721e+01
2.608498537799486172e+01 3.232218342260608779e+01 7.308338814587443721e+01
2.613498443791063153e+01 3.224526065630263361e+01 7.308338814587443721e+01
2.618506832819802099e+01 3.233966000526565665e+01 7.308338814587443721e+01
2.623502416925955671e+01 3.220153039652380755e+01 7.308338814587443721e+01
2.628500242861670344e+01 3.218395411866670486e+01 7.308338814587443721e+01
2.633505458811568190e+01 3.195415579088168556e+01 7.308338814587443721e+01
2.638505163208250437e+01 3.173208984730398186e+01 7.308338814587443721e+01
2.643507388196501040e+01 3.166942717007628971e+01 7.308338814587443721e+01
2.648507376463455287e+01 3.178296527782610781e+01 7.308338814587443721e+01
2.653501897948297028e+01 3.196373749442263090e+01 7.308338814587443721e+01
2.658500608304605706e+01 3.191846329057911191e+01 7.308338814587443721e+01
2.663500634603502704e+01 3.175011512869822639e+01 7.308338814587443721e+01
2.668499674593755699e+01 3.164732701890666533e+01 7.308338814587443721e+01
2.673507012876124023e+01 3.161347596562382023e+01 7.308338814587443721e+01
2.678510131184463461e+01 3.160150460672612382e+01 7.308338814587443721e+01
2.683506136577998191e+01 3.175380943421841096e+01 7.308338814587443721e+01
2.688505297879097711e+01 3.164422658148438927e+01 7.308338814587443721e+01
2.693504435016774679e+01 3.125805537375282483e+01 7.308338814587443721e+01
2.698504814319771228e+01 3.088517862371928402e+01 7.308338814587443721e+01
2.703494373337554890e+01 3.076738731931240522e+01 7.308338814587443721e+01
2.708497938352233092e+01 3.073623619987552047e+01 7.308338814587443721e+01
2.713508632778151508e+01 3.092116610176707070e+01 7.308338814587443721e+01
2.718506074587872945e+01 3.113348609128664179e+01 7.308338814587443721e+01
2.723503231188058749e+01 3.138436286430406597e+01 7.308338814587443721e+01
2.728504324376617163e+01 3.146348872441772926e+01 7.308338814587443721e+01
2.733507363034057747e+01 3.149397765806487826e+01 7.308338814587443721e+01
2.738505164772542599e+01 3.158125929498319806e+01 7.308338814587443721e+01
2.743504695427340678e+01 3.160401432382623454e+01 7.308338814587443721e+01
2.748503541076832590e+01 3.141250103977887420e+01 7.308338814587443721e+01
2.753504854886516995e+01 3.148987329831449244e+01 7.308338814587443721e+01
2.758506909532711049e+01 3.142586733784793296e+01 7.308338814587443721e+01
2.763503959560177492e+01 3.124097366140247800e+01 7.308338814587443721e+01
2.768493112797089140e+01 3.101222161223915919e+01 7.308338814587443721e+01
2.773486671198879705e+01 3.066444006471064654e+01 7.308338814587443721e+01
2.778493406100407626e+01 3.041560106042034306e+01 7.308338814587443721e+01
2.783494474738006019e+01 3.040596486313772573e+01 7.308338814587443721e+01
2.788491097421039200e+01 3.053208735280769304e+01 7.308338814587443721e+01
2.793491799818713872e+01 3.074044735185589161e+01 7.308338814587443721e+01
2.798497835561302693e+01 3.094645464870103524e+01 7.308338814587443721e+01
2.803500194300229609e+01 3.103033107807522128e+01 7.308338814587443721e+01
2.808497359419805051e+01 3.099858010003029563e+01 7.308338814587443721e+01
2.813500712900244238e+01 3.075256427282822358e+01 7.308338814587443721e+01
2.818498298316923822e+01 3.033732889524173970e+01 7.308338814587443721e+01
2.823501278705563422e+01 3.011086636096183611e+01 7.308338814587443721e+01
2.828508221076129558e+01 2.979562434097775281e+01 7.308338814587443721e+01
2.833502532700387277e+01 2.956364553872464285e+01 7.308338814587443721e+01
2.838497482624182666e+01 2.967452654458529082e+01 7.308338814587443721e+01
2.843501034830992680e+01 2.969622361269634325e+01 7.308338814587443721e+01
2.848502647862418868e+01 2.975053611604845116e+01 7.308338814587443721e+01
2.853508393835680224e+01 2.981514007128444632e+01 7.308338814587443721e+01
2.858501657709735255e+01 3.003364825292200635e+01 7.308338814587443721e+01
2.863498054340625742e+01 2.990055139619651925e+01 7.308338814587443721e+01
2.868501636720259995e+01 2.962870556613285089e+01 7.308338814587443721e+01
2.873503316835737564e+01 2.937379166139817244e+01 7.308338814587443721e+01
2.878503498814174577e+01 2.905681559636501277e+01 7.308338814587443721e+01
2.883499190836502279e+01 2.884055373662714317e+01 7.308338814587443721e+01
2.888498631502357483e+01 2.881783121518377300e+01 7.308338814587443721e+01
2.893495000626588265e+01 2.900446863532998520e+01 7.308338814587443721e+01
2.898500036432614380e+01 2.926378431636651101e+01 7.308338814587443721e+01
2.903509861546637438e+01 2.947139223354469095e+01 7.308338814587443721e+01
2.908509207483089298e+01 2.955521915654429677e+01 7.308338814587443721e+01
2.913504495481950229e+01 2.956134780167363374e+01 7.308338814587443721e+01
2.918500836395550735e+01 2.939857611268915605e+01 7.308338814587443721e+01
2.923495718662698550e+01 2.922284960538388532e+01 7.308338814587443721e+01
2.928496207259495421e+01 2.917095885130949284e+01 7.308338814587443721e+01
2.933507426259881257e+01 2.895360079441593371e+01 7.308338814587443721e+01
2.938508181516578688e+01 2.885090277658028413e+01 7.308338814587443721e+01
2.943498225301185300e+01 2.890016893602795278e+01 7.308338814587443721e+01
2.948499858116320738e+01 2.891435916308404330e+01 7.308338814587443721e+01
2.953503956580185985e+01 2.898206451599814670e+01 7.308338814587443721e+01
2.958499896666411288e+01 2.881508907567587130e+01 7.308338814587443721e+01
2.963499333290878823e+01 2.875109306476126392e+01 7.308338814587443721e+01
2.968503373938486689e+01 2.866206262100524782e+01 7.308338814587443721e+01
2.973501494685912405e+01 2.863496520656160271e+01 7.308338814587443721e+01
2.978501452515847703e+01 2.866842241902180888e+01 7.308338814587443721e+01
2.983502715796966243e+01 2.858759032056852334e+01 7.308338814587443721e+01
2.988500919213149487e+01 2.862037428987511589e+01 7.308338814587443721e+01
2.993496485179967692e+01 2.844792623365475492e+01 7.308338814587443721e+01
2.998492561128389156e+01 2.842355810989215570e+01 7.308338814587443721e+01
3.003499817560929586e+01 2.847273030979368968e+01 7.308338814587443721e+01
3.008502556456793897e+01 2.851676643376599429e+01 7.308338814587443721e+01
3.013494008816754999e+01 2.853596490173276834e+01 7.308338814587443721e+01
3.018492673547769911e+01 2.851766783350485923e+01 7.308338814587443721e+01
3.023500315153119189e+01 2.838269186308919245e+01 7.308338814587443721e+01
3.028498131448523623e+01 2.831011877707562974e+01 7.308338814587443721e+01
3.033495417861680465e+01 2.835775227690216127e+01 7.308338814587443721e+01
3.038498345260273936e+01 2.856279621031961824e+01 7.308338814587443721e+01
3.043498939861261121e+01 2.877320976566625177e+01 7.308338814587443721e+01
3.048502194613474714e+01 2.894418684684059428e+01 7.308338814587443721e+01
3.053502301362196647e+01 2.888417107011876794e+01 7.308338814587443721e+01
3.058495949956653348e+01 2.863530775596386491e+01 7.308338814587443721e+01
3.063489983455229648e+01 2.825635592949218733e+01 7.308338814587443721e+01
3.068497696715034095e+01 2.803193661406925230e+01 7.308338814587443721e+01
3.073509074860540480e+01 2.783113026458724448e+01 7.308338814587443721e+01
3.078509960315929206e+01 2.763769275053965657e+01 7.308338814587443721e+01
3.083509925779301497e+01 2.753451973722999924e+01 7.308338814587443721e+01
3.088502185481159401e+01 2.744707725624495254e+01 7.308338814587443721e+01
3.093497026923844118e+01 2.744636311857180999e+01 7.308338814587443721e+01
3.098500837521540419e+01 2.735357326789873866e+01 7.308338814587443721e+01
3.103503142039876295e+01 2.728343788231886435e+01 7.308338814587443721e+01
3.108506759362598970e+01 2.726638970911915294e+01 7.308338814587443721e+01
3.113503374503685350e+01 2.724982649102882704e+01 7.308338814587443721e+01
3.118500365593765977e+01 2.716599606610749618e+01 7.308338814587443721e+01
3.123500974421094156e+01 2.711667939963980700e+01 7.308338814587443721e+01
3.128501507026141226e+01 2.718889395420607968e+01 7.308338814587443721e+01
3.133507249490528324e+01 2.715460299604984584e+01 7.308338814587443721e+01
3.138502440591334519e+01 2.711467293631000075e+01 7.308338814587443721e+01
3.143504823904290646e+01 2.700000641489994280e+01 7.308338814587443721e+01
3.148510614177524758e+01 2.688871982686519857e+01 7.308338814587443721e+01
3.153501675197719933e+01 2.682305459832956274e+01 7.308338814587443721e+01
3.158501348571202527e+01 2.684066518577434124e+01 7.308338814587443721e+01
3.163508986356812969e+01 2.691035130363214023e+01 7.308338814587443721e+01
3.168511752018606131e+01 2.705317173421195776e+01 7.308338814587443721e+01
3.173514170463571205e+01 2.709789773071830155e+01 7.308338814587443721e+01
3.178509011011270502e+01 2.705269720891728014e+01 7.308338814587443721e+01
3.183500843705502703e+01 2.689463059569617087e+01 7.308338814587443721e+01
3.188501666940159751e+01 2.695226821078847479e+01 7.308338814587443721e+01
3.193503202990384793e+01 2.703556447740842827e+01 7.308338814587443721e+01
3.198506613067839410e+01 2.707572617045458685e+01 7.308338814587443721e+01
3.203505890021113345e+01 2.701638836916319519e+01 7.308338814587443721e+01
3.208493732419461963e+01 2.692430202546189832e+01 7.308338814587443721e+01
3.213495366395236630e+01 2.680676091143631368e+01 7.308338814587443721e+01
