nan nan 1.251721116535236007e+02
8.899641323548096450e-02 8.299700586575773777e+05 1.251721116535236007e+02
1.448080953624513445e-01 6.112244575179760577e+05 1.251721116535236007e+02
1.950822866625256113e-01 3.989455389994575526e+05 1.251721116535236007e+02
2.418344986082902603e-01 2.369739323659584043e+05 1.251721116535236007e+02
2.844150324662526597e-01 1.276782501105687115e+05 1.251721116535236007e+02
3.311492092627331685e-01 5.003384668533895456e+04 1.251721116535236007e+02
3.854527006682739732e-01 1.667208587921405706e+04 1.251721116535236007e+02
4.379760757023590800e-01 9.786159766075734296e+03 1.251721116535236007e+02
4.845354905265206735e-01 1.078405369479809087e+04 1.251721116535236007e+02
5.331869425000370644e-01 1.283432923969782860e+04 1.251721116535236007e+02
5.864416905016403003e-01 1.338411451255029897e+04 1.251721116535236007e+02
6.393143479449987510e-01 9.621262670955173235e+03 1.251721116535236007e+02
6.875509482501400704e-01 6.517501000685334475e+03 1.251721116535236007e+02
7.360532472319636366e-01 5.286149164942221432e+03 1.251721116535236007e+02
7.867697342078286971e-01 4.387900207548471371e+03 1.251721116535236007e+02
8.376194660778666368e-01 4.417785239637161794e+03 1.251721116535236007e+02
8.876896880604894235e-01 4.659238040630740215e+03 1.251721116535236007e+02
9.363402658038668669e-01 4.263605666124254640e+03 1.251721116535236007e+02
9.849243849049101884e-01 3.793318407719930747e+03 1.251721116535236007e+02
1.033922473950819487e+00 3.550100615619203836e+03 1.251721116535236007e+02
1.083968788523273830e+00 3.225224120996839702e+03 1.251721116535236007e+02
1.133915541218776246e+00 2.914302271648184160e+03 1.251721116535236007e+02
1.183819436428001248e+00 2.874050171251992197e+03 1.251721116535236007e+02
1.235159589274556602e+00 2.702419642997054325e+03 1.251721116535236007e+02
1.285686788879907949e+00 2.581672599884937881e+03 1.251721116535236007e+02
1.335577748586906033e+00 2.582068456477856671e+03 1.251721116535236007e+02
1.385007992768898966e+00 2.328686862705450494e+03 1.251721116535236007e+02
1.434761006508366910e+00 2.053127622085540679e+03 1.251721116535236007e+02
1.483809371322070803e+00 1.899803998835464881e+03 1.251721116535236007e+02
1.534060792161507925e+00 1.808824346813958527e+03 1.251721116535236007e+02
1.585002278264664888e+00 1.718152848852005491e+03 1.251721116535236007e+02
1.635527410472897403e+00 1.719328320001152633e+03 1.251721116535236007e+02
1.685676391865528423e+00 1.641284631349020856e+03 1.251721116535236007e+02
1.734789433360194755e+00 1.540242716940683067e+03 1.251721116535236007e+02
1.784875565396764951e+00 1.436137482081180451e+03 1.251721116535236007e+02
1.835586570008190588e+00 1.320278873282745280e+03 1.251721116535236007e+02
1.885448157908552691e+00 1.231599300775854772e+03 1.251721116535236007e+02
1.935207439362316428e+00 1.187065275828159429e+03 1.251721116535236007e+02
1.985052992803765015e+00 1.165205922327058943e+03 1.251721116535236007e+02
2.035079590713408937e+00 1.177640848165378429e+03 1.251721116535236007e+02
2.085261259228671005e+00 1.168883737954068920e+03 1.251721116535236007e+02
2.135521812674741060e+00 1.132650565243322035e+03 1.251721116535236007e+02
2.185539865877868859e+00 1.085528677069416517e+03 1.251721116535236007e+02
2.234928417494250752e+00 1.031453007735206029e+03 1.251721116535236007e+02
2.285020483940173541e+00 9.861166239096980917e+02 1.251721116535236007e+02
2.335227126917563290e+00 9.374711390351817499e+02 1.251721116535236007e+02
2.385597458206195398e+00 8.815418618473642027e+02 1.251721116535236007e+02
2.435604585857625182e+00 8.319794586389685946e+02 1.251721116535236007e+02
2.485423401501763330e+00 7.961003788166160575e+02 1.251721116535236007e+02
2.535218303430096576e+00 7.707410996526649569e+02 1.251721116535236007e+02
2.585301717955153844e+00 7.381021926892402689e+02 1.251721116535236007e+02
2.635310621692829258e+00 7.206226148412144994e+02 1.251721116535236007e+02
2.684883533713459336e+00 7.040961543120804436e+02 1.251721116535236007e+02
2.734760511342632316e+00 6.808726313124167291e+02 1.251721116535236007e+02
2.784962555331770062e+00 6.832075656031581730e+02 1.251721116535236007e+02
2.835387565949985422e+00 6.844705157707039689e+02 1.251721116535236007e+02
2.885384254562536110e+00 6.837108334140633588e+02 1.251721116535236007e+02
2.935452697317705084e+00 6.688659440773809592e+02 1.251721116535236007e+02
2.985584946861008060e+00 6.607870701971372682e+02 1.251721116535236007e+02
3.035281973877222761e+00 6.239207029759941179e+02 1.251721116535236007e+02
3.084822103129104764e+00 5.910445003131515023e+02 1.251721116535236007e+02
3.135015350087773989e+00 5.707026619150358329e+02 1.251721116535236007e+02
3.185847982026314362e+00 5.618066866625881630e+02 1.251721116535236007e+02
3.235464408484991061e+00 5.494014451434968578e+02 1.251721116535236007e+02
3.285149658618915502e+00 5.546596451520219944e+02 1.251721116535236007e+02
3.335370615645364634e+00 5.531388565494058867e+02 1.251721116535236007e+02
3.385209898508314996e+00 5.520385487693122286e+02 1.251721116535236007e+02
3.434934112077638879e+00 5.418762809014679078e+02 1.251721116535236007e+02
3.484151880424383396e+00 5.345304660067539544e+02 1.251721116535236007e+02
3.534737654629889203e+00 5.361669740817434331e+02 1.251721116535236007e+02
3.585624261789238432e+00 5.251259740904675937e+02 1.251721116535236007e+02
3.635262333854326844e+00 4.992832025765670210e+02 1.251721116535236007e+02
3.685039256951247122e+00 4.662539367846056280e+02 1.251721116535236007e+02
3.735233298459508244e+00 4.366067987553562375e+02 1.251721116535236007e+02
3.785147580586893934e+00 4.122405110518172364e+02 1.251721116535236007e+02
3.835695018070195861e+00 4.043133785425548581e+02 1.251721116535236007e+02
3.885539873192506377e+00 4.159047532522183133e+02 1.251721116535236007e+02
3.934696648644303352e+00 4.178419254043090518e+02 1.251721116535236007e+02
3.985162965584265304e+00 4.373289589060871663e+02 1.251721116535236007e+02
4.035471487646510091e+00 4.469331721614202593e+02 1.251721116535236007e+02
4.085372705036187213e+00 4.374358282102302269e+02 1.251721116535236007e+02
4.135141121895999028e+00 4.196194359264791842e+02 1.251721116535236007e+02
4.184482326706712385e+00 4.020418581636468502e+02 1.251721116535236007e+02
4.234523823648805418e+00 3.897406537484952764e+02 1.251721116535236007e+02
4.284609124085813292e+00 3.773260850179229919e+02 1.251721116535236007e+02
4.334887301479964705e+00 3.705612409214156173e+02 1.251721116535236007e+02
4.385302499000811594e+00 3.733167963712437540e+02 1.251721116535236007e+02
4.435186196473425824e+00 3.763973697562674943e+02 1.251721116535236007e+02
4.485197364325797409e+00 3.734761458659350524e+02 1.251721116535236007e+02
4.535537527983671602e+00 3.710471195544152465e+02 1.251721116535236007e+02
4.585513271404134450e+00 3.638861529506343686e+02 1.251721116535236007e+02
4.634965284950676612e+00 3.562377857424834247e+02 1.251721116535236007e+02
4.684823536717123815e+00 3.475465015113604750e+02 1.251721116535236007e+02
4.735220518702936587e+00 3.430767131662821043e+02 1.251721116535236007e+02
4.785263605082985983e+00 3.349012413796764918e+02 1.251721116535236007e+02
4.835259232697663556e+00 3.272911026920436939e+02 1.251721116535236007e+02
4.885376870001424621e+00 3.167657221497605633e+02 1.251721116535236007e+02
4.935301902824286380e+00 3.125956415478733561e+02 1.251721116535236007e+02
4.985473083840958886e+00 3.101024323591647089e+02 1.251721116535236007e+02
5.035412558343983491e+00 3.090757387670123535e+02 1.251721116535236007e+02
5.085460294222076350e+00 3.087937018692623496e+02 1.251721116535236007e+02
5.135289803448600310e+00 3.064483072739976706e+02 1.251721116535236007e+02
5.185032520573041204e+00 3.083474789897512665e+02 1.251721116535236007e+02
5.234850251783559116e+00 3.097663606619371421e+02 1.251721116535236007e+02
5.284974752151396338e+00 3.104941101609174439e+02 1.251721116535236007e+02
5.335255304675732724e+00 3.081754443971657338e+02 1.251721116535236007e+02
5.385226941869014183e+00 3.039789635714444671e+02 1.251721116535236007e+02
5.435093414465236528e+00 3.001951601947870927e+02 1.251721116535236007e+02
5.485028900036975408e+00 2.953158833082964634e+02 1.251721116535236007e+02
5.535369898797608990e+00 2.921192361382945819e+02 1.251721116535236007e+02
5.585317464617740590e+00 2.869394108849834311e+02 1.251721116535236007e+02
5.634959412056486094e+00 2.869559681420251422e+02 1.251721116535236007e+02
5.685029758810561162e+00 2.860534430892220712e+02 1.251721116535236007e+02
5.734808126101578196e+00 2.830190094901934685e+02 1.251721116535236007e+02
5.785204671217075933e+00 2.784989849215506865e+02 1.251721116535236007e+02
5.835595383591638097e+00 2.758157641611796294e+02 1.251721116535236007e+02
5.885099705458816111e+00 2.679401132119405133e+02 1.251721116535236007e+02
5.934848410668140950e+00 2.574724190734813760e+02 1.251721116535236007e+02
5.985196547442282800e+00 2.496927354937350856e+02 1.251721116535236007e+02
6.035486174940983162e+00 2.436241497860817731e+02 1.251721116535236007e+02
6.085325279241985186e+00 2.397435365045689650e+02 1.251721116535236007e+02
6.135085486579567871e+00 2.377135107046872804e+02 1.251721116535236007e+02
6.184888436502457232e+00 2.362366892083310290e+02 1.251721116535236007e+02
6.235029371165762058e+00 2.355377660093741952e+02 1.251721116535236007e+02
6.285013590301256947e+00 2.350728159704846689e+02 1.251721116535236007e+02
6.334991409707096288e+00 2.323494300756605639e+02 1.251721116535236007e+02
6.385041519748988925e+00 2.302591703677882720e+02 1.251721116535236007e+02
6.434975721315313812e+00 2.249718098852888488e+02 1.251721116535236007e+02
6.485280363044087615e+00 2.229139062498132944e+02 1.251721116535236007e+02
6.535416874783217978e+00 2.211614756362654930e+02 1.251721116535236007e+02
6.585380878873609234e+00 2.226217453728422697e+02 1.251721116535236007e+02
6.635104421514804507e+00 2.211445283231833514e+02 1.251721116535236007e+02
6.684781936645507905e+00 2.206375837107148641e+02 1.251721116535236007e+02
6.735145019191668858e+00 2.199515460155886331e+02 1.251721116535236007e+02
6.785484310639345651e+00 2.191737475969775915e+02 1.251721116535236007e+02
6.835069983673240479e+00 2.160352979197551804e+02 1.251721116535236007e+02
6.884859417295578154e+00 2.139499986013667581e+02 1.251721116535236007e+02
6.935355612194037178e+00 2.116354997538040834e+02 1.251721116535236007e+02
6.985394515797676895e+00 2.092825211580857285e+02 1.251721116535236007e+02
7.034922173494991604e+00 2.085056871282449720e+02 1.251721116535236007e+02
7.084541644025414087e+00 2.064289668535955116e+02 1.251721116535236007e+02
7.134492388478031799e+00 2.030472305984273476e+02 1.251721116535236007e+02
7.184836085760269775e+00 2.017888770167028838e+02 1.251721116535236007e+02
7.235281431471350722e+00 1.991033843202044409e+02 1.251721116535236007e+02
7.285158542839955231e+00 1.959843482734387408e+02 1.251721116535236007e+02
7.334994866462388963e+00 1.966686542603841872e+02 1.251721116535236007e+02
7.385036014789000625e+00 1.970887478189541184e+02 1.251721116535236007e+02
7.435042277965444590e+00 1.982257010113464730e+02 1.251721116535236007e+02
7.485223592156194705e+00 1.998558995116679284e+02 1.251721116535236007e+02
7.535266472986156039e+00 2.003175723807931945e+02 1.251721116535236007e+02
7.585148990618067799e+00 1.998482130476443217e+02 1.251721116535236007e+02
7.635267236183615580e+00 1.972726680851265542e+02 1.251721116535236007e+02
7.685330414506132080e+00 1.943824776017541467e+02 1.251721116535236007e+02
7.735344685230187700e+00 1.904601541265087121e+02 1.251721116535236007e+02
7.785330483772995969e+00 1.866549994052445527e+02 1.251721116535236007e+02
7.834761832474934629e+00 1.842945881802046983e+02 1.251721116535236007e+02
7.884484420735616617e+00 1.834159126917550680e+02 1.251721116535236007e+02
7.934886275689092550e+00 1.829652248432529404e+02 1.251721116535236007e+02
7.985027633925892765e+00 1.823496604260361096e+02 1.251721116535236007e+02
8.034964647769141877e+00 1.824819239058336393e+02 1.251721116535236007e+02
8.085037081011565263e+00 1.843421172381777069e+02 1.251721116535236007e+02
8.135210740574738253e+00 1.840060615374609938e+02 1.251721116535236007e+02
8.185171412298620552e+00 1.848262723192891031e+02 1.251721116535236007e+02
8.234851685324960258e+00 1.877131350152488949e+02 1.251721116535236007e+02
8.284952683584384303e+00 1.866739859937635515e+02 1.251721116535236007e+02
8.335101055446942908e+00 1.858034526196016714e+02 1.251721116535236007e+02
8.385121635699965381e+00 1.836224607738697614e+02 1.251721116535236007e+02
8.435202770999854494e+00 1.810348798319172943e+02 1.251721116535236007e+02
8.485152015979231521e+00 1.786936034164736498e+02 1.251721116535236007e+02
8.534970558995501833e+00 1.766906045896498085e+02 1.251721116535236007e+02
8.584943353041420977e+00 1.774875683994096107e+02 1.251721116535236007e+02
8.635099409501286516e+00 1.778374061263645558e+02 1.251721116535236007e+02
8.685126877716973226e+00 1.768064930269652564e+02 1.251721116535236007e+02
8.735139517930596398e+00 1.747274218507552064e+02 1.251721116535236007e+02
8.785167076524256657e+00 1.715903743475655006e+02 1.251721116535236007e+02
8.834939158351296840e+00 1.670327691694932923e+02 1.251721116535236007e+02
8.884964740422104157e+00 1.647755769835179080e+02 1.251721116535236007e+02
8.935124000705533476e+00 1.639398263555216886e+02 1.251721116535236007e+02
8.985127489085840580e+00 1.642852126388023066e+02 1.251721116535236007e+02
9.035265046452737536e+00 1.665963071749322921e+02 1.251721116535236007e+02
9.085196565938222335e+00 1.668370075334777312e+02 1.251721116535236007e+02
9.134926709958008928e+00 1.671072038832610929e+02 1.251721116535236007e+02
9.185157474150241086e+00 1.650045949505035310e+02 1.251721116535236007e+02
9.235291320298310680e+00 1.630291450371908581e+02 1.251721116535236007e+02
9.285092122152331484e+00 1.618069317728991336e+02 1.251721116535236007e+02
9.334907817633720128e+00 1.611777780717922042e+02 1.251721116535236007e+02
9.384925913340945058e+00 1.603052503145828496e+02 1.251721116535236007e+02
9.435005700254814442e+00 1.582674827616662583e+02 1.251721116535236007e+02
9.484846973764282652e+00 1.554449986025931594e+02 1.251721116535236007e+02
9.535053339925784854e+00 1.527382262521304597e+02 1.251721116535236007e+02
9.585148484630341414e+00 1.501034788976575101e+02 1.251721116535236007e+02
9.635175604414920159e+00 1.483821596735406843e+02 1.251721116535236007e+02
9.685272388073006056e+00 1.465608829361436278e+02 1.251721116535236007e+02
9.735267651789188292e+00 1.441900690333894772e+02 1.251721116535236007e+02
9.785106718646577662e+00 1.440376312422815772e+02 1.251721116535236007e+02
9.835036654763204211e+00 1.450545107941289302e+02 1.251721116535236007e+02
9.885080117034645397e+00 1.459832085479150123e+02 1.251721116535236007e+02
9.935053116209049406e+00 1.477942366104234679e+02 1.251721116535236007e+02
9.985047954935728498e+00 1.489551999080558744e+02 1.251721116535236007e+02
1.003493641968782235e+01 1.498892298031888117e+02 1.251721116535236007e+02
1.008496760761574507e+01 1.481682118749784536e+02 1.251721116535236007e+02
1.013505517142033696e+01 1.451759266939911299e+02 1.251721116535236007e+02
1.018499348439089580e+01 1.429650414815031922e+02 1.251721116535236007e+02
1.023485181331652605e+01 1.420830256827060794e+02 1.251721116535236007e+02
1.028490076264209918e+01 1.413711174551889940e+02 1.251721116535236007e+02
1.033508016021523979e+01 1.401333512629831830e+02 1.251721116535236007e+02
1.038503814993866037e+01 1.390786956582568905e+02 1.251721116535236007e+02
1.043506092056377987e+01 1.367957449485630832e+02 1.251721116535236007e+02
1.048500648683518222e+01 1.354002179835804895e+02 1.251721116535236007e+02
1.053492467464587357e+01 1.332108779312129627e+02 1.251721116535236007e+02
1.058493633210190055e+01 1.329839269324120323e+02 1.251721116535236007e+02
1.063496141493038571e+01 1.338702611688003117e+02 1.251721116535236007e+02
1.068510956159988190e+01 1.353666263518709343e+02 1.251721116535236007e+02
1.073519324482465542e+01 1.361880748419609972e+02 1.251721116535236007e+02
1.078499374610442985e+01 1.363892760943007829e+02 1.251721116535236007e+02
1.083498852684137681e+01 1.359113581118133425e+02 1.251721116535236007e+02
1.088532717033764108e+01 1.347829230144548660e+02 1.251721116535236007e+02
1.093533967140946928e+01 1.322408959921918381e+02 1.251721116535236007e+02
1.098516814213459369e+01 1.299608886156412382e+02 1.251721116535236007e+02
1.103487009664334018e+01 1.283510587511490826e+02 1.251721116535236007e+02
1.108482779519205685e+01 1.268233917253295004e+02 1.251721116535236007e+02
1.113497951311520850e+01 1.269687282184401482e+02 1.251721116535236007e+02
1.118504655472112930e+01 1.264559717422914815e+02 1.251721116535236007e+02
1.123510664327012165e+01 1.270343086735543778e+02 1.251721116535236007e+02
1.128492672628014759e+01 1.272888760702136466e+02 1.251721116535236007e+02
1.133483676091637449e+01 1.264452451552527776e+02 1.251721116535236007e+02
1.138496869555097213e+01 1.256355158107036374e+02 1.251721116535236007e+02
1.143488632814817052e+01 1.250552881487796384e+02 1.251721116535236007e+02
1.148507158105109838e+01 1.254611808207025803e+02 1.251721116535236007e+02
1.153512077344084652e+01 1.266063329636083239e+02 1.251721116535236007e+02
1.158496874923152120e+01 1.279646252597409699e+02 1.251721116535236007e+02
1.163503447483404862e+01 1.291497050782453471e+02 1.251721116535236007e+02
1.168514574175370413e+01 1.286597130056545097e+02 1.251721116535236007e+02
1.173520144267176768e+01 1.273240900653061232e+02 1.251721116535236007e+02
1.178499978579660024e+01 1.249529800223106548e+02 1.251721116535236007e+02
1.183489361131316109e+01 1.227769684284965734e+02 1.251721116535236007e+02
1.188508688648073353e+01 1.213715485769324829e+02 1.251721116535236007e+02
1.193507368630230303e+01 1.202238750988629334e+02 1.251721116535236007e+02
1.198501534283204073e+01 1.192474277880341873e+02 1.251721116535236007e+02
1.203499287021151787e+01 1.191335967671612224e+02 1.251721116535236007e+02
1.208500207354710376e+01 1.186416415105892810e+02 1.251721116535236007e+02
1.213511755040241447e+01 1.178559991205791704e+02 1.251721116535236007e+02
1.218508185768859775e+01 1.169977686816021532e+02 1.251721116535236007e+02
1.223499578229461093e+01 1.159827426616867712e+02 1.251721116535236007e+02
1.228482496548857839e+01 1.148543613833932255e+02 1.251721116535236007e+02
1.233472258167685354e+01 1.142909775400439827e+02 1.251721116535236007e+02
1.238495919658963373e+01 1.139397132565837438e+02 1.251721116535236007e+02
1.243501623080759977e+01 1.137806809508048929e+02 1.251721116535236007e+02
1.248498520461935968e+01 1.132544617377535445e+02 1.251721116535236007e+02
1.253491772764473389e+01 1.124731986822395839e+02 1.251721116535236007e+02
1.258505667599542477e+01 1.116087576115701978e+02 1.251721116535236007e+02
1.263533194845266294e+01 1.110299189490732914e+02 1.251721116535236007e+02
1.268509781067005449e+01 1.103118365809554149e+02 1.251721116535236007e+02
1.273496424556897288e+01 1.100734126059359568e+02 1.251721116535236007e+02
1.278509996901004975e+01 1.109040799237807988e+02 1.251721116535236007e+02
1.283513809744099454e+01 1.107747803778801909e+02 1.251721116535236007e+02
1.288513662977390872e+01 1.105906634729099238e+02 1.251721116535236007e+02
1.293516775797505858e+01 1.101184311519549652e+02 1.251721116535236007e+02
1.298508564746807004e+01 1.085884130695470589e+02 1.251721116535236007e+02
1.303485050444322191e+01 1.073517388942805013e+02 1.251721116535236007e+02
1.308477248822843464e+01 1.065831378260092634e+02 1.251721116535236007e+02
1.313495048384857000e+01 1.070275335958733791e+02 1.251721116535236007e+02
1.318508214353928665e+01 1.078172113186345342e+02 1.251721116535236007e+02
1.323498058186023130e+01 1.085975055832785898e+02 1.251721116535236007e+02
1.328501693617584500e+01 1.097259973288103225e+02 1.251721116535236007e+02
1.333523870267546485e+01 1.100796620097399483e+02 1.251721116535236007e+02
1.338517858123485915e+01 1.093054267916938755e+02 1.251721116535236007e+02
1.343509981213488302e+01 1.083822858717335720e+02 1.251721116535236007e+02
1.348497851692220806e+01 1.082278055018536662e+02 1.251721116535236007e+02
1.353502032703213587e+01 1.086055062192834129e+02 1.251721116535236007e+02
1.358510348967521608e+01 1.090552717580435598e+02 1.251721116535236007e+02
1.363504968078970769e+01 1.100166575635514761e+02 1.251721116535236007e+02
1.368512606201380066e+01 1.117921712043528970e+02 1.251721116535236007e+02
1.373499467664954388e+01 1.120010589548407580e+02 1.251721116535236007e+02
1.378492307579496234e+01 1.126376403462446518e+02 1.251721116535236007e+02
1.383507424762243687e+01 1.120515090766211159e+02 1.251721116535236007e+02
1.388511084066553458e+01 1.105196831111488081e+02 1.251721116535236007e+02
1.393507568847607203e+01 1.089698883871524089e+02 1.251721116535236007e+02
1.398506445617934446e+01 1.070214784005653570e+02 1.251721116535236007e+02
1.403502933207308878e+01 1.049342164034180627e+02 1.251721116535236007e+02
1.408509116651932658e+01 1.041989421155457904e+02 1.251721116535236007e+02
1.413501876932126322e+01 1.032320496258907809e+02 1.251721116535236007e+02
1.418492186532934873e+01 1.027033045192130061e+02 1.251721116535236007e+02
1.423490351986086466e+01 1.025331225277997618e+02 1.251721116535236007e+02
1.428504941701871722e+01 1.014791201796696924e+02 1.251721116535236007e+02
1.433512393770669036e+01 1.004989551599433781e+02 1.251721116535236007e+02
1.438498778231173958e+01 9.925954664752417500e+01 1.251721116535236007e+02
1.443505469180176348e+01 9.889262983744906421e+01 1.251721116535236007e+02
1.448509396921661008e+01 9.895809012380529168e+01 1.251721116535236007e+02
1.453500725043747011e+01 9.924659945708803832e+01 1.251721116535236007e+02
1.458506203599850082e+01 1.001984326549042947e+02 1.251721116535236007e+02
1.463510945522735618e+01 1.007761237102233878e+02 1.251721116535236007e+02
1.468518338522024536e+01 1.012494742671839987e+02 1.251721116535236007e+02
1.473511674948366057e+01 1.016691536475097877e+02 1.251721116535236007e+02
1.478499469255191379e+01 1.013983690481675950e+02 1.251721116535236007e+02
1.483519165114115879e+01 1.012992485622783221e+02 1.251721116535236007e+02
1.488517752652281168e+01 1.008491721920591289e+02 1.251721116535236007e+02
1.493491330480827983e+01 9.977875427888641013e+01 1.251721116535236007e+02
1.498495676551141820e+01 9.914878282586143143e+01 1.251721116535236007e+02
1.503511884068045923e+01 9.836441840178950713e+01 1.251721116535236007e+02
1.508508315088700869e+01 9.768349637029906773e+01 1.251721116535236007e+02
1.513503556379768966e+01 9.745547790584190295e+01 1.251721116535236007e+02
1.518499676732287540e+01 9.762512768284740616e+01 1.251721116535236007e+02
1.523508436290063095e+01 9.777116073913104799e+01 1.251721116535236007e+02
1.528522781999686053e+01 9.794389311847167789e+01 1.251721116535236007e+02
1.533502167931889559e+01 9.715859177980014749e+01 1.251721116535236007e+02
1.538498481261066075e+01 9.647130104725418676e+01 1.251721116535236007e+02
1.543513611943905417e+01 9.566377759636107214e+01 1.251721116535236007e+02
1.548505834224075706e+01 9.411864941309035260e+01 1.251721116535236007e+02
1.553504763409418921e+01 9.334580338948494216e+01 1.251721116535236007e+02
1.558510724608531106e+01 9.236110123396549909e+01 1.251721116535236007e+02
1.563520755254619132e+01 9.181394667263744225e+01 1.251721116535236007e+02
1.568514954075441636e+01 9.155118307806272071e+01 1.251721116535236007e+02
1.573497001906558346e+01 9.150923332520115139e+01 1.251721116535236007e+02
1.578501951482137855e+01 9.242306327731473914e+01 1.251721116535236007e+02
1.583505996699327234e+01 9.318790617195735138e+01 1.251721116535236007e+02
1.588504732433563937e+01 9.389650549873833540e+01 1.251721116535236007e+02
1.593492601146461141e+01 9.367640341218601918e+01 1.251721116535236007e+02
1.598497954552474276e+01 9.285367531360382998e+01 1.251721116535236007e+02
1.603519544557364185e+01 9.237864257022174286e+01 1.251721116535236007e+02
1.608505934770346002e+01 9.140660966648313490e+01 1.251721116535236007e+02
1.613492369455208220e+01 9.027679133737997574e+01 1.251721116535236007e+02
1.618487545351322154e+01 9.018416533236695898e+01 1.251721116535236007e+02
1.623491462415037034e+01 9.044359086296678640e+01 1.251721116535236007e+02
1.628502566686339392e+01 9.057188607090058952e+01 1.251721116535236007e+02
1.633514483849683430e+01 9.113320220739647937e+01 1.251721116535236007e+02
1.638505554887958837e+01 9.127245463082122967e+01 1.251721116535236007e+02
1.643503370695393073e+01 9.116178373432317983e+01 1.251721116535236007e+02
1.648511919866944808e+01 9.027114139875344279e+01 1.251721116535236007e+02
1.653520949175244326e+01 8.954798141553816038e+01 1.251721116535236007e+02
1.658506906510178069e+01 8.920262453032695760e+01 1.251721116535236007e+02
1.663488141241765206e+01 8.866466039353979056e+01 1.251721116535236007e+02
1.668486705482716204e+01 8.868145715959697384e+01 1.251721116535236007e+02
1.673492103191636104e+01 8.849320599406460985e+01 1.251721116535236007e+02
1.678500937030894846e+01 8.878789271391211457e+01 1.251721116535236007e+02
1.683496483388560350e+01 8.857820884586892873e+01 1.251721116535236007e+02
1.688490029853898733e+01 8.837147142893432772e+01 1.251721116535236007e+02
1.693486900501934400e+01 8.771377264399707485e+01 1.251721116535236007e+02
1.698500806291582776e+01 8.693551151839314173e+01 1.251721116535236007e+02
1.703516048416506479e+01 8.654997139080025192e+01 1.251721116535236007e+02
1.708509007434781068e+01 8.614860334334308334e+01 1.251721116535236007e+02
1.713498442939637201e+01 8.727530005322354612e+01 1.251721116535236007e+02
1.718492428173238196e+01 8.801549341323728015e+01 1.251721116535236007e+02
1.723486141856428233e+01 8.913063607444469483e+01 1.251721116535236007e+02
1.728495617542862206e+01 8.962614667663071089e+01 1.251721116535236007e+02
1.733506984443393506e+01 8.922866589221631273e+01 1.251721116535236007e+02
1.738497568670722160e+01 8.856829830831297556e+01 1.251721116535236007e+02
1.743490614939463157e+01 8.746548620081414072e+01 1.251721116535236007e+02
1.748496913497200467e+01 8.644839140056750182e+01 1.251721116535236007e+02
1.753507445822357624e+01 8.550711885388393796e+01 1.251721116535236007e+02
1.758513482966695562e+01 8.531898270866709311e+01 1.251721116535236007e+02
1.763511755933055269e+01 8.514841225979016315e+01 1.251721116535236007e+02
1.768508466776422239e+01 8.501661759247984662e+01 1.251721116535236007e+02
1.773505073952180311e+01 8.457581923293811599e+01 1.251721116535236007e+02
1.778508782630178686e+01 8.391847198582711087e+01 1.251721116535236007e+02
1.783504284633070824e+01 8.338399535832756726e+01 1.251721116535236007e+02
1.788499742965798589e+01 8.278850532091540515e+01 1.251721116535236007e+02
1.793498972719416429e+01 8.238065115335258781e+01 1.251721116535236007e+02
1.798499848428144787e+01 8.201995240766918016e+01 1.251721116535236007e+02
1.803510953377203663e+01 8.225737082687375334e+01 1.251721116535236007e+02
1.808516677532512062e+01 8.239612052752350735e+01 1.251721116535236007e+02
1.813507550829074688e+01 8.237491904414635258e+01 1.251721116535236007e+02
1.818496845642778936e+01 8.271773815036043231e+01 1.251721116535236007e+02
1.823497139660265276e+01 8.283756510021014208e+01 1.251721116535236007e+02
1.828507879191377228e+01 8.236316133921148719e+01 1.251721116535236007e+02
1.833510418824468857e+01 8.216681593405424167e+01 1.251721116535236007e+02
1.838506948334563873e+01 8.196732469988414493e+01 1.251721116535236007e+02
1.843507536407004466e+01 8.152336595758443138e+01 1.251721116535236007e+02
1.848504942076525737e+01 8.124957116216923225e+01 1.251721116535236007e+02
1.853507441616272544e+01 8.115365743879040394e+01 1.251721116535236007e+02
1.858511879045116899e+01 8.102164751222981920e+01 1.251721116535236007e+02
1.863495525648787421e+01 8.066743277477230833e+01 1.251721116535236007e+02
1.868488130392274016e+01 8.061793332168697646e+01 1.251721116535236007e+02
1.873504875184114482e+01 8.019834430295848904e+01 1.251721116535236007e+02
1.878514388429111648e+01 7.980517830373990762e+01 1.251721116535236007e+02
1.883511007463363995e+01 8.037538228837659915e+01 1.251721116535236007e+02
1.888497244834255895e+01 8.074925522993946458e+01 1.251721116535236007e+02
1.893485641817745346e+01 8.110489938183233960e+01 1.251721116535236007e+02
1.898490619453832551e+01 8.159035288095249427e+01 1.251721116535236007e+02
1.903488786107232045e+01 8.202097388688183344e+01 1.251721116535236007e+02
1.908487881142723097e+01 8.191041682151013958e+01 1.251721116535236007e+02
1.913492348207432414e+01 8.186351065665495241e+01 1.251721116535236007e+02
1.918501168728120021e+01 8.108984660060009730e+01 1.251721116535236007e+02
1.923514124826581906e+01 8.030838381225139244e+01 1.251721116535236007e+02
1.928506748334755017e+01 7.968233474718151399e+01 1.251721116535236007e+02
1.933495430610808086e+01 7.892750292036170379e+01 1.251721116535236007e+02
1.938494634755015866e+01 7.800034093744254449e+01 1.251721116535236007e+02
1.943493914899500297e+01 7.800199037399740121e+01 1.251721116535236007e+02
1.948497893127760250e+01 7.842733226029547211e+01 1.251721116535236007e+02
1.953503482368078537e+01 7.889497987920664457e+01 1.251721116535236007e+02
1.958498207675637559e+01 7.922995518750620647e+01 1.251721116535236007e+02
1.963504343592175871e+01 7.973608100826398015e+01 1.251721116535236007e+02
1.968503863116305297e+01 7.975855052623749941e+01 1.251721116535236007e+02
1.973506536610938156e+01 7.973930843771769617e+01 1.251721116535236007e+02
1.978512121103143784e+01 7.938519159000277625e+01 1.251721116535236007e+02
1.983496687045177964e+01 7.923704983246896916e+01 1.251721116535236007e+02
1.988498280723141320e+01 7.916227518599758639e+01 1.251721116535236007e+02
1.993508900434436626e+01 7.888915223732600168e+01 1.251721116535236007e+02
1.998508408833317418e+01 7.826933352673857769e+01 1.251721116535236007e+02
2.003507324128244704e+01 7.736765207566007518e+01 1.251721116535236007e+02
2.008505399653831702e+01 7.670835538412502785e+01 1.251721116535236007e+02
2.013499669309325313e+01 7.641380050020738679e+01 1.251721116535236007e+02
2.018502569446345518e+01 7.649988201521928488e+01 1.251721116535236007e+02
2.023503536485620202e+01 7.687811259289067323e+01 1.251721116535236007e+02
2.028511407188591065e+01 7.692694568007716782e+01 1.251721116535236007e+02
2.033506684544470744e+01 7.672038609347545446e+01 1.251721116535236007e+02
2.038493053717687786e+01 7.644790337824808546e+01 1.251721116535236007e+02
2.043503656635626342e+01 7.586270146186093655e+01 1.251721116535236007e+02
2.048515681613748640e+01 7.581802536880003629e+01 1.251721116535236007e+02
2.053512184950790243e+01 7.553507050087854680e+01 1.251721116535236007e+02
2.058506579015766036e+01 7.525438622891694251e+01 1.251721116535236007e+02
2.063503949539584070e+01 7.544168859836277363e+01 1.251721116535236007e+02
2.068496726901411620e+01 7.478037076670908334e+01 1.251721116535236007e+02
2.073499283942112825e+01 7.406465403574146933e+01 1.251721116535236007e+02
2.078510852351926275e+01 7.368964809271416527e+01 1.251721116535236007e+02
2.083507144762231178e+01 7.330985917551880959e+01 1.251721116535236007e+02
2.088503448202894930e+01 7.374224908131667178e+01 1.251721116535236007e+02
2.093502569401122670e+01 7.450867626040850666e+01 1.251721116535236007e+02
2.098501092220254804e+01 7.507913921246056077e+01 1.251721116535236007e+02
2.103489933635630749e+01 7.603106840309131087e+01 1.251721116535236007e+02
2.108484379460264790e+01 7.668621690365229426e+01 1.251721116535236007e+02
2.113497050350854778e+01 7.698211424194884955e+01 1.251721116535236007e+02
2.118501489664703996e+01 7.697069299704223511e+01 1.251721116535236007e+02
2.123500322597652001e+01 7.613733870242349155e+01 1.251721116535236007e+02
2.128496140673073000e+01 7.553912955815407315e+01 1.251721116535236007e+02
2.133497759989855780e+01 7.434444209025987504e+01 1.251721116535236007e+02
2.138501427804164834e+01 7.325540524668100772e+01 1.251721116535236007e+02
2.143512307678850348e+01 7.234516890638126085e+01 1.251721116535236007e+02
2.148520101455627085e+01 7.177792782099437829e+01 1.251721116535236007e+02
2.153506198237843705e+01 7.200149296284742206e+01 1.251721116535236007e+02
2.158501725909731306e+01 7.235580831160812920e+01 1.251721116535236007e+02
2.163513192522731643e+01 7.234968014870823083e+01 1.251721116535236007e+02
2.168511393406111054e+01 7.286322044498636785e+01 1.251721116535236007e+02
2.173504372356545389e+01 7.349808250937378773e+01 1.251721116535236007e+02
2.178497281075374303e+01 7.390292905067146023e+01 1.251721116535236007e+02
2.183494731131466438e+01 7.389177808978628548e+01 1.251721116535236007e+02
2.188500823254057082e+01 7.312412227555095967e+01 1.251721116535236007e+02
2.193509886117685070e+01 7.252628226191514216e+01 1.251721116535236007e+02
2.198516119020909798e+01 7.132239235150616707e+01 1.251721116535236007e+02
2.203505025422927233e+01 7.030440676950259160e+01 1.251721116535236007e+02
2.208496894321325854e+01 6.940010697937471207e+01 1.251721116535236007e+02
2.213503419908408887e+01 6.904417105691875634e+01 1.251721116535236007e+02
2.218516000856649484e+01 6.917899191834381156e+01 1.251721116535236007e+02
2.223516154100823528e+01 6.905733022508535157e+01 1.251721116535236007e+02
2.228504923601680332e+01 6.914215731461176517e+01 1.251721116535236007e+02
2.233504290137151926e+01 6.925791369501884276e+01 1.251721116535236007e+02
2.238504178238817488e+01 6.966584442215933848e+01 1.251721116535236007e+02
2.243506292974217686e+01 6.993159352694753750e+01 1.251721116535236007e+02
2.248498010803980307e+01 7.024681248993435645e+01 1.251721116535236007e+02
2.253497408768199151e+01 7.016642284621967462e+01 1.251721116535236007e+02
2.258504576314178891e+01 6.982447577844935438e+01 1.251721116535236007e+02
2.263501755529657089e+01 6.959332624197087114e+01 1.251721116535236007e+02
2.268497133650677711e+01 6.928329330616837467e+01 1.251721116535236007e+02
2.273496946975517119e+01 6.889868240110745035e+01 1.251721116535236007e+02
2.278495606365159531e+01 6.849530820049501756e+01 1.251721116535236007e+02
2.283504517344439222e+01 6.840069210650317189e+01 1.251721116535236007e+02
2.288515384815983467e+01 6.801722826360618512e+01 1.251721116535236007e+02
2.293513970257658485e+01 6.742201528124233789e+01 1.251721116535236007e+02
2.298499895949208849e+01 6.696397394812835557e+01 1.251721116535236007e+02
2.303494368627049482e+01 6.676492510322835017e+01 1.251721116535236007e+02
2.308506613449876355e+01 6.715271293303884192e+01 1.251721116535236007e+02
2.313508392148495574e+01 6.704430198979103750e+01 1.251721116535236007e+02
2.318502453278797404e+01 6.674002369567811854e+01 1.251721116535236007e+02
2.323497485065410117e+01 6.669316008155060160e+01 1.251721116535236007e+02
2.328497090944668102e+01 6.627371671930457353e+01 1.251721116535236007e+02
2.333499385253491454e+01 6.614697040799607919e+01 1.251721116535236007e+02
2.338498727106783193e+01 6.622408597060559998e+01 1.251721116535236007e+02
2.343501191119998239e+01 6.599758821257647412e+01 1.251721116535236007e+02
2.348496544655622387e+01 6.600257096699586157e+01 1.251721116535236007e+02
2.353495792677599496e+01 6.568228778285764236e+01 1.251721116535236007e+02
2.358500365650586872e+01 6.534828535031756758e+01 1.251721116535236007e+02
2.363496159683297293e+01 6.475682689017297378e+01 1.251721116535236007e+02
2.368501138596607802e+01 6.408269739672321919e+01 1.251721116535236007e+02
2.373498470094738977e+01 6.379531250692586752e+01 1.251721116535236007e+02
2.378496214819288213e+01 6.378670637027634882e+01 1.251721116535236007e+02
2.383497596387970674e+01 6.393215268684387809e+01 1.251721116535236007e+02
2.388498789192226113e+01 6.410222115923316721e+01 1.251721116535236007e+02
2.393503375318008253e+01 6.451039471981549411e+01 1.251721116535236007e+02
2.398501935373159100e+01 6.523873119571670998e+01 1.251721116535236007e+02
2.403496569110036774e+01 6.547835405999551028e+01 1.251721116535236007e+02
2.408498673386322153e+01 6.525696099958419438e+01 1.251721116535236007e+02
2.413506042996912626e+01 6.460624342099147555e+01 1.251721116535236007e+02
2.418502307876385871e+01 6.411526799884681793e+01 1.251721116535236007e+02
2.423492163595081550e+01 6.324492833688917415e+01 1.251721116535236007e+02
2.428490428825202585e+01 6.255388526586712317e+01 1.251721116535236007e+02
2.433496680196650530e+01 6.215192495283817209e+01 1.251721116535236007e+02
2.438512209170648148e+01 6.209281783847775671e+01 1.251721116535236007e+02
2.443514839901259350e+01 6.212662290327936887e+01 1.251721116535236007e+02
2.448509052949892961e+01 6.237103241693675670e+01 1.251721116535236007e+02
2.453509143701500861e+01 6.246308478259952324e+01 1.251721116535236007e+02
2.458502365090511788e+01 6.251470359667952437e+01 1.251721116535236007e+02
2.463504153640463201e+01 6.276721642690837655e+01 1.251721116535236007e+02
2.468508194249478649e+01 6.268178295613388684e+01 1.251721116535236007e+02
2.473503958790242407e+01 6.233002908087421190e+01 1.251721116535236007e+02
2.478500304505123708e+01 6.212838640387256817e+01 1.251721116535236007e+02
2.483507100557675784e+01 6.185959171116790856e+01 1.251721116535236007e+02
2.488511954357796441e+01 6.139549360114030208e+01 1.251721116535236007e+02
2.493506250080584152e+01 6.089048479770723077e+01 1.251721116535236007e+02
2.498502129798272975e+01 6.047382958742288395e+01 1.251721116535236007e+02
2.503501437401748220e+01 5.989943880382766395e+01 1.251721116535236007e+02
2.508506646650047855e+01 5.916680610303860988e+01 1.251721116535236007e+02
2.513508907173123674e+01 5.866087404615846879e+01 1.251721116535236007e+02
2.518507998159773820e+01 5.826768515160249251e+01 1.251721116535236007e+02
2.523505185786540750e+01 5.792389742426773580e+01 1.251721116535236007e+02
2.528493522995301390e+01 5.758568503130767624e+01 1.251721116535236007e+02
2.533497298671538545e+01 5.779335947959783937e+01 1.251721116535236007e+02
2.538502983866438711e+01 5.843918478921260373e+01 1.251721116535236007e+02
2.543495840570060551e+01 5.923187953641011916e+01 1.251721116535236007e+02
2.548490619549177083e+01 6.043529077448640408e+01 1.251721116535236007e+02
2.553504240236605227e+01 6.084047205317774853e+01 1.251721116535236007e+02
2.558513992818135208e+01 6.106062023206642664e+01 1.251721116535236007e+02
2.563511225024596385e+01 6.050778695961464848e+01 1.251721116535236007e+02
2.568502585376510083e+01 5.936817356024262438e+01 1.251721116535236007e+02
2.573498204820310065e+01 5.830474740598437222e+01 1.251721116535236007e+02
2.578500790559889566e+01 5.714735558808725102e+01 1.251721116535236007e+02
2.583497123978640531e+01 5.639957215133192392e+01 1.251721116535236007e+02
2.588498768970100627e+01 5.638194531047530234e+01 1.251721116535236007e+02
2.593504047435509818e+01 5.687667913004862896e+01 1.251721116535236007e+02
2.598492966214148936e+01 5.762987841494377506e+01 1.251721116535236007e+02
2.603490575269462681e+01 5.833712798067297456e+01 1.251721116535236007e+02
2.608498537799486172e+01 5.881371487480070925e+01 1.251721116535236007e+02
2.613498443791063153e+01 5.911779970908149551e+01 1.251721116535236007e+02
2.618506832819802099e+01 5.908476490567450412e+01 1.251721116535236007e+02
2.623502416925955671e+01 5.885857857732089826e+01 1.251721116535236007e+02
2.628500242861670344e+01 5.868955837061140812e+01 1.251721116535236007e+02
2.633505458811568190e+01 5.846883837101380266e+01 1.251721116535236007e+02
2.638505163208250437e+01 5.788798387592073880e+01 1.251721116535236007e+02
2.643507388196501040e+01 5.727304625131030491e+01 1.251721116535236007e+02
2.648507376463455287e+01 5.658203994255070768e+01 1.251721116535236007e+02
2.653501897948297028e+01 5.634160959979088545e+01 1.251721116535236007e+02
2.658500608304605706e+01 5.608992296242330156e+01 1.251721116535236007e+02
2.663500634603502704e+01 5.593635097444770565e+01 1.251721116535236007e+02
2.668499674593755699e+01 5.604794322366733184e+01 1.251721116535236007e+02
2.673507012876124023e+01 5.581519625154244579e+01 1.251721116535236007e+02
2.678510131184463461e+01 5.531614047020092073e+01 1.251721116535236007e+02
2.683506136577998191e+01 5.487308244639125121e+01 1.251721116535236007e+02
2.688505297879097711e+01 5.471484021801718711e+01 1.251721116535236007e+02
2.693504435016774679e+01 5.483912536468598375e+01 1.251721116535236007e+02
2.698504814319771228e+01 5.478934274053669640e+01 1.251721116535236007e+02
2.703494373337554890e+01 5.464750842444085777e+01 1.251721116535236007e+02
2.708497938352233092e+01 5.444869983581854456e+01 1.251721116535236007e+02
2.713508632778151508e+01 5.407547937503817082e+01 1.251721116535236007e+02
2.718506074587872945e+01 5.354310903183811376e+01 1.251721116535236007e+02
2.723503231188058749e+01 5.339266764165311940e+01 1.251721116535236007e+02
2.728504324376617163e+01 5.321796415918289824e+01 1.251721116535236007e+02
2.733507363034057747e+01 5.374025344730650033e+01 1.251721116535236007e+02
2.738505164772542599e+01 5.426817748108338435e+01 1.251721116535236007e+02
2.743504695427340678e+01 5.430885032710621374e+01 1.251721116535236007e+02
2.748503541076832590e+01 5.437785971497838489e+01 1.251721116535236007e+02
2.753504854886516995e+01 5.418998497206602849e+01 1.251721116535236007e+02
2.758506909532711049e+01 5.413681637874843489e+01 1.251721116535236007e+02
2.763503959560177492e+01 5.416924137197305811e+01 1.251721116535236007e+02
2.768493112797089140e+01 5.425494478388257846e+01 1.251721116535236007e+02
2.773486671198879705e+01 5.439127709729474702e+01 1.251721116535236007e+02
2.778493406100407626e+01 5.475598473772346608e+01 1.251721116535236007e+02
2.783494474738006019e+01 5.492725004795205734e+01 1.251721116535236007e+02
2.788491097421039200e+01 5.470195140013804291e+01 1.251721116535236007e+02
2.793491799818713872e+01 5.457732851881830527e+01 1.251721116535236007e+02
2.798497835561302693e+01 5.445889839560122425e+01 1.251721116535236007e+02
2.803500194300229609e+01 5.398156294622286566e+01 1.251721116535236007e+02
2.808497359419805051e+01 5.389754555544801917e+01 1.251721116535236007e+02
2.813500712900244238e+01 5.367542696464836638e+01 1.251721116535236007e+02
2.818498298316923822e+01 5.355688611629192053e+01 1.251721116535236007e+02
2.823501278705563422e+01 5.338227939084812590e+01 1.251721116535236007e+02
2.828508221076129558e+01 5.327110407318714635e+01 1.251721116535236007e+02
2.833502532700387277e+01 5.322659421988846873e+01 1.251721116535236007e+02
2.838497482624182666e+01 5.316847116817224617e+01 1.251721116535236007e+02
2.843501034830992680e+01 5.359432044328870859e+01 1.251721116535236007e+02
2.848502647862418868e+01 5.390201656873948366e+01 1.251721116535236007e+02
2.853508393835680224e+01 5.417042810862481872e+01 1.251721116535236007e+02
2.858501657709735255e+01 5.429862172696623190e+01 1.251721116535236007e+02
2.863498054340625742e+01 5.423956255053631992e+01 1.251721116535236007e+02
2.868501636720259995e+01 5.366515419610159654e+01 1.251721116535236007e+02
2.873503316835737564e+01 5.309525964902441331e+01 1.251721116535236007e+02
2.878503498814174577e+01 5.265271047513151359e+01 1.251721116535236007e+02
2.883499190836502279e+01 5.237624945771945306e+01 1.251721116535236007e+02
2.888498631502357483e+01 5.242021552009224195e+01 1.251721116535236007e+02
2.893495000626588265e+01 5.245200702038762586e+01 1.251721116535236007e+02
2.898500036432614380e+01 5.289977688411836709e+01 1.251721116535236007e+02
2.903509861546637438e+01 5.312697233609814873e+01 1.251721116535236007e+02
2.908509207483089298e+01 5.319660213666607262e+01 1.251721116535236007e+02
2.913504495481950229e+01 5.302869393812058263e+01 1.251721116535236007e+02
2.918500836395550735e+01 5.234613175759933767e+01 1.251721116535236007e+02
2.923495718662698550e+01 5.160517208588704818e+01 1.251721116535236007e+02
2.928496207259495421e+01 5.098419924463378550e+01 1.251721116535236007e+02
2.933507426259881257e+01 5.055511207108641258e+01 1.251721116535236007e+02
2.938508181516578688e+01 5.071241310629248744e+01 1.251721116535236007e+02
2.943498225301185300e+01 5.108142258794957513e+01 1.251721116535236007e+02
2.948499858116320738e+01 5.149815001566066996e+01 1.251721116535236007e+02
2.953503956580185985e+01 5.187097256704022641e+01 1.251721116535236007e+02
2.958499896666411288e+01 5.201016923537652303e+01 1.251721116535236007e+02
2.963499333290878823e+01 5.219476106542377636e+01 1.251721116535236007e+02
2.968503373938486689e+01 5.205635775817997057e+01 1.251721116535236007e+02
2.973501494685912405e+01 5.172622229818917106e+01 1.251721116535236007e+02
2.978501452515847703e+01 5.154626359066368479e+01 1.251721116535236007e+02
2.983502715796966243e+01 5.130988218186003280e+01 1.251721116535236007e+02
2.988500919213149487e+01 5.130793855353631727e+01 1.251721116535236007e+02
2.993496485179967692e+01 5.109768789278554380e+01 1.251721116535236007e+02
2.998492561128389156e+01 5.104974698694410051e+01 1.251721116535236007e+02
3.003499817560929586e+01 5.089067100236631802e+01 1.251721116535236007e+02
3.008502556456793897e+01 5.056175956100200608e+01 1.251721116535236007e+02
3.013494008816754999e+01 5.033119934539813300e+01 1.251721116535236007e+02
3.018492673547769911e+01 5.021020969957122304e+01 1.251721116535236007e+02
3.023500315153119189e+01 4.989742279825166804e+01 1.251721116535236007e+02
3.028498131448523623e+01 4.985791384185777986e+01 1.251721116535236007e+02
3.033495417861680465e+01 4.973841596501993934e+01 1.251721116535236007e+02
3.038498345260273936e+01 4.961410997019758895e+01 1.251721116535236007e+02
3.043498939861261121e+01 4.934899820563613559e+01 1.251721116535236007e+02
3.048502194613474714e+01 4.906288491850499156e+01 1.251721116535236007e+02
3.053502301362196647e+01 4.887484777474337250e+01 1.251721116535236007e+02
3.058495949956653348e+01 4.875585020893736043e+01 1.251721116535236007e+02
3.063489983455229648e+01 4.882221497445640068e+01 1.251721116535236007e+02
3.068497696715034095e+01 4.894307694573377887e+01 1.251721116535236007e+02
3.073509074860540480e+01 4.945475556440003118e+01 1.251721116535236007e+02
3.078509960315929206e+01 5.001808595253915257e+01 1.251721116535236007e+02
3.083509925779301497e+01 5.053792225631856638e+01 1.251721116535236007e+02
3.088502185481159401e+01 5.103095116413577159e+01 1.251721116535236007e+02
3.093497026923844118e+01 5.119311036733223830e+01 1.251721116535236007e+02
3.098500837521540419e+01 5.125165195681397279e+01 1.251721116535236007e+02
3.103503142039876295e+01 5.109193725486495907e+01 1.251721116535236007e+02
3.108506759362598970e+01 5.071420491554933108e+01 1.251721116535236007e+02
3.113503374503685350e+01 5.004193067863256772e+01 1.251721116535236007e+02
3.118500365593765977e+01 4.932508820405642780e+01 1.251721116535236007e+02
3.123500974421094156e+01 4.874462270713864598e+01 1.251721116535236007e+02
3.128501507026141226e+01 4.852575410453651727e+01 1.251721116535236007e+02
3.133507249490528324e+01 4.832400561281995977e+01 1.251721116535236007e+02
3.138502440591334519e+01 4.846417799062207621e+01 1.251721116535236007e+02
3.143504823904290646e+01 4.838735803590800799e+01 1.251721116535236007e+02
3.148510614177524758e+01 4.834540540414347731e+01 1.251721116535236007e+02
3.153501675197719933e+01 4.842933660121009609e+01 1.251721116535236007e+02
3.158501348571202527e+01 4.849569866142054764e+01 1.251721116535236007e+02
3.163508986356812969e+01 4.878595274566372098e+01 1.251721116535236007e+02
3.168511752018606131e+01 4.910192555588851349e+01 1.251721116535236007e+02
3.173514170463571205e+01 4.943140986088262423e+01 1.251721116535236007e+02
3.178509011011270502e+01 4.950217646201802779e+01 1.251721116535236007e+02
3.183500843705502703e+01 4.952150410454230212e+01 1.251721116535236007e+02
3.188501666940159751e+01 4.936815696431916933e+01 1.251721116535236007e+02
3.193503202990384793e+01 4.907079887949835495e+01 1.251721116535236007e+02
3.198506613067839410e+01 4.863388005320616969e+01 1.251721116535236007e+02
3.203505890021113345e+01 4.830728016518453671e+01 1.251721116535236007e+02
3.208493732419461963e+01 4.810722328051834040e+01 1.251721116535236007e+02
3.213495366395236630e+01 4.819175817036760634e+01 1.251721116535236007e+02
