nan nan 4.193575442422208965e+01
8.899641323548096450e-02 4.801377565532681183e+05 4.193575442422208965e+01
1.448080953624513445e-01 1.148739994307609595e+05 4.193575442422208965e+01
1.950822866625256113e-01 1.385282813446466571e+04 4.193575442422208965e+01
2.418344986082902603e-01 1.093461275303846378e+04 4.193575442422208965e+01
2.844150324662526597e-01 8.076368412242444720e+03 4.193575442422208965e+01
3.311492092627331685e-01 8.052729659109611930e+03 4.193575442422208965e+01
3.854527006682739732e-01 2.815716357447924111e+03 4.193575442422208965e+01
4.379760757023590800e-01 2.957340446449140018e+03 4.193575442422208965e+01
4.845354905265206735e-01 2.552797220486172137e+03 4.193575442422208965e+01
5.331869425000370644e-01 2.351401745575778023e+03 4.193575442422208965e+01
5.864416905016403003e-01 1.762843969567285285e+03 4.193575442422208965e+01
6.393143479449987510e-01 1.734489694536080378e+03 4.193575442422208965e+01
6.875509482501400704e-01 1.618831971174304726e+03 4.193575442422208965e+01
7.360532472319636366e-01 1.167562117916203533e+03 4.193575442422208965e+01
7.867697342078286971e-01 1.090876745575777932e+03 4.193575442422208965e+01
8.376194660778666368e-01 1.075862295519661302e+03 4.193575442422208965e+01
8.876896880604894235e-01 1.001939182124001263e+03 4.193575442422208965e+01
9.363402658038668669e-01 9.106539981434717674e+02 4.193575442422208965e+01
9.849243849049101884e-01 8.693719537373608546e+02 4.193575442422208965e+01
1.033922473950819487e+00 8.010816698182021582e+02 4.193575442422208965e+01
1.083968788523273830e+00 7.628344042010257908e+02 4.193575442422208965e+01
1.133915541218776246e+00 6.455985593012680965e+02 4.193575442422208965e+01
1.183819436428001248e+00 5.792682324681863975e+02 4.193575442422208965e+01
1.235159589274556602e+00 5.129491123429976369e+02 4.193575442422208965e+01
1.285686788879907949e+00 4.922622023065472376e+02 4.193575442422208965e+01
1.335577748586906033e+00 4.566205593795950790e+02 4.193575442422208965e+01
1.385007992768898966e+00 4.553528647434954451e+02 4.193575442422208965e+01
1.434761006508366910e+00 4.372308488469837471e+02 4.193575442422208965e+01
1.483809371322070803e+00 4.053387883156062230e+02 4.193575442422208965e+01
1.534060792161507925e+00 3.880710871726871574e+02 4.193575442422208965e+01
1.585002278264664888e+00 3.551613229849406252e+02 4.193575442422208965e+01
1.635527410472897403e+00 3.453987779498786495e+02 4.193575442422208965e+01
1.685676391865528423e+00 3.380930835740815610e+02 4.193575442422208965e+01
1.734789433360194755e+00 3.206402487647229123e+02 4.193575442422208965e+01
1.784875565396764951e+00 3.154509012292287480e+02 4.193575442422208965e+01
1.835586570008190588e+00 2.967089153324407107e+02 4.193575442422208965e+01
1.885448157908552691e+00 2.667226354062864289e+02 4.193575442422208965e+01
1.935207439362316428e+00 2.764329393166194677e+02 4.193575442422208965e+01
1.985052992803765015e+00 2.808190746615384796e+02 4.193575442422208965e+01
2.035079590713408937e+00 2.764416743627992332e+02 4.193575442422208965e+01
2.085261259228671005e+00 2.471940137816548884e+02 4.193575442422208965e+01
2.135521812674741060e+00 2.356553367948742164e+02 4.193575442422208965e+01
2.185539865877868859e+00 2.307144385611781843e+02 4.193575442422208965e+01
2.234928417494250752e+00 2.230107992211137855e+02 4.193575442422208965e+01
2.285020483940173541e+00 2.190824134173858226e+02 4.193575442422208965e+01
2.335227126917563290e+00 2.175091491570451296e+02 4.193575442422208965e+01
2.385597458206195398e+00 2.109056948313440785e+02 4.193575442422208965e+01
2.435604585857625182e+00 1.947331868077498598e+02 4.193575442422208965e+01
2.485423401501763330e+00 1.871021585363878046e+02 4.193575442422208965e+01
2.535218303430096576e+00 1.826981330119627103e+02 4.193575442422208965e+01
2.585301717955153844e+00 1.771989382058861793e+02 4.193575442422208965e+01
2.635310621692829258e+00 1.754251800039032787e+02 4.193575442422208965e+01
2.684883533713459336e+00 1.793859812532891453e+02 4.193575442422208965e+01
2.734760511342632316e+00 1.788899013828436750e+02 4.193575442422208965e+01
2.784962555331770062e+00 1.728985874819806270e+02 4.193575442422208965e+01
2.835387565949985422e+00 1.677155222544641902e+02 4.193575442422208965e+01
2.885384254562536110e+00 1.674931593903690157e+02 4.193575442422208965e+01
2.935452697317705084e+00 1.599640787437822382e+02 4.193575442422208965e+01
2.985584946861008060e+00 1.522477039537700421e+02 4.193575442422208965e+01
3.035281973877222761e+00 1.477083411506937978e+02 4.193575442422208965e+01
3.084822103129104764e+00 1.474671320522569147e+02 4.193575442422208965e+01
3.135015350087773989e+00 1.428327538848272980e+02 4.193575442422208965e+01
3.185847982026314362e+00 1.413335911555712414e+02 4.193575442422208965e+01
3.235464408484991061e+00 1.417577977173048964e+02 4.193575442422208965e+01
3.285149658618915502e+00 1.410222930882336811e+02 4.193575442422208965e+01
3.335370615645364634e+00 1.346892545075392320e+02 4.193575442422208965e+01
3.385209898508314996e+00 1.266750161838627378e+02 4.193575442422208965e+01
3.434934112077638879e+00 1.255480357619031224e+02 4.193575442422208965e+01
3.484151880424383396e+00 1.228260928989768672e+02 4.193575442422208965e+01
3.534737654629889203e+00 1.200174002174766770e+02 4.193575442422208965e+01
3.585624261789238432e+00 1.189828438266494288e+02 4.193575442422208965e+01
3.635262333854326844e+00 1.207360226640543601e+02 4.193575442422208965e+01
3.685039256951247122e+00 1.207081793041331821e+02 4.193575442422208965e+01
3.735233298459508244e+00 1.196013109285924827e+02 4.193575442422208965e+01
3.785147580586893934e+00 1.169777695067856200e+02 4.193575442422208965e+01
3.835695018070195861e+00 1.087073828306798475e+02 4.193575442422208965e+01
3.885539873192506377e+00 1.032343962806879745e+02 4.193575442422208965e+01
3.934696648644303352e+00 1.067091335345344589e+02 4.193575442422208965e+01
3.985162965584265304e+00 1.089238076195735232e+02 4.193575442422208965e+01
4.035471487646510091e+00 1.056051988211294201e+02 4.193575442422208965e+01
4.085372705036187213e+00 1.023819693248969998e+02 4.193575442422208965e+01
4.135141121895999028e+00 1.000489009663040747e+02 4.193575442422208965e+01
4.184482326706712385e+00 9.827550258576283682e+01 4.193575442422208965e+01
4.234523823648805418e+00 9.569133398510615507e+01 4.193575442422208965e+01
4.284609124085813292e+00 9.468908805611511070e+01 4.193575442422208965e+01
4.334887301479964705e+00 9.362065096892513338e+01 4.193575442422208965e+01
4.385302499000811594e+00 9.159073509888449394e+01 4.193575442422208965e+01
4.435186196473425824e+00 9.116046301266797514e+01 4.193575442422208965e+01
4.485197364325797409e+00 9.125888123893744819e+01 4.193575442422208965e+01
4.535537527983671602e+00 9.023499953950550889e+01 4.193575442422208965e+01
4.585513271404134450e+00 8.762384992376922810e+01 4.193575442422208965e+01
4.634965284950676612e+00 8.745437225652020174e+01 4.193575442422208965e+01
4.684823536717123815e+00 8.809659249990394869e+01 4.193575442422208965e+01
4.735220518702936587e+00 8.824672929735595517e+01 4.193575442422208965e+01
4.785263605082985983e+00 8.652722141447077320e+01 4.193575442422208965e+01
4.835259232697663556e+00 8.487514720138543112e+01 4.193575442422208965e+01
4.885376870001424621e+00 8.346315916012025582e+01 4.193575442422208965e+01
4.935301902824286380e+00 8.356009831151712319e+01 4.193575442422208965e+01
4.985473083840958886e+00 8.253229474310541036e+01 4.193575442422208965e+01
5.035412558343983491e+00 8.037012682519167583e+01 4.193575442422208965e+01
5.085460294222076350e+00 8.053530395996591551e+01 4.193575442422208965e+01
5.135289803448600310e+00 8.101812414136037432e+01 4.193575442422208965e+01
5.185032520573041204e+00 8.024557598513464995e+01 4.193575442422208965e+01
5.234850251783559116e+00 7.699990127759630809e+01 4.193575442422208965e+01
5.284974752151396338e+00 7.621343789095570287e+01 4.193575442422208965e+01
5.335255304675732724e+00 7.598350473188429532e+01 4.193575442422208965e+01
5.385226941869014183e+00 7.393989465279719298e+01 4.193575442422208965e+01
5.435093414465236528e+00 7.166799483720564012e+01 4.193575442422208965e+01
5.485028900036975408e+00 6.991903053471148155e+01 4.193575442422208965e+01
5.535369898797608990e+00 6.862599076405177811e+01 4.193575442422208965e+01
5.585317464617740590e+00 6.908705408203931597e+01 4.193575442422208965e+01
5.634959412056486094e+00 6.906918317347535208e+01 4.193575442422208965e+01
5.685029758810561162e+00 6.888906878962819746e+01 4.193575442422208965e+01
5.734808126101578196e+00 6.905897845764397402e+01 4.193575442422208965e+01
5.785204671217075933e+00 6.867799134356471313e+01 4.193575442422208965e+01
5.835595383591638097e+00 6.786899713510231891e+01 4.193575442422208965e+01
5.885099705458816111e+00 6.701156294187717322e+01 4.193575442422208965e+01
5.934848410668140950e+00 6.607130810088168005e+01 4.193575442422208965e+01
5.985196547442282800e+00 6.563884732828537949e+01 4.193575442422208965e+01
6.035486174940983162e+00 6.626296477267976570e+01 4.193575442422208965e+01
6.085325279241985186e+00 6.480822581420557071e+01 4.193575442422208965e+01
6.135085486579567871e+00 6.406048135480341443e+01 4.193575442422208965e+01
6.184888436502457232e+00 6.363932637465085662e+01 4.193575442422208965e+01
6.235029371165762058e+00 6.230321608991621218e+01 4.193575442422208965e+01
6.285013590301256947e+00 6.100176197898385766e+01 4.193575442422208965e+01
6.334991409707096288e+00 6.095379915242593682e+01 4.193575442422208965e+01
6.385041519748988925e+00 5.970418479616245833e+01 4.193575442422208965e+01
6.434975721315313812e+00 5.977216392140248757e+01 4.193575442422208965e+01
6.485280363044087615e+00 5.872713430337547180e+01 4.193575442422208965e+01
6.535416874783217978e+00 5.803029593348487225e+01 4.193575442422208965e+01
6.585380878873609234e+00 5.714328879404374817e+01 4.193575442422208965e+01
6.635104421514804507e+00 5.721489523366116003e+01 4.193575442422208965e+01
6.684781936645507905e+00 5.765096522257703526e+01 4.193575442422208965e+01
6.735145019191668858e+00 5.756796544313414898e+01 4.193575442422208965e+01
6.785484310639345651e+00 5.677817144839395525e+01 4.193575442422208965e+01
6.835069983673240479e+00 5.621296162813339237e+01 4.193575442422208965e+01
6.884859417295578154e+00 5.581063133616780902e+01 4.193575442422208965e+01
6.935355612194037178e+00 5.562699729193176523e+01 4.193575442422208965e+01
6.985394515797676895e+00 5.473303496974198623e+01 4.193575442422208965e+01
7.034922173494991604e+00 5.554237719001539375e+01 4.193575442422208965e+01
7.084541644025414087e+00 5.692806828434448363e+01 4.193575442422208965e+01
7.134492388478031799e+00 5.695685055533942176e+01 4.193575442422208965e+01
7.184836085760269775e+00 5.606386741244160277e+01 4.193575442422208965e+01
7.235281431471350722e+00 5.514156949198346780e+01 4.193575442422208965e+01
7.285158542839955231e+00 5.495905479114889403e+01 4.193575442422208965e+01
7.334994866462388963e+00 5.336631383566243159e+01 4.193575442422208965e+01
7.385036014789000625e+00 5.212980138925903617e+01 4.193575442422208965e+01
7.435042277965444590e+00 5.213492758516034797e+01 4.193575442422208965e+01
7.485223592156194705e+00 5.241834064822541706e+01 4.193575442422208965e+01
7.535266472986156039e+00 5.249400075468562221e+01 4.193575442422208965e+01
7.585148990618067799e+00 5.292276177652721714e+01 4.193575442422208965e+01
7.635267236183615580e+00 5.290000604997971578e+01 4.193575442422208965e+01
7.685330414506132080e+00 5.224824525367781547e+01 4.193575442422208965e+01
7.735344685230187700e+00 5.163950216968273565e+01 4.193575442422208965e+01
7.785330483772995969e+00 5.056192285498858752e+01 4.193575442422208965e+01
7.834761832474934629e+00 4.996641365422674852e+01 4.193575442422208965e+01
7.884484420735616617e+00 4.964322883208520665e+01 4.193575442422208965e+01
7.934886275689092550e+00 4.974717664666967920e+01 4.193575442422208965e+01
7.985027633925892765e+00 4.951178138634528381e+01 4.193575442422208965e+01
8.034964647769141877e+00 4.908911268642739145e+01 4.193575442422208965e+01
8.085037081011565263e+00 4.860214710051725007e+01 4.193575442422208965e+01
8.135210740574738253e+00 4.863349824481705497e+01 4.193575442422208965e+01
8.185171412298620552e+00 4.777042569151397089e+01 4.193575442422208965e+01
8.234851685324960258e+00 4.728872761230150701e+01 4.193575442422208965e+01
8.284952683584384303e+00 4.616789736057489080e+01 4.193575442422208965e+01
8.335101055446942908e+00 4.536965236411152347e+01 4.193575442422208965e+01
8.385121635699965381e+00 4.472284296731610453e+01 4.193575442422208965e+01
8.435202770999854494e+00 4.505030256892852236e+01 4.193575442422208965e+01
8.485152015979231521e+00 4.530089668749901222e+01 4.193575442422208965e+01
8.534970558995501833e+00 4.520991199172784292e+01 4.193575442422208965e+01
8.584943353041420977e+00 4.552829688683518583e+01 4.193575442422208965e+01
8.635099409501286516e+00 4.547623249146852942e+01 4.193575442422208965e+01
8.685126877716973226e+00 4.464629599559274453e+01 4.193575442422208965e+01
8.735139517930596398e+00 4.382973107115929423e+01 4.193575442422208965e+01
8.785167076524256657e+00 4.352296805314848172e+01 4.193575442422208965e+01
8.834939158351296840e+00 4.382471354981998246e+01 4.193575442422208965e+01
8.884964740422104157e+00 4.338859193227458633e+01 4.193575442422208965e+01
8.935124000705533476e+00 4.306471070586588468e+01 4.193575442422208965e+01
8.985127489085840580e+00 4.316835414614414645e+01 4.193575442422208965e+01
9.035265046452737536e+00 4.320720699492330397e+01 4.193575442422208965e+01
9.085196565938222335e+00 4.263883163810523769e+01 4.193575442422208965e+01
9.134926709958008928e+00 4.248262229569532877e+01 4.193575442422208965e+01
9.185157474150241086e+00 4.254582898555747050e+01 4.193575442422208965e+01
9.235291320298310680e+00 4.199774336493313598e+01 4.193575442422208965e+01
9.285092122152331484e+00 4.162609268909015015e+01 4.193575442422208965e+01
9.334907817633720128e+00 4.096125266616669336e+01 4.193575442422208965e+01
9.384925913340945058e+00 4.135567740347065779e+01 4.193575442422208965e+01
9.435005700254814442e+00 4.173099243276293890e+01 4.193575442422208965e+01
9.484846973764282652e+00 4.145841361444633577e+01 4.193575442422208965e+01
9.535053339925784854e+00 4.105631049758522266e+01 4.193575442422208965e+01
9.585148484630341414e+00 4.075832708482004563e+01 4.193575442422208965e+01
9.635175604414920159e+00 4.038885122469350364e+01 4.193575442422208965e+01
9.685272388073006056e+00 4.072295570517011498e+01 4.193575442422208965e+01
9.735267651789188292e+00 4.038105073968711878e+01 4.193575442422208965e+01
9.785106718646577662e+00 4.008231011333072757e+01 4.193575442422208965e+01
9.835036654763204211e+00 4.002696016805258949e+01 4.193575442422208965e+01
9.885080117034645397e+00 4.020890185694859298e+01 4.193575442422208965e+01
9.935053116209049406e+00 3.985192921594292415e+01 4.193575442422208965e+01
9.985047954935728498e+00 3.911075074081289671e+01 4.193575442422208965e+01
1.003493641968782235e+01 3.903994609945322480e+01 4.193575442422208965e+01
1.008496760761574507e+01 3.923548989237807660e+01 4.193575442422208965e+01
1.013505517142033696e+01 3.894371271472990514e+01 4.193575442422208965e+01
1.018499348439089580e+01 3.909944841700311002e+01 4.193575442422208965e+01
1.023485181331652605e+01 3.864741554875723040e+01 4.193575442422208965e+01
1.028490076264209918e+01 3.839480453130627069e+01 4.193575442422208965e+01
1.033508016021523979e+01 3.836460268701363674e+01 4.193575442422208965e+01
1.038503814993866037e+01 3.816615443597873281e+01 4.193575442422208965e+01
1.043506092056377987e+01 3.817364705099981137e+01 4.193575442422208965e+01
1.048500648683518222e+01 3.782265250819695979e+01 4.193575442422208965e+01
1.053492467464587357e+01 3.766212707290998907e+01 4.193575442422208965e+01
1.058493633210190055e+01 3.738584211829729753e+01 4.193575442422208965e+01
1.063496141493038571e+01 3.665824525535216338e+01 4.193575442422208965e+01
1.068510956159988190e+01 3.665849506357117349e+01 4.193575442422208965e+01
1.073519324482465542e+01 3.683276010642865828e+01 4.193575442422208965e+01
1.078499374610442985e+01 3.693071702325732275e+01 4.193575442422208965e+01
1.083498852684137681e+01 3.685141165013002507e+01 4.193575442422208965e+01
1.088532717033764108e+01 3.665271706028534737e+01 4.193575442422208965e+01
1.093533967140946928e+01 3.615175095425737339e+01 4.193575442422208965e+01
1.098516814213459369e+01 3.614341943658684642e+01 4.193575442422208965e+01
1.103487009664334018e+01 3.619035013529494194e+01 4.193575442422208965e+01
1.108482779519205685e+01 3.614845502634701546e+01 4.193575442422208965e+01
1.113497951311520850e+01 3.569338591292305551e+01 4.193575442422208965e+01
1.118504655472112930e+01 3.604921215066465123e+01 4.193575442422208965e+01
1.123510664327012165e+01 3.622590983654041707e+01 4.193575442422208965e+01
1.128492672628014759e+01 3.590232385647637869e+01 4.193575442422208965e+01
1.133483676091637449e+01 3.492821697426457916e+01 4.193575442422208965e+01
1.138496869555097213e+01 3.400317473628211218e+01 4.193575442422208965e+01
1.143488632814817052e+01 3.372258189073433954e+01 4.193575442422208965e+01
1.148507158105109838e+01 3.402765002764410696e+01 4.193575442422208965e+01
1.153512077344084652e+01 3.429935825436000840e+01 4.193575442422208965e+01
1.158496874923152120e+01 3.389866346955565035e+01 4.193575442422208965e+01
1.163503447483404862e+01 3.347640407991980993e+01 4.193575442422208965e+01
1.168514574175370413e+01 3.344067564310574170e+01 4.193575442422208965e+01
1.173520144267176768e+01 3.344579940243868776e+01 4.193575442422208965e+01
1.178499978579660024e+01 3.391305493588058795e+01 4.193575442422208965e+01
1.183489361131316109e+01 3.369565480585571748e+01 4.193575442422208965e+01
1.188508688648073353e+01 3.332354485121691567e+01 4.193575442422208965e+01
1.193507368630230303e+01 3.334306330976806265e+01 4.193575442422208965e+01
1.198501534283204073e+01 3.324641690527416671e+01 4.193575442422208965e+01
1.203499287021151787e+01 3.327224042203926757e+01 4.193575442422208965e+01
1.208500207354710376e+01 3.278503184096430090e+01 4.193575442422208965e+01
1.213511755040241447e+01 3.247611789776529889e+01 4.193575442422208965e+01
1.218508185768859775e+01 3.235217816616734154e+01 4.193575442422208965e+01
1.223499578229461093e+01 3.232639914952145688e+01 4.193575442422208965e+01
1.228482496548857839e+01 3.179922012498804662e+01 4.193575442422208965e+01
1.233472258167685354e+01 3.165446135247568549e+01 4.193575442422208965e+01
1.238495919658963373e+01 3.185776103015131611e+01 4.193575442422208965e+01
1.243501623080759977e+01 3.204856617793242179e+01 4.193575442422208965e+01
1.248498520461935968e+01 3.164384007010719557e+01 4.193575442422208965e+01
1.253491772764473389e+01 3.124389050192214512e+01 4.193575442422208965e+01
1.258505667599542477e+01 3.103737872667897335e+01 4.193575442422208965e+01
1.263533194845266294e+01 3.095613158085688355e+01 4.193575442422208965e+01
1.268509781067005449e+01 3.053381724825954535e+01 4.193575442422208965e+01
1.273496424556897288e+01 3.046607516053200726e+01 4.193575442422208965e+01
1.278509996901004975e+01 3.024324471828546024e+01 4.193575442422208965e+01
1.283513809744099454e+01 3.010929611478056955e+01 4.193575442422208965e+01
1.288513662977390872e+01 3.065725077557846845e+01 4.193575442422208965e+01
1.293516775797505858e+01 3.102765094009541968e+01 4.193575442422208965e+01
1.298508564746807004e+01 3.048804953653628758e+01 4.193575442422208965e+01
1.303485050444322191e+01 2.989173410466639069e+01 4.193575442422208965e+01
1.308477248822843464e+01 3.006106073067719109e+01 4.193575442422208965e+01
1.313495048384857000e+01 3.036632164196762318e+01 4.193575442422208965e+01
1.318508214353928665e+01 3.057001933159813944e+01 4.193575442422208965e+01
1.323498058186023130e+01 3.072783165332722177e+01 4.193575442422208965e+01
1.328501693617584500e+01 3.079866334139125428e+01 4.193575442422208965e+01
1.333523870267546485e+01 3.079037599493479860e+01 4.193575442422208965e+01
1.338517858123485915e+01 3.064579275543055559e+01 4.193575442422208965e+01
1.343509981213488302e+01 3.048563004912936236e+01 4.193575442422208965e+01
1.348497851692220806e+01 3.039436395638355037e+01 4.193575442422208965e+01
1.353502032703213587e+01 3.002669075121649911e+01 4.193575442422208965e+01
1.358510348967521608e+01 2.958268026950646146e+01 4.193575442422208965e+01
1.363504968078970769e+01 2.935401384762932508e+01 4.193575442422208965e+01
1.368512606201380066e+01 2.936398753679002738e+01 4.193575442422208965e+01
1.373499467664954388e+01 2.919966522751500548e+01 4.193575442422208965e+01
1.378492307579496234e+01 2.884812162945818415e+01 4.193575442422208965e+01
1.383507424762243687e+01 2.892434305475565992e+01 4.193575442422208965e+01
1.388511084066553458e+01 2.860360473760122346e+01 4.193575442422208965e+01
1.393507568847607203e+01 2.860261731406829000e+01 4.193575442422208965e+01
1.398506445617934446e+01 2.876857269291684105e+01 4.193575442422208965e+01
1.403502933207308878e+01 2.875171270705607895e+01 4.193575442422208965e+01
1.408509116651932658e+01 2.863753116373211327e+01 4.193575442422208965e+01
1.413501876932126322e+01 2.840066472721108681e+01 4.193575442422208965e+01
1.418492186532934873e+01 2.818742879350227071e+01 4.193575442422208965e+01
1.423490351986086466e+01 2.808984950473756470e+01 4.193575442422208965e+01
1.428504941701871722e+01 2.817703799951471666e+01 4.193575442422208965e+01
1.433512393770669036e+01 2.853919100854914603e+01 4.193575442422208965e+01
1.438498778231173958e+01 2.831951973269529077e+01 4.193575442422208965e+01
1.443505469180176348e+01 2.810374604215531491e+01 4.193575442422208965e+01
1.448509396921661008e+01 2.800965188160208896e+01 4.193575442422208965e+01
1.453500725043747011e+01 2.771259747112635097e+01 4.193575442422208965e+01
1.458506203599850082e+01 2.773293093661178688e+01 4.193575442422208965e+01
1.463510945522735618e+01 2.776505825911254277e+01 4.193575442422208965e+01
1.468518338522024536e+01 2.747102554500946070e+01 4.193575442422208965e+01
1.473511674948366057e+01 2.690914865395344435e+01 4.193575442422208965e+01
1.478499469255191379e+01 2.697976527031891436e+01 4.193575442422208965e+01
1.483519165114115879e+01 2.741626176092226075e+01 4.193575442422208965e+01
1.488517752652281168e+01 2.769425673060766968e+01 4.193575442422208965e+01
1.493491330480827983e+01 2.730423661969469862e+01 4.193575442422208965e+01
1.498495676551141820e+01 2.690892761630900765e+01 4.193575442422208965e+01
1.503511884068045923e+01 2.683165452580744414e+01 4.193575442422208965e+01
1.508508315088700869e+01 2.694739422776041948e+01 4.193575442422208965e+01
1.513503556379768966e+01 2.701170798859737232e+01 4.193575442422208965e+01
1.518499676732287540e+01 2.696279838735541290e+01 4.193575442422208965e+01
1.523508436290063095e+01 2.707520001235855744e+01 4.193575442422208965e+01
1.528522781999686053e+01 2.707374563154130698e+01 4.193575442422208965e+01
1.533502167931889559e+01 2.684530216548979098e+01 4.193575442422208965e+01
1.538498481261066075e+01 2.669913215350801039e+01 4.193575442422208965e+01
1.543513611943905417e+01 2.681359097131166180e+01 4.193575442422208965e+01
1.548505834224075706e+01 2.690549281530459069e+01 4.193575442422208965e+01
1.553504763409418921e+01 2.679003466544964596e+01 4.193575442422208965e+01
1.558510724608531106e+01 2.610497876012168916e+01 4.193575442422208965e+01
1.563520755254619132e+01 2.585942385191008697e+01 4.193575442422208965e+01
1.568514954075441636e+01 2.603684531485371423e+01 4.193575442422208965e+01
1.573497001906558346e+01 2.622021063960361431e+01 4.193575442422208965e+01
1.578501951482137855e+01 2.595958674690445633e+01 4.193575442422208965e+01
1.583505996699327234e+01 2.530065759723169805e+01 4.193575442422208965e+01
1.588504732433563937e+01 2.509969034197836635e+01 4.193575442422208965e+01
1.593492601146461141e+01 2.496307061034955410e+01 4.193575442422208965e+01
1.598497954552474276e+01 2.531097635323846617e+01 4.193575442422208965e+01
1.603519544557364185e+01 2.546037392467605542e+01 4.193575442422208965e+01
1.608505934770346002e+01 2.520478404791297322e+01 4.193575442422208965e+01
1.613492369455208220e+01 2.495117720228117975e+01 4.193575442422208965e+01
1.618487545351322154e+01 2.526743239492051174e+01 4.193575442422208965e+01
1.623491462415037034e+01 2.562334878574916530e+01 4.193575442422208965e+01
1.628502566686339392e+01 2.562262979845247202e+01 4.193575442422208965e+01
1.633514483849683430e+01 2.527870955645155249e+01 4.193575442422208965e+01
1.638505554887958837e+01 2.500325979272563615e+01 4.193575442422208965e+01
1.643503370695393073e+01 2.485536550343041284e+01 4.193575442422208965e+01
1.648511919866944808e+01 2.467654178819606869e+01 4.193575442422208965e+01
1.653520949175244326e+01 2.453836218278862447e+01 4.193575442422208965e+01
1.658506906510178069e+01 2.445183601151968134e+01 4.193575442422208965e+01
1.663488141241765206e+01 2.455976816808435359e+01 4.193575442422208965e+01
1.668486705482716204e+01 2.469699815736984050e+01 4.193575442422208965e+01
1.673492103191636104e+01 2.466597745753296778e+01 4.193575442422208965e+01
1.678500937030894846e+01 2.443438575366692334e+01 4.193575442422208965e+01
1.683496483388560350e+01 2.430391488185133397e+01 4.193575442422208965e+01
1.688490029853898733e+01 2.416746684373500642e+01 4.193575442422208965e+01
1.693486900501934400e+01 2.405666430856027915e+01 4.193575442422208965e+01
1.698500806291582776e+01 2.400351496849905431e+01 4.193575442422208965e+01
1.703516048416506479e+01 2.412731356440793462e+01 4.193575442422208965e+01
1.708509007434781068e+01 2.430007843210304230e+01 4.193575442422208965e+01
1.713498442939637201e+01 2.428622850265313815e+01 4.193575442422208965e+01
1.718492428173238196e+01 2.400852405489305141e+01 4.193575442422208965e+01
1.723486141856428233e+01 2.400934956364266526e+01 4.193575442422208965e+01
1.728495617542862206e+01 2.425322464679963019e+01 4.193575442422208965e+01
1.733506984443393506e+01 2.419845627491236684e+01 4.193575442422208965e+01
1.738497568670722160e+01 2.396811568895675038e+01 4.193575442422208965e+01
1.743490614939463157e+01 2.367214862670625308e+01 4.193575442422208965e+01
1.748496913497200467e+01 2.334890957414699386e+01 4.193575442422208965e+01
1.753507445822357624e+01 2.338710335477272650e+01 4.193575442422208965e+01
1.758513482966695562e+01 2.354461841390206445e+01 4.193575442422208965e+01
1.763511755933055269e+01 2.370437741680746768e+01 4.193575442422208965e+01
1.768508466776422239e+01 2.342043801710030237e+01 4.193575442422208965e+01
1.773505073952180311e+01 2.312777369990714504e+01 4.193575442422208965e+01
1.778508782630178686e+01 2.307768541064070433e+01 4.193575442422208965e+01
1.783504284633070824e+01 2.296696818717388311e+01 4.193575442422208965e+01
1.788499742965798589e+01 2.297936352024823492e+01 4.193575442422208965e+01
1.793498972719416429e+01 2.303087670531810005e+01 4.193575442422208965e+01
1.798499848428144787e+01 2.307855104698037252e+01 4.193575442422208965e+01
1.803510953377203663e+01 2.321443537248132571e+01 4.193575442422208965e+01
1.808516677532512062e+01 2.347822041960909445e+01 4.193575442422208965e+01
1.813507550829074688e+01 2.324029094971100307e+01 4.193575442422208965e+01
1.818496845642778936e+01 2.287186061452276675e+01 4.193575442422208965e+01
1.823497139660265276e+01 2.263452418564583724e+01 4.193575442422208965e+01
1.828507879191377228e+01 2.263626220142992196e+01 4.193575442422208965e+01
1.833510418824468857e+01 2.252147352634710131e+01 4.193575442422208965e+01
1.838506948334563873e+01 2.236652224488005203e+01 4.193575442422208965e+01
1.843507536407004466e+01 2.216322975764003189e+01 4.193575442422208965e+01
1.848504942076525737e+01 2.212489525491870523e+01 4.193575442422208965e+01
1.853507441616272544e+01 2.212578671823280985e+01 4.193575442422208965e+01
1.858511879045116899e+01 2.212169840575075597e+01 4.193575442422208965e+01
1.863495525648787421e+01 2.208495836633741050e+01 4.193575442422208965e+01
1.868488130392274016e+01 2.179060312531721166e+01 4.193575442422208965e+01
1.873504875184114482e+01 2.166108169547461415e+01 4.193575442422208965e+01
1.878514388429111648e+01 2.157758646794378166e+01 4.193575442422208965e+01
1.883511007463363995e+01 2.163560185446610262e+01 4.193575442422208965e+01
1.888497244834255895e+01 2.195769103904692088e+01 4.193575442422208965e+01
1.893485641817745346e+01 2.205399767178970194e+01 4.193575442422208965e+01
1.898490619453832551e+01 2.203651530378273549e+01 4.193575442422208965e+01
1.903488786107232045e+01 2.177590683550984352e+01 4.193575442422208965e+01
1.908487881142723097e+01 2.146037405081164451e+01 4.193575442422208965e+01
1.913492348207432414e+01 2.146745089233424864e+01 4.193575442422208965e+01
1.918501168728120021e+01 2.144353223036844014e+01 4.193575442422208965e+01
1.923514124826581906e+01 2.134745581136117210e+01 4.193575442422208965e+01
1.928506748334755017e+01 2.135209762286158508e+01 4.193575442422208965e+01
1.933495430610808086e+01 2.134816909945634933e+01 4.193575442422208965e+01
1.938494634755015866e+01 2.123024541624341310e+01 4.193575442422208965e+01
1.943493914899500297e+01 2.116175050370759436e+01 4.193575442422208965e+01
1.948497893127760250e+01 2.127406865998435848e+01 4.193575442422208965e+01
1.953503482368078537e+01 2.146884449185132127e+01 4.193575442422208965e+01
1.958498207675637559e+01 2.142784209317958499e+01 4.193575442422208965e+01
1.963504343592175871e+01 2.145379031893229893e+01 4.193575442422208965e+01
1.968503863116305297e+01 2.131828798194236896e+01 4.193575442422208965e+01
1.973506536610938156e+01 2.104349332955155205e+01 4.193575442422208965e+01
1.978512121103143784e+01 2.091521568080772653e+01 4.193575442422208965e+01
1.983496687045177964e+01 2.068353399583845231e+01 4.193575442422208965e+01
1.988498280723141320e+01 2.051118663111282103e+01 4.193575442422208965e+01
1.993508900434436626e+01 2.051527045155808082e+01 4.193575442422208965e+01
1.998508408833317418e+01 2.059844924248213260e+01 4.193575442422208965e+01
2.003507324128244704e+01 2.062751441498194538e+01 4.193575442422208965e+01
2.008505399653831702e+01 2.082641952203450586e+01 4.193575442422208965e+01
2.013499669309325313e+01 2.072449248743252070e+01 4.193575442422208965e+01
2.018502569446345518e+01 2.043568835549388751e+01 4.193575442422208965e+01
2.023503536485620202e+01 2.007753239302335402e+01 4.193575442422208965e+01
2.028511407188591065e+01 1.995880829126839728e+01 4.193575442422208965e+01
2.033506684544470744e+01 1.989908571359047329e+01 4.193575442422208965e+01
2.038493053717687786e+01 2.008541152501910432e+01 4.193575442422208965e+01
2.043503656635626342e+01 2.014039820528319069e+01 4.193575442422208965e+01
2.048515681613748640e+01 2.010720240294570971e+01 4.193575442422208965e+01
2.053512184950790243e+01 2.010748463593881041e+01 4.193575442422208965e+01
2.058506579015766036e+01 2.003426279549215394e+01 4.193575442422208965e+01
2.063503949539584070e+01 2.021408452454244298e+01 4.193575442422208965e+01
2.068496726901411620e+01 1.994309718498499251e+01 4.193575442422208965e+01
2.073499283942112825e+01 1.961011200061325610e+01 4.193575442422208965e+01
2.078510852351926275e+01 1.962741359298707522e+01 4.193575442422208965e+01
2.083507144762231178e+01 1.980002710765488416e+01 4.193575442422208965e+01
2.088503448202894930e+01 1.990674214013061061e+01 4.193575442422208965e+01
2.093502569401122670e+01 1.984475474998210842e+01 4.193575442422208965e+01
2.098501092220254804e+01 1.952091056567252991e+01 4.193575442422208965e+01
2.103489933635630749e+01 1.944559927181289538e+01 4.193575442422208965e+01
2.108484379460264790e+01 1.952890554874839779e+01 4.193575442422208965e+01
2.113497050350854778e+01 1.958153176501229353e+01 4.193575442422208965e+01
2.118501489664703996e+01 1.949333288552788446e+01 4.193575442422208965e+01
2.123500322597652001e+01 1.954516789880844385e+01 4.193575442422208965e+01
2.128496140673073000e+01 1.960110033650031625e+01 4.193575442422208965e+01
2.133497759989855780e+01 1.947583822163904443e+01 4.193575442422208965e+01
2.138501427804164834e+01 1.917623500829364502e+01 4.193575442422208965e+01
2.143512307678850348e+01 1.906575656596417190e+01 4.193575442422208965e+01
2.148520101455627085e+01 1.928555462272090892e+01 4.193575442422208965e+01
2.153506198237843705e+01 1.939888973051183285e+01 4.193575442422208965e+01
2.158501725909731306e+01 1.932144307147850526e+01 4.193575442422208965e+01
2.163513192522731643e+01 1.926961100779762859e+01 4.193575442422208965e+01
2.168511393406111054e+01 1.928853761318598714e+01 4.193575442422208965e+01
2.173504372356545389e+01 1.940816139780334737e+01 4.193575442422208965e+01
2.178497281075374303e+01 1.944493853866001842e+01 4.193575442422208965e+01
2.183494731131466438e+01 1.938846361519593842e+01 4.193575442422208965e+01
2.188500823254057082e+01 1.906105075076830957e+01 4.193575442422208965e+01
2.193509886117685070e+01 1.890668300100161048e+01 4.193575442422208965e+01
2.198516119020909798e+01 1.890836377518838418e+01 4.193575442422208965e+01
2.203505025422927233e+01 1.891824527840832104e+01 4.193575442422208965e+01
2.208496894321325854e+01 1.891569925196345991e+01 4.193575442422208965e+01
2.213503419908408887e+01 1.906800371963211660e+01 4.193575442422208965e+01
2.218516000856649484e+01 1.912656614860439674e+01 4.193575442422208965e+01
2.223516154100823528e+01 1.901641829530132810e+01 4.193575442422208965e+01
2.228504923601680332e+01 1.885513585150622617e+01 4.193575442422208965e+01
2.233504290137151926e+01 1.884252187489070707e+01 4.193575442422208965e+01
2.238504178238817488e+01 1.876018987303134367e+01 4.193575442422208965e+01
2.243506292974217686e+01 1.862677746218146524e+01 4.193575442422208965e+01
2.248498010803980307e+01 1.864909054593648108e+01 4.193575442422208965e+01
2.253497408768199151e+01 1.862989336610957736e+01 4.193575442422208965e+01
2.258504576314178891e+01 1.865886776458604857e+01 4.193575442422208965e+01
2.263501755529657089e+01 1.859855793088232900e+01 4.193575442422208965e+01
2.268497133650677711e+01 1.851722361537260753e+01 4.193575442422208965e+01
2.273496946975517119e+01 1.817126588184255098e+01 4.193575442422208965e+01
2.278495606365159531e+01 1.803783076278900666e+01 4.193575442422208965e+01
2.283504517344439222e+01 1.808362491795422500e+01 4.193575442422208965e+01
2.288515384815983467e+01 1.808749988245199347e+01 4.193575442422208965e+01
2.293513970257658485e+01 1.815350583155836262e+01 4.193575442422208965e+01
2.298499895949208849e+01 1.816801880648937839e+01 4.193575442422208965e+01
2.303494368627049482e+01 1.827706110053838273e+01 4.193575442422208965e+01
2.308506613449876355e+01 1.830042465271736774e+01 4.193575442422208965e+01
2.313508392148495574e+01 1.819877569109745963e+01 4.193575442422208965e+01
2.318502453278797404e+01 1.812395707507879195e+01 4.193575442422208965e+01
2.323497485065410117e+01 1.801687760915558556e+01 4.193575442422208965e+01
2.328497090944668102e+01 1.788584203856175492e+01 4.193575442422208965e+01
2.333499385253491454e+01 1.788775596992778105e+01 4.193575442422208965e+01
2.338498727106783193e+01 1.783914330582570074e+01 4.193575442422208965e+01
2.343501191119998239e+01 1.750288768981817356e+01 4.193575442422208965e+01
2.348496544655622387e+01 1.738065104575238706e+01 4.193575442422208965e+01
2.353495792677599496e+01 1.738355093839441423e+01 4.193575442422208965e+01
2.358500365650586872e+01 1.753736647024536666e+01 4.193575442422208965e+01
2.363496159683297293e+01 1.763330389772364271e+01 4.193575442422208965e+01
2.368501138596607802e+01 1.748785935097193800e+01 4.193575442422208965e+01
2.373498470094738977e+01 1.751888377892827009e+01 4.193575442422208965e+01
2.378496214819288213e+01 1.790736185692065874e+01 4.193575442422208965e+01
2.383497596387970674e+01 1.811209530390445366e+01 4.193575442422208965e+01
2.388498789192226113e+01 1.797546310360528565e+01 4.193575442422208965e+01
2.393503375318008253e+01 1.778031935071113878e+01 4.193575442422208965e+01
2.398501935373159100e+01 1.742568257724801839e+01 4.193575442422208965e+01
2.403496569110036774e+01 1.723827075332947345e+01 4.193575442422208965e+01
2.408498673386322153e+01 1.706000893803013696e+01 4.193575442422208965e+01
2.413506042996912626e+01 1.697878383696193794e+01 4.193575442422208965e+01
2.418502307876385871e+01 1.700766273804339335e+01 4.193575442422208965e+01
2.423492163595081550e+01 1.713045280849629393e+01 4.193575442422208965e+01
2.428490428825202585e+01 1.721513659922477046e+01 4.193575442422208965e+01
2.433496680196650530e+01 1.733072822530515822e+01 4.193575442422208965e+01
2.438512209170648148e+01 1.717797715228309130e+01 4.193575442422208965e+01
2.443514839901259350e+01 1.704409428519038983e+01 4.193575442422208965e+01
2.448509052949892961e+01 1.701121751447625741e+01 4.193575442422208965e+01
2.453509143701500861e+01 1.712631135305136354e+01 4.193575442422208965e+01
2.458502365090511788e+01 1.726916968983123724e+01 4.193575442422208965e+01
2.463504153640463201e+01 1.732873032795287571e+01 4.193575442422208965e+01
2.468508194249478649e+01 1.723845842812590234e+01 4.193575442422208965e+01
2.473503958790242407e+01 1.709526200809388996e+01 4.193575442422208965e+01
2.478500304505123708e+01 1.698356644867685361e+01 4.193575442422208965e+01
2.483507100557675784e+01 1.691082386752242428e+01 4.193575442422208965e+01
2.488511954357796441e+01 1.677360479204353538e+01 4.193575442422208965e+01
2.493506250080584152e+01 1.651029331762639174e+01 4.193575442422208965e+01
2.498502129798272975e+01 1.634444780259912733e+01 4.193575442422208965e+01
2.503501437401748220e+01 1.665741341071304049e+01 4.193575442422208965e+01
2.508506646650047855e+01 1.679938310738518936e+01 4.193575442422208965e+01
2.513508907173123674e+01 1.681105775225651655e+01 4.193575442422208965e+01
2.518507998159773820e+01 1.666914816183797399e+01 4.193575442422208965e+01
2.523505185786540750e+01 1.676187085837139534e+01 4.193575442422208965e+01
2.528493522995301390e+01 1.683384679533235584e+01 4.193575442422208965e+01
2.533497298671538545e+01 1.683376811884546242e+01 4.193575442422208965e+01
2.538502983866438711e+01 1.696191186851197585e+01 4.193575442422208965e+01
2.543495840570060551e+01 1.702117482008603844e+01 4.193575442422208965e+01
2.548490619549177083e+01 1.684173147802783888e+01 4.193575442422208965e+01
2.553504240236605227e+01 1.660007927043513121e+01 4.193575442422208965e+01
2.558513992818135208e+01 1.659591732666135755e+01 4.193575442422208965e+01
2.563511225024596385e+01 1.659433308801580864e+01 4.193575442422208965e+01
2.568502585376510083e+01 1.666315125976144174e+01 4.193575442422208965e+01
2.573498204820310065e+01 1.659076684087629161e+01 4.193575442422208965e+01
2.578500790559889566e+01 1.651573287546163016e+01 4.193575442422208965e+01
2.583497123978640531e+01 1.632567665894696773e+01 4.193575442422208965e+01
2.588498768970100627e+01 1.615362998569278119e+01 4.193575442422208965e+01
2.593504047435509818e+01 1.600315684127786398e+01 4.193575442422208965e+01
2.598492966214148936e+01 1.582849393933219062e+01 4.193575442422208965e+01
2.603490575269462681e+01 1.586183325920457321e+01 4.193575442422208965e+01
2.608498537799486172e+01 1.572559951408613443e+01 4.193575442422208965e+01
2.613498443791063153e+01 1.559264660428111426e+01 4.193575442422208965e+01
2.618506832819802099e+01 1.587571116166868279e+01 4.193575442422208965e+01
2.623502416925955671e+01 1.615503597356732257e+01 4.193575442422208965e+01
2.628500242861670344e+01 1.624015867606075147e+01 4.193575442422208965e+01
2.633505458811568190e+01 1.596682240176501466e+01 4.193575442422208965e+01
2.638505163208250437e+01 1.579157491416108172e+01 4.193575442422208965e+01
2.643507388196501040e+01 1.591040219976861181e+01 4.193575442422208965e+01
2.648507376463455287e+01 1.616231541318452969e+01 4.193575442422208965e+01
2.653501897948297028e+01 1.619649296377014025e+01 4.193575442422208965e+01
2.658500608304605706e+01 1.611210169271637938e+01 4.193575442422208965e+01
2.663500634603502704e+01 1.592003065415703844e+01 4.193575442422208965e+01
2.668499674593755699e+01 1.578884715119859550e+01 4.193575442422208965e+01
2.673507012876124023e+01 1.577891035593072644e+01 4.193575442422208965e+01
2.678510131184463461e+01 1.564006074972762406e+01 4.193575442422208965e+01
2.683506136577998191e+01 1.554273827299255828e+01 4.193575442422208965e+01
2.688505297879097711e+01 1.569345007661834757e+01 4.193575442422208965e+01
2.693504435016774679e+01 1.590682073666021523e+01 4.193575442422208965e+01
2.698504814319771228e+01 1.598449589670217108e+01 4.193575442422208965e+01
2.703494373337554890e+01 1.598450298223847454e+01 4.193575442422208965e+01
2.708497938352233092e+01 1.592250503800122630e+01 4.193575442422208965e+01
2.713508632778151508e+01 1.584155360725807071e+01 4.193575442422208965e+01
2.718506074587872945e+01 1.583245359974880984e+01 4.193575442422208965e+01
2.723503231188058749e+01 1.574445801162944036e+01 4.193575442422208965e+01
2.728504324376617163e+01 1.584323517046541241e+01 4.193575442422208965e+01
2.733507363034057747e+01 1.592744906827473272e+01 4.193575442422208965e+01
2.738505164772542599e+01 1.581903492041385562e+01 4.193575442422208965e+01
2.743504695427340678e+01 1.562940237459080350e+01 4.193575442422208965e+01
2.748503541076832590e+01 1.557718408702360335e+01 4.193575442422208965e+01
2.753504854886516995e+01 1.545822591835140969e+01 4.193575442422208965e+01
2.758506909532711049e+01 1.531478639982255885e+01 4.193575442422208965e+01
2.763503959560177492e+01 1.531566530554540151e+01 4.193575442422208965e+01
2.768493112797089140e+01 1.549077920543785325e+01 4.193575442422208965e+01
2.773486671198879705e+01 1.543782208659017385e+01 4.193575442422208965e+01
2.778493406100407626e+01 1.539973826244818866e+01 4.193575442422208965e+01
2.783494474738006019e+01 1.542027805351815317e+01 4.193575442422208965e+01
2.788491097421039200e+01 1.540843029682119436e+01 4.193575442422208965e+01
2.793491799818713872e+01 1.552700134514106622e+01 4.193575442422208965e+01
2.798497835561302693e+01 1.548220050801140957e+01 4.193575442422208965e+01
2.803500194300229609e+01 1.542306867283051730e+01 4.193575442422208965e+01
2.808497359419805051e+01 1.525127313686058983e+01 4.193575442422208965e+01
2.813500712900244238e+01 1.505661218590464756e+01 4.193575442422208965e+01
2.818498298316923822e+01 1.488394281977919320e+01 4.193575442422208965e+01
2.823501278705563422e+01 1.475308377068999022e+01 4.193575442422208965e+01
2.828508221076129558e+01 1.470945710898828906e+01 4.193575442422208965e+01
2.833502532700387277e+01 1.466548147061729424e+01 4.193575442422208965e+01
2.838497482624182666e+01 1.484825059939458924e+01 4.193575442422208965e+01
2.843501034830992680e+01 1.498505627731950796e+01 4.193575442422208965e+01
2.848502647862418868e+01 1.497618797507443844e+01 4.193575442422208965e+01
2.853508393835680224e+01 1.494653683599619853e+01 4.193575442422208965e+01
2.858501657709735255e+01 1.485603219555977006e+01 4.193575442422208965e+01
2.863498054340625742e+01 1.473935911686735523e+01 4.193575442422208965e+01
2.868501636720259995e+01 1.474140663512770288e+01 4.193575442422208965e+01
2.873503316835737564e+01 1.475919128105532963e+01 4.193575442422208965e+01
2.878503498814174577e+01 1.484859881295529505e+01 4.193575442422208965e+01
2.883499190836502279e+01 1.483885170575857870e+01 4.193575442422208965e+01
2.888498631502357483e+01 1.491476528715763550e+01 4.193575442422208965e+01
2.893495000626588265e+01 1.490499476907643128e+01 4.193575442422208965e+01
2.898500036432614380e+01 1.474937003427223203e+01 4.193575442422208965e+01
2.903509861546637438e+01 1.466636860749792248e+01 4.193575442422208965e+01
2.908509207483089298e+01 1.455881941461303342e+01 4.193575442422208965e+01
2.913504495481950229e+01 1.447215248104870966e+01 4.193575442422208965e+01
2.918500836395550735e+01 1.443263676613313606e+01 4.193575442422208965e+01
2.923495718662698550e+01 1.442463375847891882e+01 4.193575442422208965e+01
2.928496207259495421e+01 1.433934790535494841e+01 4.193575442422208965e+01
2.933507426259881257e+01 1.436466700699676124e+01 4.193575442422208965e+01
2.938508181516578688e+01 1.447387107857635158e+01 4.193575442422208965e+01
2.943498225301185300e+01 1.446074155085975121e+01 4.193575442422208965e+01
2.948499858116320738e+01 1.426182995881150362e+01 4.193575442422208965e+01
2.953503956580185985e+01 1.421623615062357970e+01 4.193575442422208965e+01
2.958499896666411288e+01 1.425739519537685140e+01 4.193575442422208965e+01
2.963499333290878823e+01 1.422141632982151549e+01 4.193575442422208965e+01
2.968503373938486689e+01 1.407824845303237282e+01 4.193575442422208965e+01
2.973501494685912405e+01 1.400880063315308632e+01 4.193575442422208965e+01
2.978501452515847703e+01 1.414829313194876903e+01 4.193575442422208965e+01
2.983502715796966243e+01 1.414085509001927221e+01 4.193575442422208965e+01
2.988500919213149487e+01 1.410997642881176972e+01 4.193575442422208965e+01
2.993496485179967692e+01 1.403692173405777055e+01 4.193575442422208965e+01
2.998492561128389156e+01 1.402105838650199132e+01 4.193575442422208965e+01
3.003499817560929586e+01 1.402613202216894450e+01 4.193575442422208965e+01
3.008502556456793897e+01 1.400476738698266388e+01 4.193575442422208965e+01
3.013494008816754999e+01 1.398952291382006763e+01 4.193575442422208965e+01
3.018492673547769911e+01 1.391737852247312190e+01 4.193575442422208965e+01
3.023500315153119189e+01 1.391062974463879698e+01 4.193575442422208965e+01
3.028498131448523623e+01 1.400967354506602902e+01 4.193575442422208965e+01
3.033495417861680465e+01 1.393959320036819349e+01 4.193575442422208965e+01
3.038498345260273936e+01 1.393655724044545963e+01 4.193575442422208965e+01
3.043498939861261121e+01 1.396282218370506456e+01 4.193575442422208965e+01
3.048502194613474714e+01 1.385339517550809063e+01 4.193575442422208965e+01
3.053502301362196647e+01 1.387088840611730234e+01 4.193575442422208965e+01
3.058495949956653348e+01 1.391656663269584016e+01 4.193575442422208965e+01
3.063489983455229648e+01 1.395734375878372191e+01 4.193575442422208965e+01
3.068497696715034095e+01 1.396194629793075137e+01 4.193575442422208965e+01
3.073509074860540480e+01 1.394714984271394087e+01 4.193575442422208965e+01
3.078509960315929206e+01 1.387250395101695233e+01 4.193575442422208965e+01
3.083509925779301497e+01 1.383493701281642529e+01 4.193575442422208965e+01
3.088502185481159401e+01 1.385071868477037071e+01 4.193575442422208965e+01
3.093497026923844118e+01 1.382633106116291088e+01 4.193575442422208965e+01
3.098500837521540419e+01 1.373859890231994996e+01 4.193575442422208965e+01
3.103503142039876295e+01 1.360334351795696506e+01 4.193575442422208965e+01
3.108506759362598970e+01 1.360619048446884705e+01 4.193575442422208965e+01
3.113503374503685350e+01 1.356394992366081453e+01 4.193575442422208965e+01
3.118500365593765977e+01 1.359738701520927151e+01 4.193575442422208965e+01
3.123500974421094156e+01 1.365713240140600249e+01 4.193575442422208965e+01
3.128501507026141226e+01 1.362076949481262034e+01 4.193575442422208965e+01
3.133507249490528324e+01 1.352415503619312886e+01 4.193575442422208965e+01
3.138502440591334519e+01 1.342285529417317491e+01 4.193575442422208965e+01
3.143504823904290646e+01 1.350777450524628875e+01 4.193575442422208965e+01
3.148510614177524758e+01 1.371150378758408550e+01 4.193575442422208965e+01
3.153501675197719933e+01 1.374932815414878462e+01 4.193575442422208965e+01
3.158501348571202527e+01 1.363089000118348082e+01 4.193575442422208965e+01
3.163508986356812969e+01 1.355634659571804690e+01 4.193575442422208965e+01
3.168511752018606131e+01 1.336868371680228762e+01 4.193575442422208965e+01
3.173514170463571205e+01 1.327445040366814055e+01 4.193575442422208965e+01
3.178509011011270502e+01 1.328182769699407118e+01 4.193575442422208965e+01
3.183500843705502703e+01 1.333103207505291010e+01 4.193575442422208965e+01
3.188501666940159751e+01 1.332615961372216162e+01 4.193575442422208965e+01
3.193503202990384793e+01 1.343461121265065117e+01 4.193575442422208965e+01
3.198506613067839410e+01 1.347773589015340434e+01 4.193575442422208965e+01
3.203505890021113345e+01 1.317616459389337535e+01 4.193575442422208965e+01
3.208493732419461963e+01 1.299820134421420192e+01 4.193575442422208965e+01
3.213495366395236630e+01 1.298107141359697181e+01 4.193575442422208965e+01
