# Matter power spectra at z=4.900000.
# D(z)=0.217308, f(z)=0.992692.
#      k[h/Mpc]         Plin(k)         HaloFit
    1.00000e-04     2.09571e+01     2.09571e+01
    1.04729e-04     2.19174e+01     2.19174e+01
    1.09682e-04     2.29215e+01     2.29216e+01
    1.14868e-04     2.39717e+01     2.39717e+01
    1.20301e-04     2.50700e+01     2.50700e+01
    1.25990e-04     2.62186e+01     2.62186e+01
    1.31948e-04     2.74197e+01     2.74197e+01
    1.38187e-04     2.86756e+01     2.86756e+01
    1.44722e-04     2.99891e+01     2.99890e+01
    1.51566e-04     3.13626e+01     3.13626e+01
    1.58734e-04     3.27991e+01     3.27990e+01
    1.66240e-04     3.43011e+01     3.43009e+01
    1.74102e-04     3.58715e+01     3.58714e+01
    1.82335e-04     3.75138e+01     3.75137e+01
    1.90957e-04     3.92312e+01     3.92311e+01
    1.99988e-04     4.10271e+01     4.10269e+01
    2.09445e-04     4.29047e+01     4.29046e+01
    2.19350e-04     4.48679e+01     4.48677e+01
    2.29723e-04     4.69206e+01     4.69204e+01
    2.40586e-04     4.90670e+01     4.90668e+01
    2.51964e-04     5.13112e+01     5.13110e+01
    2.63879e-04     5.36573e+01     5.36571e+01
    2.76358e-04     5.61100e+01     5.61097e+01
    2.89427e-04     5.86742e+01     5.86739e+01
    3.03114e-04     6.13550e+01     6.13547e+01
    3.17448e-04     6.41575e+01     6.41572e+01
    3.32460e-04     6.70868e+01     6.70864e+01
    3.48182e-04     7.01485e+01     7.01480e+01
    3.64647e-04     7.33487e+01     7.33482e+01
    3.81891e-04     7.66936e+01     7.66931e+01
    3.99951e-04     8.01894e+01     8.01888e+01
    4.18865e-04     8.38423e+01     8.38417e+01
    4.38673e-04     8.76592e+01     8.76585e+01
    4.59417e-04     9.16474e+01     9.16467e+01
    4.81143e-04     9.58144e+01     9.58136e+01
    5.03896e-04     1.00168e+02     1.00167e+02
    5.27725e-04     1.04715e+02     1.04714e+02
    5.52681e-04     1.09463e+02     1.09462e+02
    5.78818e-04     1.14423e+02     1.14422e+02
    6.06190e-04     1.19602e+02     1.19600e+02
    6.34857e-04     1.25009e+02     1.25007e+02
    6.64879e-04     1.30652e+02     1.30651e+02
    6.96321e-04     1.36543e+02     1.36541e+02
    7.29250e-04     1.42690e+02     1.42688e+02
    7.63736e-04     1.49103e+02     1.49101e+02
    7.99853e-04     1.55793e+02     1.55791e+02
    8.37678e-04     1.62770e+02     1.62767e+02
    8.77291e-04     1.70044e+02     1.70041e+02
    9.18778e-04     1.77626e+02     1.77623e+02
    9.62227e-04     1.85528e+02     1.85525e+02
    1.00773e-03     1.93760e+02     1.93757e+02
    1.05539e-03     2.02334e+02     2.02331e+02
    1.10530e-03     2.11261e+02     2.11257e+02
    1.15756e-03     2.20553e+02     2.20548e+02
    1.21231e-03     2.30220e+02     2.30215e+02
    1.26964e-03     2.40275e+02     2.40269e+02
    1.32968e-03     2.50728e+02     2.50722e+02
    1.39256e-03     2.61591e+02     2.61585e+02
    1.45841e-03     2.72876e+02     2.72869e+02
    1.52738e-03     2.84593e+02     2.84586e+02
    1.59961e-03     2.96754e+02     2.96746e+02
    1.67525e-03     3.09370e+02     3.09361e+02
    1.75447e-03     3.22452e+02     3.22442e+02
    1.83744e-03     3.36008e+02     3.35997e+02
    1.92434e-03     3.50049e+02     3.50037e+02
    2.01534e-03     3.64583e+02     3.64570e+02
    2.11064e-03     3.79620e+02     3.79606e+02
    2.21045e-03     3.95167e+02     3.95152e+02
    2.31499e-03     4.11228e+02     4.11211e+02
    2.42446e-03     4.27809e+02     4.27791e+02
    2.53911e-03     4.44913e+02     4.44894e+02
    2.65919e-03     4.62547e+02     4.62525e+02
    2.78494e-03     4.80709e+02     4.80685e+02
    2.91664e-03     4.99395e+02     4.99370e+02
    3.05457e-03     5.18603e+02     5.18575e+02
    3.19902e-03     5.38329e+02     5.38299e+02
    3.35030e-03     5.58567e+02     5.58535e+02
    3.50873e-03     5.79308e+02     5.79273e+02
    3.67466e-03     6.00535e+02     6.00497e+02
    3.84844e-03     6.22230e+02     6.22189e+02
    4.03043e-03     6.44378e+02     6.44334e+02
    4.22103e-03     6.66962e+02     6.66913e+02
    4.42064e-03     6.89951e+02     6.89899e+02
    4.62969e-03     7.13313e+02     7.13257e+02
    4.84863e-03     7.37011e+02     7.36950e+02
    5.07792e-03     7.61010e+02     7.60944e+02
    5.31805e-03     7.85273e+02     7.85202e+02
    5.56954e-03     8.09749e+02     8.09673e+02
    5.83292e-03     8.34377e+02     8.34296e+02
    6.10876e-03     8.59098e+02     8.59011e+02
    6.39764e-03     8.83850e+02     8.83757e+02
    6.70019e-03     9.08570e+02     9.08471e+02
    7.01704e-03     9.33179e+02     9.33073e+02
    7.34887e-03     9.57584e+02     9.57472e+02
    7.69640e-03     9.81693e+02     9.81574e+02
    8.06036e-03     1.00541e+03     1.00529e+03
    8.44153e-03     1.02865e+03     1.02852e+03
    8.84073e-03     1.05129e+03     1.05115e+03
    9.25881e-03     1.07320e+03     1.07305e+03
    9.69666e-03     1.09425e+03     1.09410e+03
    1.01552e-02     1.11432e+03     1.11416e+03
    1.06354e-02     1.13327e+03     1.13311e+03
    1.11384e-02     1.15096e+03     1.15079e+03
    1.16651e-02     1.16722e+03     1.16705e+03
    1.22168e-02     1.18190e+03     1.18172e+03
    1.27945e-02     1.19482e+03     1.19464e+03
    1.33996e-02     1.20584e+03     1.20566e+03
    1.40332e-02     1.21477e+03     1.21460e+03
    1.46968e-02     1.22147e+03     1.22130e+03
    1.53919e-02     1.22576e+03     1.22560e+03
    1.61197e-02     1.22747e+03     1.22732e+03
    1.68820e-02     1.22645e+03     1.22631e+03
    1.76804e-02     1.22258e+03     1.22245e+03
    1.85165e-02     1.21576e+03     1.21565e+03
    1.93921e-02     1.20590e+03     1.20582e+03
    2.03092e-02     1.19292e+03     1.19285e+03
    2.12696e-02     1.17672e+03     1.17668e+03
    2.22754e-02     1.15737e+03     1.15736e+03
    2.33288e-02     1.13498e+03     1.13502e+03
    2.44320e-02     1.10969e+03     1.10976e+03
    2.55874e-02     1.08160e+03     1.08171e+03
    2.67975e-02     1.05086e+03     1.05101e+03
    2.80647e-02     1.01783e+03     1.01803e+03
    2.93919e-02     9.82947e+02     9.83189e+02
    3.07818e-02     9.46657e+02     9.46945e+02
    3.22375e-02     9.09404e+02     9.09738e+02
    3.37620e-02     8.71643e+02     8.72024e+02
    3.53586e-02     8.33897e+02     8.34324e+02
    3.70307e-02     7.96718e+02     7.97193e+02
    3.87819e-02     7.60657e+02     7.61182e+02
    4.06159e-02     7.26267e+02     7.26844e+02
    4.25366e-02     6.94020e+02     6.94652e+02
    4.45481e-02     6.64161e+02     6.64854e+02
    4.66548e-02     6.36895e+02     6.37657e+02
    4.88611e-02     6.12386e+02     6.13226e+02
    5.11717e-02     5.90491e+02     5.91421e+02
    5.35916e-02     5.70917e+02     5.71948e+02
    5.61260e-02     5.53161e+02     5.54308e+02
    5.87802e-02     5.36542e+02     5.37819e+02
    6.15599e-02     5.20205e+02     5.21619e+02
    6.44710e-02     5.03211e+02     5.04767e+02
    6.75198e-02     4.84633e+02     4.86325e+02
    7.07128e-02     4.63696e+02     4.65508e+02
    7.40568e-02     4.39949e+02     4.41853e+02
    7.75590e-02     4.13399e+02     4.15357e+02
    8.12267e-02     3.84603e+02     3.86575e+02
    8.50679e-02     3.54650e+02     3.56600e+02
    8.90908e-02     3.25021e+02     3.26927e+02
    9.33039e-02     2.97330e+02     2.99188e+02
    9.77162e-02     2.73006e+02     2.74832e+02
    1.02337e-01     2.52984e+02     2.54812e+02
    1.07177e-01     2.37471e+02     2.39349e+02
    1.12245e-01     2.25848e+02     2.27824e+02
    1.17553e-01     2.16698e+02     2.18811e+02
    1.23112e-01     2.08062e+02     2.10323e+02
    1.28934e-01     1.97961e+02     2.00337e+02
    1.35031e-01     1.85136e+02     1.87551e+02
    1.41417e-01     1.69668e+02     1.72032e+02
    1.48105e-01     1.53041e+02     1.55291e+02
    1.55108e-01     1.37490e+02     1.39620e+02
    1.62444e-01     1.24925e+02     1.26984e+02
    1.70125e-01     1.15996e+02     1.18064e+02
    1.78171e-01     1.09796e+02     1.11941e+02
    1.86596e-01     1.04353e+02     1.06591e+02
    1.95420e-01     9.76098e+01     9.98813e+01
    2.04662e-01     8.89663e+01     9.11732e+01
    2.14340e-01     7.97752e+01     8.18646e+01
    2.24476e-01     7.19098e+01     7.39074e+01
    2.35092e-01     6.62486e+01     6.82259e+01
    2.46209e-01     6.20717e+01     6.40793e+01
    2.57852e-01     5.77574e+01     5.97728e+01
    2.70046e-01     5.25557e+01     5.45108e+01
    2.82817e-01     4.72480e+01     4.91120e+01
    2.96191e-01     4.30000e+01     4.48101e+01
    3.10198e-01     3.97466e+01     4.15431e+01
    3.24867e-01     3.65695e+01     3.83401e+01
    3.40230e-01     3.31194e+01     3.48264e+01
    3.56319e-01     2.99715e+01     3.16162e+01
    3.73170e-01     2.74259e+01     2.90339e+01
    3.90817e-01     2.50639e+01     2.66328e+01
    4.09298e-01     2.27018e+01     2.42152e+01
    4.28654e-01     2.05956e+01     2.20586e+01
    4.48925e-01     1.87581e+01     2.01790e+01
    4.70155e-01     1.70134e+01     1.83864e+01
    4.92388e-01     1.54060e+01     1.67302e+01
    5.15673e-01     1.39821e+01     1.52626e+01
    5.40059e-01     1.26586e+01     1.38934e+01
    5.65599e-01     1.14549e+01     1.26451e+01
    5.92346e-01     1.03668e+01     1.15141e+01
    6.20358e-01     9.36958e+00     1.04741e+01
    6.49694e-01     8.46782e+00     9.53106e+00
    6.80418e-01     7.64626e+00     8.66900e+00
    7.12595e-01     6.90094e+00     7.88432e+00
    7.46294e-01     6.22588e+00     7.17112e+00
    7.81586e-01     5.61349e+00     6.52167e+00
    8.18547e-01     5.05854e+00     5.93076e+00
    8.57256e-01     4.55623e+00     5.39363e+00
    8.97795e-01     4.10190e+00     4.90563e+00
    9.40252e-01     3.69101e+00     4.46222e+00
    9.84716e-01     3.31976e+00     4.05955e+00
    1.03128e+00     2.98457e+00     3.69405e+00
    1.08005e+00     2.68190e+00     3.36216e+00
    1.13113e+00     2.40873e+00     3.06084e+00
    1.18462e+00     2.16256e+00     2.78755e+00
    1.24064e+00     1.94089e+00     2.53978e+00
    1.29931e+00     1.74125e+00     2.31504e+00
    1.36075e+00     1.56131e+00     2.11096e+00
    1.42510e+00     1.39936e+00     1.92580e+00
    1.49250e+00     1.25381e+00     1.75796e+00
    1.56308e+00     1.12311e+00     1.60582e+00
    1.63699e+00     1.00567e+00     1.46781e+00
    1.71441e+00     9.00037e-01     1.34242e+00
    1.79548e+00     8.05176e-01     1.22859e+00
    1.88039e+00     7.20121e-01     1.12533e+00
    1.96931e+00     6.43907e-01     1.03164e+00
    2.06244e+00     5.75572e-01     9.46537e-01
    2.15997e+00     5.14234e-01     8.69106e-01
    2.26212e+00     4.59261e-01     7.98693e-01
    2.36909e+00     4.10073e-01     7.34691e-01
    2.48113e+00     3.66088e-01     6.76494e-01
    2.59846e+00     3.26725e-01     6.23495e-01
    2.72134e+00     2.91453e-01     5.75141e-01
    2.85003e+00     2.59900e-01     5.31037e-01
    2.98481e+00     2.31718e-01     4.90815e-01
    3.12596e+00     2.06564e-01     4.54110e-01
    3.27379e+00     1.84090e-01     4.20555e-01
    3.42860e+00     1.63985e-01     3.89817e-01
    3.59074e+00     1.46029e-01     3.61659e-01
    3.76055e+00     1.30019e-01     3.35861e-01
    3.93838e+00     1.15752e-01     3.12204e-01
    4.12463e+00     1.03026e-01     2.90467e-01
    4.31968e+00     9.16568e-02     2.70451e-01
    4.52396e+00     8.15183e-02     2.52016e-01
    4.73789e+00     7.24924e-02     2.35029e-01
    4.96195e+00     6.44611e-02     2.19359e-01
    5.19660e+00     5.73064e-02     2.04874e-01
    5.44234e+00     5.09230e-02     1.91455e-01
    5.69971e+00     4.52380e-02     1.79019e-01
    5.96925e+00     4.01837e-02     1.67487e-01
    6.25153e+00     3.56923e-02     1.56780e-01
    6.54717e+00     3.16962e-02     1.46820e-01
    6.85678e+00     2.81353e-02     1.37536e-01
    7.18104e+00     2.49679e-02     1.28878e-01
    7.52063e+00     2.21556e-02     1.20799e-01
    7.87628e+00     1.96596e-02     1.13252e-01
    8.24875e+00     1.74414e-02     1.06189e-01
    8.63883e+00     1.54667e-02     9.95682e-02
    9.04736e+00     1.37123e-02     9.33597e-02
    9.47521e+00     1.21563e-02     8.75349e-02
    9.92329e+00     1.07768e-02     8.20654e-02
    1.03926e+01     9.55205e-03     7.69226e-02
    1.08840e+01     8.46291e-03     7.20813e-02
    1.13987e+01     7.49626e-03     6.75232e-02
    1.19378e+01     6.63984e-03     6.32308e-02
    1.25023e+01     5.88137e-03     5.91869e-02
    1.30935e+01     5.20859e-03     5.53739e-02
    1.37127e+01     4.61083e-03     5.17764e-02
    1.43612e+01     4.08080e-03     4.83830e-02
    1.50403e+01     3.61165e-03     4.51828e-02
    1.57516e+01     3.19656e-03     4.21649e-02
    1.64965e+01     2.82867e-03     3.93183e-02
    1.72766e+01     2.50208e-03     3.66334e-02
    1.80936e+01     2.21275e-03     3.41024e-02
    1.89492e+01     1.95689e-03     3.17182e-02
    1.98454e+01     1.73071e-03     2.94734e-02
    2.07838e+01     1.53040e-03     2.73607e-02
    2.17667e+01     1.35271e-03     2.53735e-02
    2.27960e+01     1.19542e-03     2.35063e-02
    2.38741e+01     1.05645e-03     2.17535e-02
    2.50031e+01     9.33684e-04     2.01099e-02
    2.61855e+01     8.25045e-04     1.85700e-02
    2.74238e+01     7.28743e-04     1.71288e-02
    2.87206e+01     6.43567e-04     1.57817e-02
    3.00788e+01     5.68365e-04     1.45242e-02
    3.15012e+01     5.01986e-04     1.33520e-02
    3.29909e+01     4.43283e-04     1.22604e-02
    3.45511e+01     3.91280e-04     1.12454e-02
    3.61850e+01     3.45318e-04     1.03029e-02
    3.78962e+01     3.04767e-04     9.42913e-03
    3.96883e+01     2.68999e-04     8.62013e-03
    4.15651e+01     2.37385e-04     7.87205e-03
    4.35307e+01     2.09398e-04     7.18121e-03
    4.55893e+01     1.84679e-04     6.54428e-03
    4.77452e+01     1.62885e-04     5.95793e-03
    5.00031e+01     1.43674e-04     5.41887e-03
    5.23677e+01     1.26705e-04     4.92379e-03
    5.48442e+01     1.11692e-04     4.46962e-03
    5.74377e+01     9.84399e-05     4.05368e-03
    6.01540e+01     8.67641e-05     3.67330e-03
    6.29986e+01     7.64783e-05     3.32585e-03
    6.59778e+01     6.73972e-05     3.00868e-03
    6.90979e+01     5.93672e-05     2.71939e-03
    7.23655e+01     5.22841e-05     2.45601e-03
    7.57877e+01     4.60479e-05     2.21660e-03
    7.93717e+01     4.05587e-05     1.99921e-03
    8.31251e+01     3.57168e-05     1.80190e-03
    8.70561e+01     3.14394e-05     1.62291e-03
    9.11730e+01     2.76688e-05     1.46077e-03
    9.54846e+01     2.43492e-05     1.31403e-03
    1.00000e+02     2.14250e-05     1.18123e-03
