# Matter power spectra at z=4.800000.
# D(z)=0.221027, f(z)=0.992392.
#      k[h/Mpc]         Plin(k)         HaloFit
    1.00000e-04     2.16839e+01     2.16839e+01
    1.04729e-04     2.26775e+01     2.26775e+01
    1.09682e-04     2.37164e+01     2.37164e+01
    1.14868e-04     2.48030e+01     2.48030e+01
    1.20301e-04     2.59394e+01     2.59394e+01
    1.25990e-04     2.71279e+01     2.71279e+01
    1.31948e-04     2.83706e+01     2.83706e+01
    1.38187e-04     2.96701e+01     2.96700e+01
    1.44722e-04     3.10290e+01     3.10290e+01
    1.51566e-04     3.24502e+01     3.24502e+01
    1.58734e-04     3.39365e+01     3.39364e+01
    1.66240e-04     3.54905e+01     3.54904e+01
    1.74102e-04     3.71154e+01     3.71153e+01
    1.82335e-04     3.88147e+01     3.88145e+01
    1.90957e-04     4.05916e+01     4.05915e+01
    1.99988e-04     4.24497e+01     4.24496e+01
    2.09445e-04     4.43925e+01     4.43923e+01
    2.19350e-04     4.64237e+01     4.64235e+01
    2.29723e-04     4.85475e+01     4.85473e+01
    2.40586e-04     5.07683e+01     5.07681e+01
    2.51964e-04     5.30904e+01     5.30901e+01
    2.63879e-04     5.55178e+01     5.55176e+01
    2.76358e-04     5.80555e+01     5.80552e+01
    2.89427e-04     6.07086e+01     6.07082e+01
    3.03114e-04     6.34823e+01     6.34819e+01
    3.17448e-04     6.63819e+01     6.63815e+01
    3.32460e-04     6.94127e+01     6.94123e+01
    3.48182e-04     7.25804e+01     7.25799e+01
    3.64647e-04     7.58915e+01     7.58910e+01
    3.81891e-04     7.93523e+01     7.93517e+01
    3.99951e-04     8.29692e+01     8.29686e+01
    4.18865e-04     8.67486e+01     8.67480e+01
    4.38673e-04     9.06977e+01     9.06970e+01
    4.59417e-04     9.48240e+01     9.48232e+01
    4.81143e-04     9.91353e+01     9.91344e+01
    5.03896e-04     1.03639e+02     1.03638e+02
    5.27725e-04     1.08344e+02     1.08342e+02
    5.52681e-04     1.13257e+02     1.13255e+02
    5.78818e-04     1.18388e+02     1.18386e+02
    6.06190e-04     1.23746e+02     1.23744e+02
    6.34857e-04     1.29340e+02     1.29338e+02
    6.64879e-04     1.35179e+02     1.35177e+02
    6.96321e-04     1.41273e+02     1.41271e+02
    7.29250e-04     1.47632e+02     1.47630e+02
    7.63736e-04     1.54267e+02     1.54265e+02
    7.99853e-04     1.61188e+02     1.61186e+02
    8.37678e-04     1.68406e+02     1.68403e+02
    8.77291e-04     1.75931e+02     1.75928e+02
    9.18778e-04     1.83775e+02     1.83772e+02
    9.62227e-04     1.91950e+02     1.91946e+02
    1.00773e-03     2.00466e+02     2.00462e+02
    1.05539e-03     2.09336e+02     2.09332e+02
    1.10530e-03     2.18571e+02     2.18567e+02
    1.15756e-03     2.28183e+02     2.28178e+02
    1.21231e-03     2.38184e+02     2.38178e+02
    1.26964e-03     2.48585e+02     2.48579e+02
    1.32968e-03     2.59398e+02     2.59392e+02
    1.39256e-03     2.70636e+02     2.70629e+02
    1.45841e-03     2.82310e+02     2.82302e+02
    1.52738e-03     2.94431e+02     2.94422e+02
    1.59961e-03     3.07011e+02     3.07002e+02
    1.67525e-03     3.20062e+02     3.20052e+02
    1.75447e-03     3.33594e+02     3.33583e+02
    1.83744e-03     3.47618e+02     3.47606e+02
    1.92434e-03     3.62142e+02     3.62129e+02
    2.01534e-03     3.77178e+02     3.77164e+02
    2.11064e-03     3.92733e+02     3.92718e+02
    2.21045e-03     4.08816e+02     4.08800e+02
    2.31499e-03     4.25432e+02     4.25413e+02
    2.42446e-03     4.42584e+02     4.42564e+02
    2.53911e-03     4.60279e+02     4.60257e+02
    2.65919e-03     4.78520e+02     4.78497e+02
    2.78494e-03     4.97309e+02     4.97283e+02
    2.91664e-03     5.16640e+02     5.16612e+02
    3.05457e-03     5.36510e+02     5.36480e+02
    3.19902e-03     5.56916e+02     5.56883e+02
    3.35030e-03     5.77853e+02     5.77818e+02
    3.50873e-03     5.99310e+02     5.99271e+02
    3.67466e-03     6.21269e+02     6.21227e+02
    3.84844e-03     6.43713e+02     6.43667e+02
    4.03043e-03     6.66625e+02     6.66576e+02
    4.22103e-03     6.89987e+02     6.89934e+02
    4.42064e-03     7.13770e+02     7.13713e+02
    4.62969e-03     7.37938e+02     7.37876e+02
    4.84863e-03     7.62454e+02     7.62387e+02
    5.07792e-03     7.87281e+02     7.87208e+02
    5.31805e-03     8.12381e+02     8.12303e+02
    5.56954e-03     8.37701e+02     8.37618e+02
    5.83292e-03     8.63180e+02     8.63090e+02
    6.10876e-03     8.88753e+02     8.88657e+02
    6.39764e-03     9.14359e+02     9.14257e+02
    6.70019e-03     9.39933e+02     9.39823e+02
    7.01704e-03     9.65391e+02     9.65274e+02
    7.34887e-03     9.90638e+02     9.90514e+02
    7.69640e-03     1.01558e+03     1.01545e+03
    8.06036e-03     1.04012e+03     1.03998e+03
    8.44153e-03     1.06416e+03     1.06401e+03
    8.84073e-03     1.08758e+03     1.08742e+03
    9.25881e-03     1.11024e+03     1.11008e+03
    9.69666e-03     1.13202e+03     1.13185e+03
    1.01552e-02     1.15279e+03     1.15261e+03
    1.06354e-02     1.17239e+03     1.17221e+03
    1.11384e-02     1.19069e+03     1.19050e+03
    1.16651e-02     1.20751e+03     1.20732e+03
    1.22168e-02     1.22269e+03     1.22249e+03
    1.27945e-02     1.23606e+03     1.23586e+03
    1.33996e-02     1.24746e+03     1.24725e+03
    1.40332e-02     1.25670e+03     1.25650e+03
    1.46968e-02     1.26363e+03     1.26343e+03
    1.53919e-02     1.26807e+03     1.26788e+03
    1.61197e-02     1.26984e+03     1.26966e+03
    1.68820e-02     1.26878e+03     1.26861e+03
    1.76804e-02     1.26478e+03     1.26462e+03
    1.85165e-02     1.25772e+03     1.25758e+03
    1.93921e-02     1.24753e+03     1.24741e+03
    2.03092e-02     1.23409e+03     1.23400e+03
    2.12696e-02     1.21733e+03     1.21727e+03
    2.22754e-02     1.19731e+03     1.19728e+03
    2.33288e-02     1.17416e+03     1.17416e+03
    2.44320e-02     1.14799e+03     1.14803e+03
    2.55874e-02     1.11893e+03     1.11901e+03
    2.67975e-02     1.08713e+03     1.08726e+03
    2.80647e-02     1.05296e+03     1.05313e+03
    2.93919e-02     1.01687e+03     1.01709e+03
    3.07818e-02     9.79331e+02     9.79596e+02
    3.22375e-02     9.40792e+02     9.41105e+02
    3.37620e-02     9.01728e+02     9.02089e+02
    3.53586e-02     8.62679e+02     8.63088e+02
    3.70307e-02     8.24217e+02     8.24676e+02
    3.87819e-02     7.86911e+02     7.87422e+02
    4.06159e-02     7.51335e+02     7.51900e+02
    4.25366e-02     7.17975e+02     7.18598e+02
    4.45481e-02     6.87085e+02     6.87771e+02
    4.66548e-02     6.58878e+02     6.59636e+02
    4.88611e-02     6.33522e+02     6.34361e+02
    5.11717e-02     6.10872e+02     6.11804e+02
    5.35916e-02     5.90622e+02     5.91660e+02
    5.61260e-02     5.72253e+02     5.73411e+02
    5.87802e-02     5.55061e+02     5.56352e+02
    6.15599e-02     5.38160e+02     5.39593e+02
    6.44710e-02     5.20580e+02     5.22159e+02
    6.75198e-02     5.01360e+02     5.03081e+02
    7.07128e-02     4.79701e+02     4.81546e+02
    7.40568e-02     4.55134e+02     4.57076e+02
    7.75590e-02     4.27668e+02     4.29668e+02
    8.12267e-02     3.97878e+02     3.99896e+02
    8.50679e-02     3.66891e+02     3.68890e+02
    8.90908e-02     3.36239e+02     3.38196e+02
    9.33039e-02     3.07592e+02     3.09504e+02
    9.77162e-02     2.82429e+02     2.84311e+02
    1.02337e-01     2.61716e+02     2.63603e+02
    1.07177e-01     2.45668e+02     2.47609e+02
    1.12245e-01     2.33643e+02     2.35688e+02
    1.17553e-01     2.24177e+02     2.26365e+02
    1.23112e-01     2.15243e+02     2.17585e+02
    1.28934e-01     2.04794e+02     2.07255e+02
    1.35031e-01     1.91526e+02     1.94031e+02
    1.41417e-01     1.75524e+02     1.77980e+02
    1.48105e-01     1.58323e+02     1.60666e+02
    1.55108e-01     1.42236e+02     1.44458e+02
    1.62444e-01     1.29237e+02     1.31389e+02
    1.70125e-01     1.20000e+02     1.22164e+02
    1.78171e-01     1.13586e+02     1.15831e+02
    1.86596e-01     1.07955e+02     1.10297e+02
    1.95420e-01     1.00979e+02     1.03357e+02
    2.04662e-01     9.20370e+01     9.43509e+01
    2.14340e-01     8.25287e+01     8.47242e+01
    2.24476e-01     7.43917e+01     7.64950e+01
    2.35092e-01     6.85352e+01     7.06187e+01
    2.46209e-01     6.42141e+01     6.63295e+01
    2.57852e-01     5.97509e+01     6.18749e+01
    2.70046e-01     5.43696e+01     5.64326e+01
    2.82817e-01     4.88788e+01     5.08492e+01
    2.96191e-01     4.44841e+01     4.63998e+01
    3.10198e-01     4.11185e+01     4.30203e+01
    3.24867e-01     3.78317e+01     3.97069e+01
    3.40230e-01     3.42625e+01     3.60727e+01
    3.56319e-01     3.10060e+01     3.27523e+01
    3.73170e-01     2.83725e+01     3.00809e+01
    3.90817e-01     2.59290e+01     2.75969e+01
    4.09298e-01     2.34853e+01     2.50960e+01
    4.28654e-01     2.13065e+01     2.28650e+01
    4.48925e-01     1.94055e+01     2.09203e+01
    4.70155e-01     1.76006e+01     1.90656e+01
    4.92388e-01     1.59377e+01     1.73520e+01
    5.15673e-01     1.44647e+01     1.58334e+01
    5.40059e-01     1.30955e+01     1.44165e+01
    5.65599e-01     1.18502e+01     1.31246e+01
    5.92346e-01     1.07246e+01     1.19541e+01
    6.20358e-01     9.69297e+00     1.08776e+01
    6.49694e-01     8.76009e+00     9.90145e+00
    6.80418e-01     7.91017e+00     9.00900e+00
    7.12595e-01     7.13913e+00     8.19655e+00
    7.46294e-01     6.44077e+00     7.45804e+00
    7.81586e-01     5.80724e+00     6.78543e+00
    8.18547e-01     5.23314e+00     6.17336e+00
    8.57256e-01     4.71349e+00     5.61692e+00
    8.97795e-01     4.24347e+00     5.11128e+00
    9.40252e-01     3.81841e+00     4.65174e+00
    9.84716e-01     3.43434e+00     4.23435e+00
    1.03128e+00     3.08758e+00     3.85540e+00
    1.08005e+00     2.77447e+00     3.51121e+00
    1.13113e+00     2.49187e+00     3.19864e+00
    1.18462e+00     2.23720e+00     2.91506e+00
    1.24064e+00     2.00788e+00     2.65788e+00
    1.29931e+00     1.80135e+00     2.42453e+00
    1.36075e+00     1.61520e+00     2.21255e+00
    1.42510e+00     1.44766e+00     2.02015e+00
    1.49250e+00     1.29709e+00     1.84566e+00
    1.56308e+00     1.16187e+00     1.68744e+00
    1.63699e+00     1.04038e+00     1.54383e+00
    1.71441e+00     9.31102e-01     1.41329e+00
    1.79548e+00     8.32967e-01     1.29472e+00
    1.88039e+00     7.44976e-01     1.18709e+00
    1.96931e+00     6.66131e-01     1.08938e+00
    2.06244e+00     5.95438e-01     1.00056e+00
    2.15997e+00     5.31983e-01     9.19696e-01
    2.26212e+00     4.75113e-01     8.46103e-01
    2.36909e+00     4.24227e-01     7.79156e-01
    2.48113e+00     3.78724e-01     7.18229e-01
    2.59846e+00     3.38002e-01     6.62696e-01
    2.72134e+00     3.01513e-01     6.11983e-01
    2.85003e+00     2.68870e-01     5.65683e-01
    2.98481e+00     2.39716e-01     5.23415e-01
    3.12596e+00     2.13693e-01     4.84801e-01
    3.27379e+00     1.90444e-01     4.49462e-01
    3.42860e+00     1.69645e-01     4.17054e-01
    3.59074e+00     1.51069e-01     3.87332e-01
    3.76055e+00     1.34507e-01     3.60067e-01
    3.93838e+00     1.19748e-01     3.35033e-01
    4.12463e+00     1.06582e-01     3.12002e-01
    4.31968e+00     9.48203e-02     2.90767e-01
    4.52396e+00     8.43319e-02     2.71183e-01
    4.73789e+00     7.49945e-02     2.53113e-01
    4.96195e+00     6.66859e-02     2.36420e-01
    5.19660e+00     5.92843e-02     2.20969e-01
    5.44234e+00     5.26806e-02     2.06636e-01
    5.69971e+00     4.67994e-02     1.93335e-01
    5.96925e+00     4.15706e-02     1.80983e-01
    6.25153e+00     3.69242e-02     1.69500e-01
    6.54717e+00     3.27902e-02     1.58803e-01
    6.85678e+00     2.91063e-02     1.48819e-01
    7.18104e+00     2.58297e-02     1.39497e-01
    7.52063e+00     2.29203e-02     1.30788e-01
    7.87628e+00     2.03382e-02     1.22641e-01
    8.24875e+00     1.80434e-02     1.15009e-01
    8.63883e+00     1.60005e-02     1.07847e-01
    9.04736e+00     1.41856e-02     1.01124e-01
    9.47521e+00     1.25758e-02     9.48106e-02
    9.92329e+00     1.11487e-02     8.88768e-02
    1.03926e+01     9.88174e-03     8.32931e-02
    1.08840e+01     8.75500e-03     7.80331e-02
    1.13987e+01     7.75499e-03     7.30775e-02
    1.19378e+01     6.86901e-03     6.84083e-02
    1.25023e+01     6.08436e-03     6.40072e-02
    1.30935e+01     5.38836e-03     5.98561e-02
    1.37127e+01     4.76997e-03     5.59387e-02
    1.43612e+01     4.22164e-03     5.22430e-02
    1.50403e+01     3.73630e-03     4.87574e-02
    1.57516e+01     3.30688e-03     4.54705e-02
    1.64965e+01     2.92629e-03     4.23707e-02
    1.72766e+01     2.58843e-03     3.94477e-02
    1.80936e+01     2.28912e-03     3.66933e-02
    1.89492e+01     2.02443e-03     3.40997e-02
    1.98454e+01     1.79044e-03     3.16591e-02
    2.07838e+01     1.58322e-03     2.93636e-02
    2.17667e+01     1.39940e-03     2.72060e-02
    2.27960e+01     1.23668e-03     2.51803e-02
    2.38741e+01     1.09291e-03     2.32804e-02
    2.50031e+01     9.65907e-04     2.15005e-02
    2.61855e+01     8.53517e-04     1.98346e-02
    2.74238e+01     7.53892e-04     1.82772e-02
    2.87206e+01     6.65776e-04     1.68230e-02
    3.00788e+01     5.87979e-04     1.54672e-02
    3.15012e+01     5.19309e-04     1.42048e-02
    3.29909e+01     4.58579e-04     1.30308e-02
    3.45511e+01     4.04782e-04     1.19403e-02
    3.61850e+01     3.57234e-04     1.09291e-02
    3.78962e+01     3.15283e-04     9.99282e-03
    3.96883e+01     2.78281e-04     9.12704e-03
    4.15651e+01     2.45576e-04     8.32743e-03
    4.35307e+01     2.16623e-04     7.58991e-03
    4.55893e+01     1.91051e-04     6.91075e-03
    4.77452e+01     1.68505e-04     6.28629e-03
    5.00031e+01     1.48631e-04     5.71287e-03
    5.23677e+01     1.31076e-04     5.18681e-03
    5.48442e+01     1.15544e-04     4.70473e-03
    5.74377e+01     1.01835e-04     4.26369e-03
    6.01540e+01     8.97565e-05     3.86080e-03
    6.29986e+01     7.91158e-05     3.49315e-03
    6.59778e+01     6.97214e-05     3.15786e-03
    6.90979e+01     6.14143e-05     2.85233e-03
    7.23655e+01     5.40868e-05     2.57442e-03
    7.57877e+01     4.76354e-05     2.32202e-03
    7.93717e+01     4.19568e-05     2.09305e-03
    8.31251e+01     3.69479e-05     1.88540e-03
    8.70561e+01     3.25229e-05     1.69718e-03
    9.11730e+01     2.86222e-05     1.52682e-03
    9.54846e+01     2.51881e-05     1.37276e-03
    1.00000e+02     2.21630e-05     1.23345e-03
