# Matter power spectra at z=3.100000.
# D(z)=0.311347, f(z)=0.981211.
#      k[h/Mpc]         Plin(k)         HaloFit
    1.00000e-04     4.31411e+01     4.31411e+01
    1.03177e-04     4.44695e+01     4.44695e+01
    1.06455e-04     4.58386e+01     4.58386e+01
    1.09837e-04     4.72498e+01     4.72498e+01
    1.13327e-04     4.87044e+01     4.87044e+01
    1.16928e-04     5.02038e+01     5.02039e+01
    1.20643e-04     5.17495e+01     5.17495e+01
    1.24476e-04     5.33427e+01     5.33427e+01
    1.28430e-04     5.49848e+01     5.49848e+01
    1.32511e-04     5.66773e+01     5.66773e+01
    1.36721e-04     5.84217e+01     5.84216e+01
    1.41065e-04     6.02197e+01     6.02195e+01
    1.45546e-04     6.20731e+01     6.20728e+01
    1.50171e-04     6.39835e+01     6.39831e+01
    1.54942e-04     6.59527e+01     6.59522e+01
    1.59865e-04     6.79823e+01     6.79818e+01
    1.64944e-04     7.00741e+01     7.00735e+01
    1.70184e-04     7.22300e+01     7.22293e+01
    1.75591e-04     7.44520e+01     7.44512e+01
    1.81170e-04     7.67422e+01     7.67414e+01
    1.86926e-04     7.91029e+01     7.91021e+01
    1.92865e-04     8.15361e+01     8.15352e+01
    1.98992e-04     8.40439e+01     8.40430e+01
    2.05315e-04     8.66284e+01     8.66275e+01
    2.11838e-04     8.92919e+01     8.92909e+01
    2.18568e-04     9.20369e+01     9.20358e+01
    2.25512e-04     9.48660e+01     9.48649e+01
    2.32677e-04     9.77819e+01     9.77807e+01
    2.40070e-04     1.00787e+02     1.00786e+02
    2.47697e-04     1.03884e+02     1.03883e+02
    2.55567e-04     1.07076e+02     1.07075e+02
    2.63686e-04     1.10365e+02     1.10364e+02
    2.72064e-04     1.13755e+02     1.13753e+02
    2.80708e-04     1.17247e+02     1.17246e+02
    2.89626e-04     1.20847e+02     1.20845e+02
    2.98828e-04     1.24556e+02     1.24554e+02
    3.08322e-04     1.28379e+02     1.28377e+02
    3.18118e-04     1.32318e+02     1.32315e+02
    3.28225e-04     1.36376e+02     1.36374e+02
    3.38653e-04     1.40558e+02     1.40555e+02
    3.49413e-04     1.44866e+02     1.44863e+02
    3.60514e-04     1.49305e+02     1.49302e+02
    3.71968e-04     1.53879e+02     1.53876e+02
    3.83786e-04     1.58592e+02     1.58589e+02
    3.95979e-04     1.63448e+02     1.63444e+02
    4.08560e-04     1.68449e+02     1.68446e+02
    4.21541e-04     1.73602e+02     1.73598e+02
    4.34934e-04     1.78910e+02     1.78906e+02
    4.48752e-04     1.84377e+02     1.84373e+02
    4.63010e-04     1.90009e+02     1.90005e+02
    4.77720e-04     1.95811e+02     1.95806e+02
    4.92898e-04     2.01786e+02     2.01781e+02
    5.08558e-04     2.07940e+02     2.07935e+02
    5.24715e-04     2.14278e+02     2.14272e+02
    5.41386e-04     2.20804e+02     2.20798e+02
    5.58587e-04     2.27524e+02     2.27517e+02
    5.76334e-04     2.34444e+02     2.34437e+02
    5.94645e-04     2.41570e+02     2.41562e+02
    6.13538e-04     2.48906e+02     2.48897e+02
    6.33031e-04     2.56458e+02     2.56449e+02
    6.53143e-04     2.64233e+02     2.64223e+02
    6.73894e-04     2.72235e+02     2.72225e+02
    6.95305e-04     2.80471e+02     2.80460e+02
    7.17395e-04     2.88947e+02     2.88936e+02
    7.40188e-04     2.97670e+02     2.97658e+02
    7.63705e-04     3.06646e+02     3.06633e+02
    7.87969e-04     3.15881e+02     3.15868e+02
    8.13004e-04     3.25382e+02     3.25368e+02
    8.38834e-04     3.35156e+02     3.35140e+02
    8.65485e-04     3.45208e+02     3.45192e+02
    8.92982e-04     3.55546e+02     3.55529e+02
    9.21354e-04     3.66177e+02     3.66159e+02
    9.50626e-04     3.77109e+02     3.77089e+02
    9.80829e-04     3.88347e+02     3.88327e+02
    1.01199e-03     3.99900e+02     3.99878e+02
    1.04414e-03     4.11774e+02     4.11751e+02
    1.07732e-03     4.23976e+02     4.23951e+02
    1.11155e-03     4.36514e+02     4.36488e+02
    1.14686e-03     4.49395e+02     4.49367e+02
    1.18330e-03     4.62627e+02     4.62597e+02
    1.22089e-03     4.76216e+02     4.76185e+02
    1.25968e-03     4.90171e+02     4.90137e+02
    1.29970e-03     5.04498e+02     5.04462e+02
    1.34100e-03     5.19204e+02     5.19167e+02
    1.38360e-03     5.34298e+02     5.34258e+02
    1.42756e-03     5.49787e+02     5.49744e+02
    1.47292e-03     5.65677e+02     5.65632e+02
    1.51971e-03     5.81976e+02     5.81929e+02
    1.56800e-03     5.98692e+02     5.98642e+02
    1.61781e-03     6.15832e+02     6.15778e+02
    1.66921e-03     6.33403e+02     6.33346e+02
    1.72225e-03     6.51411e+02     6.51351e+02
    1.77697e-03     6.69863e+02     6.69799e+02
    1.83342e-03     6.88764e+02     6.88696e+02
    1.89167e-03     7.08121e+02     7.08049e+02
    1.95177e-03     7.27940e+02     7.27863e+02
    2.01378e-03     7.48225e+02     7.48144e+02
    2.07777e-03     7.68985e+02     7.68899e+02
    2.14378e-03     7.90222e+02     7.90131e+02
    2.21189e-03     8.11941e+02     8.11845e+02
    2.28216e-03     8.34144e+02     8.34042e+02
    2.35467e-03     8.56835e+02     8.56726e+02
    2.42948e-03     8.80015e+02     8.79900e+02
    2.50667e-03     9.03689e+02     9.03567e+02
    2.58631e-03     9.27859e+02     9.27730e+02
    2.66848e-03     9.52526e+02     9.52390e+02
    2.75326e-03     9.77691e+02     9.77547e+02
    2.84074e-03     1.00335e+03     1.00320e+03
    2.93099e-03     1.02950e+03     1.02934e+03
    3.02411e-03     1.05614e+03     1.05597e+03
    3.12019e-03     1.08327e+03     1.08309e+03
    3.21933e-03     1.11089e+03     1.11070e+03
    3.32161e-03     1.13898e+03     1.13878e+03
    3.42714e-03     1.16756e+03     1.16734e+03
    3.53603e-03     1.19660e+03     1.19637e+03
    3.64837e-03     1.22609e+03     1.22585e+03
    3.76428e-03     1.25602e+03     1.25577e+03
    3.88388e-03     1.28639e+03     1.28613e+03
    4.00728e-03     1.31719e+03     1.31691e+03
    4.13459e-03     1.34839e+03     1.34809e+03
    4.26596e-03     1.37999e+03     1.37968e+03
    4.40149e-03     1.41197e+03     1.41164e+03
    4.54133e-03     1.44430e+03     1.44395e+03
    4.68562e-03     1.47696e+03     1.47659e+03
    4.83448e-03     1.50993e+03     1.50954e+03
    4.98808e-03     1.54318e+03     1.54277e+03
    5.14656e-03     1.57669e+03     1.57626e+03
    5.31007e-03     1.61045e+03     1.61000e+03
    5.47878e-03     1.64440e+03     1.64393e+03
    5.65285e-03     1.67852e+03     1.67802e+03
    5.83245e-03     1.71277e+03     1.71224e+03
    6.01775e-03     1.74710e+03     1.74655e+03
    6.20895e-03     1.78148e+03     1.78090e+03
    6.40621e-03     1.81587e+03     1.81526e+03
    6.60975e-03     1.85023e+03     1.84959e+03
    6.81975e-03     1.88451e+03     1.88384e+03
    7.03642e-03     1.91865e+03     1.91795e+03
    7.25998e-03     1.95259e+03     1.95186e+03
    7.49064e-03     1.98628e+03     1.98551e+03
    7.72863e-03     2.01966e+03     2.01885e+03
    7.97417e-03     2.05266e+03     2.05182e+03
    8.22752e-03     2.08523e+03     2.08435e+03
    8.48892e-03     2.11730e+03     2.11638e+03
    8.75863e-03     2.14880e+03     2.14784e+03
    9.03690e-03     2.17963e+03     2.17863e+03
    9.32402e-03     2.20973e+03     2.20869e+03
    9.62025e-03     2.23900e+03     2.23791e+03
    9.92590e-03     2.26736e+03     2.26623e+03
    1.02413e-02     2.29474e+03     2.29356e+03
    1.05666e-02     2.32104e+03     2.31982e+03
    1.09024e-02     2.34617e+03     2.34491e+03
    1.12487e-02     2.37004e+03     2.36873e+03
    1.16061e-02     2.39252e+03     2.39117e+03
    1.19749e-02     2.41353e+03     2.41213e+03
    1.23553e-02     2.43296e+03     2.43152e+03
    1.27479e-02     2.45071e+03     2.44922e+03
    1.31529e-02     2.46668e+03     2.46514e+03
    1.35708e-02     2.48075e+03     2.47917e+03
    1.40019e-02     2.49284e+03     2.49121e+03
    1.44468e-02     2.50282e+03     2.50115e+03
    1.49058e-02     2.51059e+03     2.50888e+03
    1.53794e-02     2.51605e+03     2.51430e+03
    1.58680e-02     2.51910e+03     2.51731e+03
    1.63721e-02     2.51962e+03     2.51779e+03
    1.68923e-02     2.51752e+03     2.51566e+03
    1.74290e-02     2.51273e+03     2.51085e+03
    1.79827e-02     2.50521e+03     2.50329e+03
    1.85541e-02     2.49488e+03     2.49294e+03
    1.91436e-02     2.48169e+03     2.47973e+03
    1.97518e-02     2.46557e+03     2.46361e+03
    2.03793e-02     2.44648e+03     2.44451e+03
    2.10268e-02     2.42436e+03     2.42238e+03
    2.16949e-02     2.39924e+03     2.39727e+03
    2.23841e-02     2.37121e+03     2.36924e+03
    2.30953e-02     2.34034e+03     2.33838e+03
    2.38291e-02     2.30670e+03     2.30476e+03
    2.45862e-02     2.27037e+03     2.26846e+03
    2.53673e-02     2.23143e+03     2.22955e+03
    2.61732e-02     2.18996e+03     2.18812e+03
    2.70048e-02     2.14612e+03     2.14433e+03
    2.78628e-02     2.10020e+03     2.09845e+03
    2.87480e-02     2.05246e+03     2.05077e+03
    2.96614e-02     2.00320e+03     2.00158e+03
    3.06038e-02     1.95271e+03     1.95115e+03
    3.15761e-02     1.90125e+03     1.89977e+03
    3.25793e-02     1.84912e+03     1.84772e+03
    3.36144e-02     1.79661e+03     1.79529e+03
    3.46824e-02     1.74407e+03     1.74284e+03
    3.57843e-02     1.69184e+03     1.69071e+03
    3.69212e-02     1.64028e+03     1.63925e+03
    3.80942e-02     1.58974e+03     1.58882e+03
    3.93045e-02     1.54057e+03     1.53976e+03
    4.05533e-02     1.49312e+03     1.49242e+03
    4.18417e-02     1.44769e+03     1.44711e+03
    4.31711e-02     1.40444e+03     1.40399e+03
    4.45427e-02     1.36349e+03     1.36317e+03
    4.59579e-02     1.32499e+03     1.32480e+03
    4.74180e-02     1.28905e+03     1.28899e+03
    4.89246e-02     1.25572e+03     1.25581e+03
    5.04790e-02     1.22485e+03     1.22507e+03
    5.20827e-02     1.19625e+03     1.19663e+03
    5.37375e-02     1.16970e+03     1.17023e+03
    5.54448e-02     1.14483e+03     1.14553e+03
    5.72064e-02     1.12122e+03     1.12209e+03
    5.90239e-02     1.09837e+03     1.09943e+03
    6.08992e-02     1.07572e+03     1.07696e+03
    6.28340e-02     1.05266e+03     1.05409e+03
    6.48303e-02     1.02858e+03     1.03021e+03
    6.68901e-02     1.00290e+03     1.00474e+03
    6.90153e-02     9.75122e+02     9.77173e+02
    7.12080e-02     9.44861e+02     9.47120e+02
    7.34703e-02     9.11906e+02     9.14372e+02
    7.58046e-02     8.76256e+02     8.78922e+02
    7.82130e-02     8.38143e+02     8.41003e+02
    8.06979e-02     7.98046e+02     8.01090e+02
    8.32618e-02     7.56669e+02     7.59890e+02
    8.59072e-02     7.14908e+02     7.18297e+02
    8.86366e-02     6.73770e+02     6.77321e+02
    9.14527e-02     6.34296e+02     6.38005e+02
    9.43582e-02     5.97463e+02     6.01329e+02
    9.73561e-02     5.64087e+02     5.68111e+02
    1.00449e-01     5.34740e+02     5.38927e+02
    1.03641e-01     5.09683e+02     5.14038e+02
    1.06933e-01     4.88824e+02     4.93355e+02
    1.10331e-01     4.71705e+02     4.76421e+02
    1.13836e-01     4.57514e+02     4.62424e+02
    1.17453e-01     4.45144e+02     4.50254e+02
    1.21185e-01     4.33297e+02     4.38608e+02
    1.25035e-01     4.20648e+02     4.26154e+02
    1.29007e-01     4.06072e+02     4.11756e+02
    1.33106e-01     3.88867e+02     3.94701e+02
    1.37335e-01     3.68932e+02     3.74884e+02
    1.41698e-01     3.46831e+02     3.52870e+02
    1.46200e-01     3.23692e+02     3.29792e+02
    1.50845e-01     3.00961e+02     3.07109e+02
    1.55638e-01     2.80083e+02     2.86278e+02
    1.60583e-01     2.62165e+02     2.68417e+02
    1.65685e-01     2.47720e+02     2.54045e+02
    1.70949e-01     2.36574e+02     2.42990e+02
    1.76380e-01     2.27870e+02     2.34393e+02
    1.81984e-01     2.20351e+02     2.26985e+02
    1.87766e-01     2.12567e+02     2.19301e+02
    1.93731e-01     2.03288e+02     2.10095e+02
    1.99886e-01     1.92074e+02     1.98915e+02
    2.06237e-01     1.79458e+02     1.86300e+02
    2.12789e-01     1.66628e+02     1.73449e+02
    2.19550e-01     1.54842e+02     1.61644e+02
    2.26525e-01     1.44967e+02     1.51763e+02
    2.33722e-01     1.37228e+02     1.44037e+02
    2.41148e-01     1.31105e+02     1.37941e+02
    2.48810e-01     1.25531e+02     1.32395e+02
    2.56715e-01     1.19488e+02     1.26361e+02
    2.64871e-01     1.12535e+02     1.19389e+02
    2.73286e-01     1.04976e+02     1.11787e+02
    2.81969e-01     9.76444e+01     1.04404e+02
    2.90927e-01     9.13323e+01     9.80487e+01
    3.00171e-01     8.62017e+01     9.28885e+01
    3.09707e-01     8.18041e+01     8.84673e+01
    3.19547e-01     7.74828e+01     8.41153e+01
    3.29700e-01     7.28259e+01     7.94102e+01
    3.40175e-01     6.80095e+01     7.45320e+01
    3.50983e-01     6.34907e+01     6.99488e+01
    3.62134e-01     5.95827e+01     6.59825e+01
    3.73639e-01     5.61655e+01     6.25113e+01
    3.85510e-01     5.28924e+01     5.91802e+01
    3.97758e-01     4.95787e+01     5.57995e+01
    4.10396e-01     4.63314e+01     5.24793e+01
    4.23435e-01     4.33553e+01     4.94305e+01
    4.36888e-01     4.06806e+01     4.66852e+01
    4.50768e-01     3.81833e+01     4.41160e+01
    4.65090e-01     3.57489e+01     4.16052e+01
    4.79866e-01     3.34140e+01     3.91911e+01
    4.95112e-01     3.12590e+01     3.69568e+01
    5.10843e-01     2.92782e+01     3.48970e+01
    5.27073e-01     2.73894e+01     3.29271e+01
    5.43819e-01     2.55965e+01     3.10514e+01
    5.61097e-01     2.39215e+01     2.92932e+01
    5.78923e-01     2.23648e+01     2.76531e+01
    5.97316e-01     2.08953e+01     2.60992e+01
    6.16294e-01     1.95118e+01     2.46307e+01
    6.35875e-01     1.82213e+01     2.32550e+01
    6.56077e-01     1.70121e+01     2.19604e+01
    6.76922e-01     1.58759e+01     2.07384e+01
    6.98428e-01     1.48119e+01     1.95886e+01
    7.20618e-01     1.38174e+01     1.85082e+01
    7.43513e-01     1.28870e+01     1.74921e+01
    7.67136e-01     1.20159e+01     1.65354e+01
    7.91509e-01     1.12006e+01     1.56347e+01
    8.16656e-01     1.04382e+01     1.47871e+01
    8.42602e-01     9.72540e+00     1.39895e+01
    8.69373e-01     9.05940e+00     1.32391e+01
    8.96994e-01     8.43720e+00     1.25329e+01
    9.25493e-01     7.85590e+00     1.18682e+01
    9.54897e-01     7.31301e+00     1.12424e+01
    9.85235e-01     6.80628e+00     1.06534e+01
    1.01654e+00     6.33344e+00     1.00989e+01
    1.04883e+00     5.89221e+00     9.57677e+00
    1.08216e+00     5.48038e+00     9.08474e+00
    1.11654e+00     5.09618e+00     8.62112e+00
    1.15201e+00     4.73802e+00     8.18433e+00
    1.18861e+00     4.40433e+00     7.77284e+00
    1.22638e+00     4.09352e+00     7.38508e+00
    1.26534e+00     3.80401e+00     7.01951e+00
    1.30554e+00     3.53423e+00     6.67457e+00
    1.34702e+00     3.28274e+00     6.34887e+00
    1.38982e+00     3.04849e+00     6.04135e+00
    1.43398e+00     2.83048e+00     5.75104e+00
    1.47953e+00     2.62770e+00     5.47694e+00
    1.52654e+00     2.43916e+00     5.21807e+00
    1.57504e+00     2.26385e+00     4.97344e+00
    1.62508e+00     2.10077e+00     4.74206e+00
    1.67671e+00     1.94896e+00     4.52298e+00
    1.72999e+00     1.80772e+00     4.31551e+00
    1.78495e+00     1.67643e+00     4.11903e+00
    1.84166e+00     1.55448e+00     3.93294e+00
    1.90017e+00     1.44125e+00     3.75661e+00
    1.96054e+00     1.33613e+00     3.58945e+00
    2.02283e+00     1.23851e+00     3.43085e+00
    2.08710e+00     1.14779e+00     3.28019e+00
    2.15341e+00     1.06346e+00     3.13698e+00
    2.22183e+00     9.85148e-01     3.00086e+00
    2.29242e+00     9.12495e-01     2.87143e+00
    2.36525e+00     8.45124e-01     2.74834e+00
    2.44040e+00     7.82667e-01     2.63120e+00
    2.51793e+00     7.24752e-01     2.51964e+00
    2.59793e+00     6.71010e-01     2.41329e+00
    2.68047e+00     6.21107e-01     2.31181e+00
    2.76563e+00     5.74808e-01     2.21495e+00
    2.85350e+00     5.31892e-01     2.12249e+00
    2.94416e+00     4.92139e-01     2.03420e+00
    3.03770e+00     4.55330e-01     1.94986e+00
    3.13421e+00     4.21244e-01     1.86923e+00
    3.23379e+00     3.89661e-01     1.79208e+00
    3.33653e+00     3.60368e-01     1.71820e+00
    3.44254e+00     3.33209e-01     1.64742e+00
    3.55191e+00     3.08055e-01     1.57960e+00
    3.66476e+00     2.84776e-01     1.51460e+00
    3.78120e+00     2.63243e-01     1.45229e+00
    3.90133e+00     2.43327e-01     1.39252e+00
    4.02528e+00     2.24899e-01     1.33515e+00
    4.15317e+00     2.07830e-01     1.28006e+00
    4.28512e+00     1.92014e-01     1.22711e+00
    4.42127e+00     1.77375e-01     1.17624e+00
    4.56173e+00     1.63838e-01     1.12734e+00
    4.70667e+00     1.51327e-01     1.08034e+00
    4.85620e+00     1.39767e-01     1.03514e+00
    5.01049e+00     1.29084e-01     9.91676e-01
    5.16968e+00     1.19202e-01     9.49849e-01
    5.33393e+00     1.10052e-01     9.09583e-01
    5.50340e+00     1.01587e-01     8.70820e-01
    5.67825e+00     9.37628e-02     8.33508e-01
    5.85865e+00     8.65375e-02     7.97594e-01
    6.04479e+00     7.98674e-02     7.63023e-01
    6.23684e+00     7.37095e-02     7.29744e-01
    6.43499e+00     6.80207e-02     6.97704e-01
    6.63944e+00     6.27588e-02     6.66849e-01
    6.85039e+00     5.78926e-02     6.37139e-01
    7.06803e+00     5.33974e-02     6.08539e-01
    7.29259e+00     4.92486e-02     5.81014e-01
    7.52429e+00     4.54215e-02     5.54529e-01
    7.76335e+00     4.18916e-02     5.29049e-01
    8.01000e+00     3.86342e-02     5.04539e-01
    8.26449e+00     3.56249e-02     4.80965e-01
    8.52706e+00     3.28429e-02     4.58294e-01
    8.79798e+00     3.02739e-02     4.36502e-01
    9.07750e+00     2.79039e-02     4.15563e-01
    9.36591e+00     2.57190e-02     3.95452e-01
    9.66347e+00     2.37054e-02     3.76144e-01
    9.97050e+00     2.18491e-02     3.57612e-01
    1.02873e+01     2.01362e-02     3.39833e-01
    1.06141e+01     1.85537e-02     3.22782e-01
    1.09513e+01     1.70927e-02     3.06436e-01
    1.12993e+01     1.57454e-02     2.90777e-01
    1.16583e+01     1.45040e-02     2.75782e-01
    1.20287e+01     1.33606e-02     2.61431e-01
    1.24108e+01     1.23074e-02     2.47705e-01
    1.28051e+01     1.13367e-02     2.34581e-01
    1.32120e+01     1.04407e-02     2.22041e-01
    1.36317e+01     9.61358e-03     2.10064e-01
    1.40648e+01     8.85103e-03     1.98632e-01
    1.45117e+01     8.14866e-03     1.87729e-01
    1.49728e+01     7.50210e-03     1.77335e-01
    1.54485e+01     6.90701e-03     1.67433e-01
    1.59393e+01     6.35901e-03     1.58005e-01
    1.64457e+01     5.85378e-03     1.49033e-01
    1.69682e+01     5.38754e-03     1.40499e-01
    1.75073e+01     4.95775e-03     1.32388e-01
    1.80635e+01     4.56198e-03     1.24684e-01
    1.86374e+01     4.19782e-03     1.17371e-01
    1.92296e+01     3.86286e-03     1.10435e-01
    1.98405e+01     3.55466e-03     1.03859e-01
    2.04709e+01     3.27082e-03     9.76271e-02
    2.11213e+01     3.00904e-03     9.17250e-02
    2.17923e+01     2.76774e-03     8.61388e-02
    2.24847e+01     2.54557e-03     8.08555e-02
    2.31991e+01     2.34121e-03     7.58624e-02
    2.39361e+01     2.15333e-03     7.11464e-02
    2.46966e+01     1.98058e-03     6.66947e-02
    2.54813e+01     1.82164e-03     6.24944e-02
    2.62908e+01     1.67519e-03     5.85328e-02
    2.71261e+01     1.54020e-03     5.47983e-02
    2.79880e+01     1.41594e-03     5.12808e-02
    2.88772e+01     1.30165e-03     4.79702e-02
    2.97946e+01     1.19663e-03     4.48565e-02
    3.07413e+01     1.10012e-03     4.19295e-02
    3.17180e+01     1.01140e-03     3.91793e-02
    3.27257e+01     9.29741e-04     3.65956e-02
    3.37654e+01     8.54489e-04     3.41691e-02
    3.48382e+01     7.85213e-04     3.18921e-02
    3.59450e+01     7.21512e-04     2.97571e-02
    3.70871e+01     6.62985e-04     2.77566e-02
    3.82654e+01     6.09233e-04     2.58832e-02
    3.94811e+01     5.59856e-04     2.41294e-02
    4.07355e+01     5.14452e-04     2.24877e-02
    4.20297e+01     4.72636e-04     2.09509e-02
    4.33650e+01     4.34139e-04     1.95130e-02
    4.47428e+01     3.98742e-04     1.81690e-02
    4.61644e+01     3.66226e-04     1.69135e-02
    4.76311e+01     3.36375e-04     1.57415e-02
    4.91444e+01     3.08970e-04     1.46477e-02
    5.07057e+01     2.83793e-04     1.36269e-02
    5.23167e+01     2.60628e-04     1.26739e-02
    5.39789e+01     2.39300e-04     1.17843e-02
    5.56939e+01     2.19690e-04     1.09548e-02
    5.74634e+01     2.01679e-04     1.01817e-02
    5.92891e+01     1.85148e-04     9.46183e-03
    6.11727e+01     1.69980e-04     8.79159e-03
    6.31163e+01     1.56056e-04     8.16763e-03
    6.51216e+01     1.43258e-04     7.58650e-03
    6.71906e+01     1.31478e-04     7.04505e-03
    6.93253e+01     1.20646e-04     6.54093e-03
    7.15279e+01     1.10698e-04     6.07200e-03
    7.38004e+01     1.01570e-04     5.63607e-03
    7.61452e+01     9.31974e-05     5.23100e-03
    7.85644e+01     8.55169e-05     4.85461e-03
    8.10605e+01     7.84645e-05     4.50474e-03
    8.36359e+01     7.19780e-05     4.17927e-03
    8.62931e+01     6.60128e-05     3.87660e-03
    8.90348e+01     6.05343e-05     3.59538e-03
    9.18635e+01     5.55081e-05     3.33430e-03
    9.47821e+01     5.08998e-05     3.09203e-03
    9.77935e+01     4.66749e-05     2.86725e-03
    1.00901e+02     4.27990e-05     2.65862e-03
    1.04106e+02     3.92377e-05     2.46483e-03
    1.07414e+02     3.59629e-05     2.28476e-03
    1.10827e+02     3.29553e-05     2.11758e-03
    1.14348e+02     3.01963e-05     1.96251e-03
    1.17981e+02     2.76675e-05     1.81875e-03
    1.21729e+02     2.53504e-05     1.68551e-03
    1.25597e+02     2.32265e-05     1.56199e-03
    1.29587e+02     2.12773e-05     1.44740e-03
    1.33704e+02     1.94857e-05     1.34100e-03
    1.37952e+02     1.78403e-05     1.24226e-03
    1.42335e+02     1.63312e-05     1.15073e-03
    1.46857e+02     1.49484e-05     1.06592e-03
    1.51523e+02     1.36821e-05     9.87380e-04
    1.56337e+02     1.25224e-05     9.14634e-04
    1.61304e+02     1.14593e-05     8.47217e-04
    1.66429e+02     1.04832e-05     7.84670e-04
    1.71717e+02     9.58679e-06     7.26642e-04
    1.77172e+02     8.76485e-06     6.72858e-04
    1.82801e+02     8.01206e-06     6.23048e-04
    1.88609e+02     7.32312e-06     5.76940e-04
    1.94602e+02     6.69275e-06     5.34262e-04
    2.00784e+02     6.11566e-06     4.94742e-04
    2.07164e+02     5.58656e-06     4.58109e-04
    2.13745e+02     5.10097e-06     4.24129e-04
    2.20536e+02     4.65591e-06     3.92637e-04
    2.27543e+02     4.24854e-06     3.63477e-04
    2.34772e+02     3.87606e-06     3.36491e-04
    2.42232e+02     3.53564e-06     3.11523e-04
    2.49928e+02     3.22445e-06     2.88416e-04
    2.57868e+02     2.93968e-06     2.67014e-04
    2.66061e+02     2.67867e-06     2.47167e-04
    2.74514e+02     2.43963e-06     2.28771e-04
    2.83236e+02     2.22106e-06     2.11738e-04
    2.92234e+02     2.02148e-06     1.95978e-04
    3.01519e+02     1.83938e-06     1.81401e-04
    3.11099e+02     1.67327e-06     1.67919e-04
    3.20983e+02     1.52166e-06     1.55442e-04
    3.31181e+02     1.38308e-06     1.43881e-04
    3.41703e+02     1.25638e-06     1.33168e-04
    3.52559e+02     1.14074e-06     1.23247e-04
    3.63761e+02     1.03534e-06     1.14066e-04
    3.75318e+02     9.39354e-07     1.05572e-04
    3.87242e+02     8.51975e-07     9.77110e-05
    3.99545e+02     7.72381e-07     9.04303e-05
    4.12240e+02     6.99755e-07     8.36767e-05
    4.25337e+02     6.33405e-07     7.74054e-05
    4.38850e+02     5.72938e-07     7.15917e-05
    4.52793e+02     5.18003e-07     6.62138e-05
    4.67179e+02     4.68251e-07     6.12499e-05
    4.82022e+02     4.23332e-07     5.66782e-05
    4.97337e+02     3.82896e-07     5.24769e-05
    5.13138e+02     3.46594e-07     4.86242e-05
    5.29441e+02     3.14062e-07     4.50962e-05
    5.46262e+02     2.84836e-07     4.18552e-05
    5.63617e+02     2.58413e-07     3.88574e-05
    5.81524e+02     2.34287e-07     3.60589e-05
    6.00000e+02     2.11952e-07     3.34159e-05
