# Matter power spectra at z=2.100000.
# D(z)=0.408524, f(z)=0.959105.
#      k[h/Mpc]         Plin(k)         HaloFit
    1.00000e-04     7.43878e+01     7.43878e+01
    1.04729e-04     7.77961e+01     7.77961e+01
    1.09682e-04     8.13601e+01     8.13602e+01
    1.14868e-04     8.50872e+01     8.50874e+01
    1.20301e-04     8.89853e+01     8.89855e+01
    1.25990e-04     9.30618e+01     9.30620e+01
    1.31948e-04     9.73245e+01     9.73244e+01
    1.38187e-04     1.01782e+02     1.01781e+02
    1.44722e-04     1.06443e+02     1.06442e+02
    1.51566e-04     1.11318e+02     1.11316e+02
    1.58734e-04     1.16415e+02     1.16413e+02
    1.66240e-04     1.21745e+02     1.21743e+02
    1.74102e-04     1.27318e+02     1.27316e+02
    1.82335e-04     1.33146e+02     1.33143e+02
    1.90957e-04     1.39240e+02     1.39237e+02
    1.99988e-04     1.45612e+02     1.45609e+02
    2.09445e-04     1.52274e+02     1.52270e+02
    2.19350e-04     1.59239e+02     1.59235e+02
    2.29723e-04     1.66522e+02     1.66518e+02
    2.40586e-04     1.74136e+02     1.74132e+02
    2.51964e-04     1.82098e+02     1.82093e+02
    2.63879e-04     1.90420e+02     1.90415e+02
    2.76358e-04     1.99120e+02     1.99114e+02
    2.89427e-04     2.08214e+02     2.08208e+02
    3.03114e-04     2.17722e+02     2.17715e+02
    3.17448e-04     2.27661e+02     2.27653e+02
    3.32460e-04     2.38048e+02     2.38039e+02
    3.48182e-04     2.48903e+02     2.48894e+02
    3.64647e-04     2.60249e+02     2.60238e+02
    3.81891e-04     2.72106e+02     2.72095e+02
    3.99951e-04     2.84497e+02     2.84485e+02
    4.18865e-04     2.97443e+02     2.97430e+02
    4.38673e-04     3.10969e+02     3.10954e+02
    4.59417e-04     3.25099e+02     3.25083e+02
    4.81143e-04     3.39861e+02     3.39844e+02
    5.03896e-04     3.55280e+02     3.55261e+02
    5.27725e-04     3.71383e+02     3.71362e+02
    5.52681e-04     3.88197e+02     3.88174e+02
    5.78818e-04     4.05754e+02     4.05729e+02
    6.06190e-04     4.24084e+02     4.24056e+02
    6.34857e-04     4.43218e+02     4.43187e+02
    6.64879e-04     4.63186e+02     4.63152e+02
    6.96321e-04     4.84021e+02     4.83985e+02
    7.29250e-04     5.05759e+02     5.05719e+02
    7.63736e-04     5.28435e+02     5.28391e+02
    7.99853e-04     5.52083e+02     5.52035e+02
    8.37678e-04     5.76739e+02     5.76687e+02
    8.77291e-04     6.02441e+02     6.02384e+02
    9.18778e-04     6.29226e+02     6.29164e+02
    9.62227e-04     6.57136e+02     6.57067e+02
    1.00773e-03     6.86207e+02     6.86133e+02
    1.05539e-03     7.16481e+02     7.16399e+02
    1.10530e-03     7.47997e+02     7.47907e+02
    1.15756e-03     7.80795e+02     7.80698e+02
    1.21231e-03     8.14918e+02     8.14812e+02
    1.26964e-03     8.50407e+02     8.50290e+02
    1.32968e-03     8.87302e+02     8.87175e+02
    1.39256e-03     9.25645e+02     9.25506e+02
    1.45841e-03     9.65476e+02     9.65324e+02
    1.52738e-03     1.00684e+03     1.00667e+03
    1.59961e-03     1.04977e+03     1.04959e+03
    1.67525e-03     1.09431e+03     1.09411e+03
    1.75447e-03     1.14050e+03     1.14028e+03
    1.83744e-03     1.18837e+03     1.18814e+03
    1.92434e-03     1.23795e+03     1.23770e+03
    2.01534e-03     1.28928e+03     1.28901e+03
    2.11064e-03     1.34239e+03     1.34209e+03
    2.21045e-03     1.39730e+03     1.39697e+03
    2.31499e-03     1.45403e+03     1.45367e+03
    2.42446e-03     1.51260e+03     1.51221e+03
    2.53911e-03     1.57302e+03     1.57259e+03
    2.65919e-03     1.63531e+03     1.63484e+03
    2.78494e-03     1.69946e+03     1.69895e+03
    2.91664e-03     1.76547e+03     1.76492e+03
    3.05457e-03     1.83332e+03     1.83272e+03
    3.19902e-03     1.90300e+03     1.90235e+03
    3.35030e-03     1.97450e+03     1.97380e+03
    3.50873e-03     2.04778e+03     2.04701e+03
    3.67466e-03     2.12277e+03     2.12194e+03
    3.84844e-03     2.19942e+03     2.19852e+03
    4.03043e-03     2.27767e+03     2.27670e+03
    4.22103e-03     2.35746e+03     2.35640e+03
    4.42064e-03     2.43869e+03     2.43755e+03
    4.62969e-03     2.52123e+03     2.52000e+03
    4.84863e-03     2.60496e+03     2.60363e+03
    5.07792e-03     2.68975e+03     2.68831e+03
    5.31805e-03     2.77548e+03     2.77392e+03
    5.56954e-03     2.86195e+03     2.86028e+03
    5.83292e-03     2.94897e+03     2.94717e+03
    6.10876e-03     3.03632e+03     3.03438e+03
    6.39764e-03     3.12379e+03     3.12170e+03
    6.70019e-03     3.21115e+03     3.20891e+03
    7.01704e-03     3.29813e+03     3.29572e+03
    7.34887e-03     3.38439e+03     3.38180e+03
    7.69640e-03     3.46960e+03     3.46683e+03
    8.06036e-03     3.55342e+03     3.55046e+03
    8.44153e-03     3.63553e+03     3.63237e+03
    8.84073e-03     3.71551e+03     3.71213e+03
    9.25881e-03     3.79291e+03     3.78931e+03
    9.69666e-03     3.86729e+03     3.86345e+03
    1.01552e-02     3.93818e+03     3.93411e+03
    1.06354e-02     4.00514e+03     4.00082e+03
    1.11384e-02     4.06764e+03     4.06306e+03
    1.16651e-02     4.12510e+03     4.12025e+03
    1.22168e-02     4.17694e+03     4.17183e+03
    1.27945e-02     4.22261e+03     4.21722e+03
    1.33996e-02     4.26153e+03     4.25586e+03
    1.40332e-02     4.29311e+03     4.28716e+03
    1.46968e-02     4.31677e+03     4.31055e+03
    1.53919e-02     4.33192e+03     4.32542e+03
    1.61197e-02     4.33797e+03     4.33121e+03
    1.68820e-02     4.33436e+03     4.32734e+03
    1.76804e-02     4.32066e+03     4.31340e+03
    1.85165e-02     4.29656e+03     4.28907e+03
    1.93921e-02     4.26173e+03     4.25403e+03
    2.03092e-02     4.21582e+03     4.20795e+03
    2.12696e-02     4.15858e+03     4.15056e+03
    2.22754e-02     4.09019e+03     4.08206e+03
    2.33288e-02     4.01108e+03     4.00289e+03
    2.44320e-02     3.92168e+03     3.91346e+03
    2.55874e-02     3.82241e+03     3.81422e+03
    2.67975e-02     3.71379e+03     3.70568e+03
    2.80647e-02     3.59705e+03     3.58908e+03
    2.93919e-02     3.47377e+03     3.46600e+03
    3.07818e-02     3.34552e+03     3.33800e+03
    3.22375e-02     3.21386e+03     3.20665e+03
    3.37620e-02     3.08042e+03     3.07357e+03
    3.53586e-02     2.94702e+03     2.94059e+03
    3.70307e-02     2.81563e+03     2.80966e+03
    3.87819e-02     2.68819e+03     2.68271e+03
    4.06159e-02     2.56665e+03     2.56170e+03
    4.25366e-02     2.45269e+03     2.44827e+03
    4.45481e-02     2.34717e+03     2.34328e+03
    4.66548e-02     2.25081e+03     2.24745e+03
    4.88611e-02     2.16419e+03     2.16135e+03
    5.11717e-02     2.08681e+03     2.08445e+03
    5.35916e-02     2.01763e+03     2.01574e+03
    5.61260e-02     1.95489e+03     1.95343e+03
    5.87802e-02     1.89616e+03     1.89512e+03
    6.15599e-02     1.83842e+03     1.83782e+03
    6.44710e-02     1.77837e+03     1.77823e+03
    6.75198e-02     1.71271e+03     1.71311e+03
    7.07128e-02     1.63872e+03     1.63977e+03
    7.40568e-02     1.55479e+03     1.55663e+03
    7.75590e-02     1.46097e+03     1.46373e+03
    8.12267e-02     1.35920e+03     1.36305e+03
    8.50679e-02     1.25334e+03     1.25839e+03
    8.90908e-02     1.14863e+03     1.15493e+03
    9.33039e-02     1.05077e+03     1.05830e+03
    9.77162e-02     9.64810e+02     9.73466e+02
    1.02337e-01     8.94048e+02     9.03657e+02
    1.07177e-01     8.39228e+02     8.49575e+02
    1.12245e-01     7.98152e+02     8.09025e+02
    1.17553e-01     7.65817e+02     7.77063e+02
    1.23112e-01     7.35297e+02     7.46866e+02
    1.28934e-01     6.99600e+02     7.11576e+02
    1.35031e-01     6.54278e+02     6.66848e+02
    1.41417e-01     5.99611e+02     6.12987e+02
    1.48105e-01     5.40851e+02     5.55159e+02
    1.55108e-01     4.85894e+02     5.01096e+02
    1.62444e-01     4.41488e+02     4.57382e+02
    1.70125e-01     4.09934e+02     4.26235e+02
    1.78171e-01     3.88021e+02     4.04493e+02
    1.86596e-01     3.68787e+02     3.85352e+02
    1.95420e-01     3.44956e+02     3.61734e+02
    2.04662e-01     3.14409e+02     3.31602e+02
    2.14340e-01     2.81927e+02     2.99619e+02
    2.24476e-01     2.54131e+02     2.72210e+02
    2.35092e-01     2.34125e+02     2.52364e+02
    2.46209e-01     2.19362e+02     2.37598e+02
    2.57852e-01     2.04117e+02     2.22370e+02
    2.70046e-01     1.85733e+02     2.04126e+02
    2.82817e-01     1.66976e+02     1.85542e+02
    2.96191e-01     1.51963e+02     1.70579e+02
    3.10198e-01     1.40466e+02     1.59006e+02
    3.24867e-01     1.29238e+02     1.47701e+02
    3.40230e-01     1.17044e+02     1.35485e+02
    3.56319e-01     1.05920e+02     1.24307e+02
    3.73170e-01     9.69236e+01     1.15174e+02
    3.90817e-01     8.85764e+01     1.06671e+02
    4.09298e-01     8.02287e+01     9.81809e+01
    4.28654e-01     7.27854e+01     9.05632e+01
    4.48925e-01     6.62916e+01     8.38576e+01
    4.70155e-01     6.01258e+01     7.74748e+01
    4.92388e-01     5.44448e+01     7.15626e+01
    5.15673e-01     4.94132e+01     6.62742e+01
    5.40059e-01     4.47358e+01     6.13311e+01
    5.65599e-01     4.04819e+01     5.67974e+01
    5.92346e-01     3.66365e+01     5.26581e+01
    6.20358e-01     3.31124e+01     4.88308e+01
    6.49694e-01     2.99255e+01     4.53295e+01
    6.80418e-01     2.70221e+01     4.21035e+01
    7.12595e-01     2.43882e+01     3.91390e+01
    7.46294e-01     2.20025e+01     3.64157e+01
    7.81586e-01     1.98383e+01     3.39082e+01
    8.18547e-01     1.78771e+01     3.15990e+01
    8.57256e-01     1.61019e+01     2.94720e+01
    8.97795e-01     1.44962e+01     2.75114e+01
    9.40252e-01     1.30441e+01     2.57023e+01
    9.84716e-01     1.17321e+01     2.40318e+01
    1.03128e+00     1.05475e+01     2.24882e+01
    1.08005e+00     9.47790e+00     2.10598e+01
    1.13113e+00     8.51251e+00     1.97364e+01
    1.18462e+00     7.64250e+00     1.85098e+01
    1.24064e+00     6.85912e+00     1.73718e+01
    1.29931e+00     6.15359e+00     1.63143e+01
    1.36075e+00     5.51769e+00     1.53297e+01
    1.42510e+00     4.94535e+00     1.44122e+01
    1.49250e+00     4.43100e+00     1.35567e+01
    1.56308e+00     3.96908e+00     1.27581e+01
    1.63699e+00     3.55404e+00     1.20113e+01
    1.71441e+00     3.18075e+00     1.13115e+01
    1.79548e+00     2.84551e+00     1.06553e+01
    1.88039e+00     2.54492e+00     1.00395e+01
    1.96931e+00     2.27557e+00     9.46101e+00
    2.06244e+00     2.03407e+00     8.91672e+00
    2.15997e+00     1.81730e+00     8.40371e+00
    2.26212e+00     1.62303e+00     7.91992e+00
    2.36909e+00     1.44920e+00     7.46345e+00
    2.48113e+00     1.29376e+00     7.03237e+00
    2.59846e+00     1.15465e+00     6.62479e+00
    2.72134e+00     1.03000e+00     6.23896e+00
    2.85003e+00     9.18492e-01     5.87362e+00
    2.98481e+00     8.18897e-01     5.52762e+00
    3.12596e+00     7.29999e-01     5.19978e+00
    3.27379e+00     6.50576e-01     4.88895e+00
    3.42860e+00     5.79524e-01     4.59407e+00
    3.59074e+00     5.16067e-01     4.31436e+00
    3.76055e+00     4.59488e-01     4.04909e+00
    3.93838e+00     4.09069e-01     3.79752e+00
    4.12463e+00     3.64093e-01     3.55894e+00
    4.31968e+00     3.23915e-01     3.33268e+00
    4.52396e+00     2.88085e-01     3.11821e+00
    4.73789e+00     2.56187e-01     2.91504e+00
    4.96195e+00     2.27803e-01     2.72269e+00
    5.19660e+00     2.02518e-01     2.54066e+00
    5.44234e+00     1.79959e-01     2.36849e+00
    5.69971e+00     1.59868e-01     2.20579e+00
    5.96925e+00     1.42006e-01     2.05219e+00
    6.25153e+00     1.26134e-01     1.90732e+00
    6.54717e+00     1.12012e-01     1.77080e+00
    6.85678e+00     9.94280e-02     1.64226e+00
    7.18104e+00     8.82349e-02     1.52139e+00
    7.52063e+00     7.82963e-02     1.40786e+00
    7.87628e+00     6.94756e-02     1.30134e+00
    8.24875e+00     6.16363e-02     1.20153e+00
    8.63883e+00     5.46579e-02     1.10811e+00
    9.04736e+00     4.84577e-02     1.02079e+00
    9.47521e+00     4.29588e-02     9.39279e-01
    9.92329e+00     3.80837e-02     8.63298e-01
    1.03926e+01     3.37555e-02     7.92560e-01
    1.08840e+01     2.99064e-02     7.26788e-01
    1.13987e+01     2.64903e-02     6.65729e-01
    1.19378e+01     2.34637e-02     6.09130e-01
    1.25023e+01     2.07833e-02     5.56742e-01
    1.30935e+01     1.84058e-02     5.08312e-01
    1.37127e+01     1.62933e-02     4.63600e-01
    1.43612e+01     1.44202e-02     4.22390e-01
    1.50403e+01     1.27624e-02     3.84467e-01
    1.57516e+01     1.12955e-02     3.49617e-01
    1.64965e+01     9.99539e-03     3.17626e-01
    1.72766e+01     8.84125e-03     2.88293e-01
    1.80936e+01     7.81881e-03     2.61442e-01
    1.89492e+01     6.91463e-03     2.36901e-01
    1.98454e+01     6.11531e-03     2.14498e-01
    2.07838e+01     5.40745e-03     1.94062e-01
    2.17667e+01     4.77952e-03     1.75433e-01
    2.27960e+01     4.22369e-03     1.58482e-01
    2.38741e+01     3.73258e-03     1.43079e-01
    2.50031e+01     3.29876e-03     1.29097e-01
    2.61855e+01     2.91485e-03     1.16408e-01
    2.74238e+01     2.57454e-03     1.04896e-01
    2.87206e+01     2.27355e-03     9.44710e-02
    3.00788e+01     2.00780e-03     8.50426e-02
    3.15012e+01     1.77324e-03     7.65225e-02
    3.29909e+01     1.56581e-03     6.88217e-02
    3.45511e+01     1.38205e-03     6.18616e-02
    3.61850e+01     1.21965e-03     5.55817e-02
    3.78962e+01     1.07637e-03     4.99234e-02
    3.96883e+01     9.49988e-04     4.48280e-02
    4.15651e+01     8.38289e-04     4.02370e-02
    4.35307e+01     7.39404e-04     3.60994e-02
    4.55893e+01     6.52065e-04     3.23767e-02
    4.77452e+01     5.75064e-04     2.90320e-02
    5.00031e+01     5.07190e-04     2.60281e-02
    5.23677e+01     4.47237e-04     2.33280e-02
    5.48442e+01     3.94197e-04     2.08996e-02
    5.74377e+01     3.47383e-04     1.87196e-02
    6.01540e+01     3.06138e-04     1.67649e-02
    6.29986e+01     2.69804e-04     1.50128e-02
    6.59778e+01     2.37728e-04     1.34406e-02
    6.90979e+01     2.09366e-04     1.20287e-02
    7.23655e+01     1.84349e-04     1.07633e-02
    7.57877e+01     1.62325e-04     9.63051e-03
    7.93717e+01     1.42940e-04     8.61688e-03
    8.31251e+01     1.25842e-04     7.70878e-03
    8.70561e+01     1.10739e-04     6.89459e-03
    9.11730e+01     9.74268e-05     6.16563e-03
    9.54846e+01     8.57081e-05     5.51344e-03
    1.00000e+02     7.53863e-05     4.92957e-03
