# Matter power spectra at z=4.300000.
# D(z)=0.241693, f(z)=0.990512.
#      k[h/Mpc]         Plin(k)         HaloFit
    1.00000e-04     2.59488e+01     2.59488e+01
    1.04729e-04     2.71377e+01     2.71377e+01
    1.09682e-04     2.83810e+01     2.83810e+01
    1.14868e-04     2.96813e+01     2.96813e+01
    1.20301e-04     3.10412e+01     3.10412e+01
    1.25990e-04     3.24634e+01     3.24634e+01
    1.31948e-04     3.39505e+01     3.39505e+01
    1.38187e-04     3.55055e+01     3.55055e+01
    1.44722e-04     3.71317e+01     3.71316e+01
    1.51566e-04     3.88324e+01     3.88323e+01
    1.58734e-04     4.06109e+01     4.06107e+01
    1.66240e-04     4.24705e+01     4.24704e+01
    1.74102e-04     4.44150e+01     4.44148e+01
    1.82335e-04     4.64483e+01     4.64481e+01
    1.90957e-04     4.85747e+01     4.85744e+01
    1.99988e-04     5.07981e+01     5.07979e+01
    2.09445e-04     5.31229e+01     5.31226e+01
    2.19350e-04     5.55534e+01     5.55531e+01
    2.29723e-04     5.80948e+01     5.80945e+01
    2.40586e-04     6.07522e+01     6.07519e+01
    2.51964e-04     6.35307e+01     6.35303e+01
    2.63879e-04     6.64354e+01     6.64349e+01
    2.76358e-04     6.94718e+01     6.94713e+01
    2.89427e-04     7.26464e+01     7.26458e+01
    3.03114e-04     7.59652e+01     7.59647e+01
    3.17448e-04     7.94347e+01     7.94341e+01
    3.32460e-04     8.30611e+01     8.30604e+01
    3.48182e-04     8.68512e+01     8.68505e+01
    3.64647e-04     9.08128e+01     9.08120e+01
    3.81891e-04     9.49535e+01     9.49526e+01
    3.99951e-04     9.92809e+01     9.92799e+01
    4.18865e-04     1.03803e+02     1.03802e+02
    4.38673e-04     1.08527e+02     1.08526e+02
    4.59417e-04     1.13464e+02     1.13463e+02
    4.81143e-04     1.18622e+02     1.18620e+02
    5.03896e-04     1.24010e+02     1.24008e+02
    5.27725e-04     1.29637e+02     1.29636e+02
    5.52681e-04     1.35515e+02     1.35513e+02
    5.78818e-04     1.41652e+02     1.41650e+02
    6.06190e-04     1.48061e+02     1.48059e+02
    6.34857e-04     1.54753e+02     1.54750e+02
    6.64879e-04     1.61737e+02     1.61734e+02
    6.96321e-04     1.69025e+02     1.69022e+02
    7.29250e-04     1.76631e+02     1.76628e+02
    7.63736e-04     1.84566e+02     1.84563e+02
    7.99853e-04     1.92843e+02     1.92839e+02
    8.37678e-04     2.01475e+02     2.01470e+02
    8.77291e-04     2.10473e+02     2.10469e+02
    9.18778e-04     2.19853e+02     2.19848e+02
    9.62227e-04     2.29627e+02     2.29622e+02
    1.00773e-03     2.39810e+02     2.39804e+02
    1.05539e-03     2.50415e+02     2.50409e+02
    1.10530e-03     2.61456e+02     2.61449e+02
    1.15756e-03     2.72948e+02     2.72940e+02
    1.21231e-03     2.84904e+02     2.84895e+02
    1.26964e-03     2.97338e+02     2.97329e+02
    1.32968e-03     3.10265e+02     3.10255e+02
    1.39256e-03     3.23699e+02     3.23688e+02
    1.45841e-03     3.37654e+02     3.37642e+02
    1.52738e-03     3.52145e+02     3.52131e+02
    1.59961e-03     3.67184e+02     3.67169e+02
    1.67525e-03     3.82786e+02     3.82770e+02
    1.75447e-03     3.98964e+02     3.98946e+02
    1.83744e-03     4.15729e+02     4.15710e+02
    1.92434e-03     4.33094e+02     4.33073e+02
    2.01534e-03     4.51069e+02     4.51046e+02
    2.11064e-03     4.69667e+02     4.69642e+02
    2.21045e-03     4.88896e+02     4.88869e+02
    2.31499e-03     5.08761e+02     5.08731e+02
    2.42446e-03     5.29269e+02     5.29237e+02
    2.53911e-03     5.50425e+02     5.50390e+02
    2.65919e-03     5.72235e+02     5.72197e+02
    2.78494e-03     5.94699e+02     5.94657e+02
    2.91664e-03     6.17811e+02     6.17766e+02
    3.05457e-03     6.41569e+02     6.41520e+02
    3.19902e-03     6.65967e+02     6.65914e+02
    3.35030e-03     6.91000e+02     6.90942e+02
    3.50873e-03     7.16655e+02     7.16592e+02
    3.67466e-03     7.42910e+02     7.42842e+02
    3.84844e-03     7.69746e+02     7.69672e+02
    4.03043e-03     7.97141e+02     7.97061e+02
    4.22103e-03     8.25075e+02     8.24988e+02
    4.42064e-03     8.53511e+02     8.53418e+02
    4.62969e-03     8.82408e+02     8.82307e+02
    4.84863e-03     9.11721e+02     9.11612e+02
    5.07792e-03     9.41406e+02     9.41288e+02
    5.31805e-03     9.71418e+02     9.71291e+02
    5.56954e-03     1.00169e+03     1.00156e+03
    5.83292e-03     1.03216e+03     1.03201e+03
    6.10876e-03     1.06274e+03     1.06258e+03
    6.39764e-03     1.09335e+03     1.09318e+03
    6.70019e-03     1.12393e+03     1.12375e+03
    7.01704e-03     1.15437e+03     1.15418e+03
    7.34887e-03     1.18456e+03     1.18435e+03
    7.69640e-03     1.21438e+03     1.21416e+03
    8.06036e-03     1.24372e+03     1.24349e+03
    8.44153e-03     1.27247e+03     1.27222e+03
    8.84073e-03     1.30047e+03     1.30021e+03
    9.25881e-03     1.32758e+03     1.32730e+03
    9.69666e-03     1.35362e+03     1.35333e+03
    1.01552e-02     1.37845e+03     1.37814e+03
    1.06354e-02     1.40189e+03     1.40157e+03
    1.11384e-02     1.42377e+03     1.42344e+03
    1.16651e-02     1.44388e+03     1.44354e+03
    1.22168e-02     1.46203e+03     1.46167e+03
    1.27945e-02     1.47801e+03     1.47765e+03
    1.33996e-02     1.49164e+03     1.49126e+03
    1.40332e-02     1.50269e+03     1.50231e+03
    1.46968e-02     1.51097e+03     1.51059e+03
    1.53919e-02     1.51628e+03     1.51589e+03
    1.61197e-02     1.51840e+03     1.51802e+03
    1.68820e-02     1.51714e+03     1.51676e+03
    1.76804e-02     1.51235e+03     1.51198e+03
    1.85165e-02     1.50391e+03     1.50355e+03
    1.93921e-02     1.49172e+03     1.49138e+03
    2.03092e-02     1.47565e+03     1.47533e+03
    2.12696e-02     1.45561e+03     1.45532e+03
    2.22754e-02     1.43168e+03     1.43142e+03
    2.33288e-02     1.40399e+03     1.40376e+03
    2.44320e-02     1.37269e+03     1.37251e+03
    2.55874e-02     1.33795e+03     1.33781e+03
    2.67975e-02     1.29993e+03     1.29984e+03
    2.80647e-02     1.25907e+03     1.25903e+03
    2.93919e-02     1.21592e+03     1.21593e+03
    3.07818e-02     1.17102e+03     1.17110e+03
    3.22375e-02     1.12494e+03     1.12507e+03
    3.37620e-02     1.07823e+03     1.07842e+03
    3.53586e-02     1.03154e+03     1.03179e+03
    3.70307e-02     9.85547e+02     9.85859e+02
    3.87819e-02     9.40940e+02     9.41317e+02
    4.06159e-02     8.98400e+02     8.98846e+02
    4.25366e-02     8.58510e+02     8.59029e+02
    4.45481e-02     8.21574e+02     8.22173e+02
    4.66548e-02     7.87845e+02     7.88533e+02
    4.88611e-02     7.57527e+02     7.58314e+02
    5.11717e-02     7.30443e+02     7.31343e+02
    5.35916e-02     7.06229e+02     7.07257e+02
    5.61260e-02     6.84265e+02     6.85435e+02
    5.87802e-02     6.63708e+02     6.65036e+02
    6.15599e-02     6.43498e+02     6.44996e+02
    6.44710e-02     6.22477e+02     6.24150e+02
    6.75198e-02     5.99495e+02     6.01339e+02
    7.07128e-02     5.73596e+02     5.75596e+02
    7.40568e-02     5.44221e+02     5.46347e+02
    7.75590e-02     5.11379e+02     5.13592e+02
    8.12267e-02     4.75758e+02     4.78016e+02
    8.50679e-02     4.38705e+02     4.40970e+02
    8.90908e-02     4.02054e+02     4.04301e+02
    9.33039e-02     3.67800e+02     3.70025e+02
    9.77162e-02     3.37711e+02     3.39931e+02
    1.02337e-01     3.12943e+02     3.15196e+02
    1.07177e-01     2.93754e+02     2.96089e+02
    1.12245e-01     2.79376e+02     2.81846e+02
    1.17553e-01     2.68057e+02     2.70705e+02
    1.23112e-01     2.57375e+02     2.60211e+02
    1.28934e-01     2.44880e+02     2.47868e+02
    1.35031e-01     2.29015e+02     2.32073e+02
    1.41417e-01     2.09881e+02     2.12907e+02
    1.48105e-01     1.89313e+02     1.92239e+02
    1.55108e-01     1.70077e+02     1.72893e+02
    1.62444e-01     1.54533e+02     1.57293e+02
    1.70125e-01     1.43488e+02     1.46277e+02
    1.78171e-01     1.35819e+02     1.38709e+02
    1.86596e-01     1.29086e+02     1.32095e+02
    1.95420e-01     1.20744e+02     1.23804e+02
    2.04662e-01     1.10052e+02     1.13054e+02
    2.14340e-01     9.86827e+01     1.01566e+02
    2.24476e-01     8.89530e+01     9.17455e+01
    2.35092e-01     8.19501e+01     8.47277e+01
    2.46209e-01     7.67833e+01     7.96001e+01
    2.57852e-01     7.14465e+01     7.42763e+01
    2.70046e-01     6.50118e+01     6.77785e+01
    2.82817e-01     5.84462e+01     6.11146e+01
    2.96191e-01     5.31914e+01     5.58009e+01
    3.10198e-01     4.91669e+01     5.17606e+01
    3.24867e-01     4.52369e+01     4.77999e+01
    3.40230e-01     4.09689e+01     4.34593e+01
    3.56319e-01     3.70751e+01     3.94929e+01
    3.73170e-01     3.39261e+01     3.62986e+01
    3.90817e-01     3.10043e+01     3.33280e+01
    4.09298e-01     2.80823e+01     3.03386e+01
    4.28654e-01     2.54770e+01     2.76706e+01
    4.48925e-01     2.32039e+01     2.53434e+01
    4.70155e-01     2.10457e+01     2.31241e+01
    4.92388e-01     1.90573e+01     2.10733e+01
    5.15673e-01     1.72960e+01     1.92546e+01
    5.40059e-01     1.56588e+01     1.75574e+01
    5.65599e-01     1.41698e+01     1.60093e+01
    5.92346e-01     1.28238e+01     1.46057e+01
    6.20358e-01     1.15903e+01     1.33145e+01
    6.49694e-01     1.04748e+01     1.21428e+01
    6.80418e-01     9.45850e+00     1.10710e+01
    7.12595e-01     8.53653e+00     1.00946e+01
    7.46294e-01     7.70147e+00     9.20633e+00
    7.81586e-01     6.94394e+00     8.39668e+00
    8.18547e-01     6.25747e+00     7.65925e+00
    8.57256e-01     5.63610e+00     6.98817e+00
    8.97795e-01     5.07408e+00     6.37769e+00
    9.40252e-01     4.56582e+00     5.82222e+00
    9.84716e-01     4.10657e+00     5.31704e+00
    1.03128e+00     3.69193e+00     4.85775e+00
    1.08005e+00     3.31754e+00     4.43997e+00
    1.13113e+00     2.97962e+00     4.05994e+00
    1.18462e+00     2.67510e+00     3.71455e+00
    1.24064e+00     2.40090e+00     3.40071e+00
    1.29931e+00     2.15394e+00     3.11535e+00
    1.36075e+00     1.93136e+00     2.85557e+00
    1.42510e+00     1.73102e+00     2.61922e+00
    1.49250e+00     1.55098e+00     2.40433e+00
    1.56308e+00     1.38929e+00     2.20893e+00
    1.63699e+00     1.24402e+00     2.03105e+00
    1.71441e+00     1.11335e+00     1.86887e+00
    1.79548e+00     9.96010e-01     1.72107e+00
    1.88039e+00     8.90796e-01     1.58643e+00
    1.96931e+00     7.96519e-01     1.46374e+00
    2.06244e+00     7.11988e-01     1.35177e+00
    2.15997e+00     6.36112e-01     1.24941e+00
    2.26212e+00     5.68110e-01     1.15585e+00
    2.36909e+00     5.07264e-01     1.07034e+00
    2.48113e+00     4.52854e-01     9.92140e-01
    2.59846e+00     4.04161e-01     9.20500e-01
    2.72134e+00     3.60530e-01     8.54741e-01
    2.85003e+00     3.21498e-01     7.94374e-01
    2.98481e+00     2.86638e-01     7.38947e-01
    3.12596e+00     2.55521e-01     6.88008e-01
    3.27379e+00     2.27721e-01     6.41106e-01
    3.42860e+00     2.02851e-01     5.97830e-01
    3.59074e+00     1.80639e-01     5.57886e-01
    3.76055e+00     1.60835e-01     5.21002e-01
    3.93838e+00     1.43187e-01     4.86905e-01
    4.12463e+00     1.27444e-01     4.55323e-01
    4.31968e+00     1.13380e-01     4.26009e-01
    4.52396e+00     1.00839e-01     3.98788e-01
    4.73789e+00     8.96737e-02     3.73494e-01
    4.96195e+00     7.97388e-02     3.49963e-01
    5.19660e+00     7.08884e-02     3.28032e-01
    5.44234e+00     6.29921e-02     3.07553e-01
    5.69971e+00     5.59597e-02     2.88419e-01
    5.96925e+00     4.97075e-02     2.70532e-01
    6.25153e+00     4.41516e-02     2.53793e-01
    6.54717e+00     3.92084e-02     2.38103e-01
    6.85678e+00     3.48035e-02     2.23373e-01
    7.18104e+00     3.08855e-02     2.09539e-01
    7.52063e+00     2.74066e-02     1.96542e-01
    7.87628e+00     2.43191e-02     1.84320e-01
    8.24875e+00     2.15751e-02     1.72815e-01
    8.63883e+00     1.91324e-02     1.61972e-01
    9.04736e+00     1.69622e-02     1.51752e-01
    9.47521e+00     1.50373e-02     1.42118e-01
    9.92329e+00     1.33309e-02     1.33033e-01
    1.03926e+01     1.18159e-02     1.24461e-01
    1.08840e+01     1.04686e-02     1.16368e-01
    1.13987e+01     9.27288e-03     1.08729e-01
    1.19378e+01     8.21349e-03     1.01522e-01
    1.25023e+01     7.27526e-03     9.47230e-02
    1.30935e+01     6.44303e-03     8.83081e-02
    1.37127e+01     5.70359e-03     8.22563e-02
    1.43612e+01     5.04793e-03     7.65510e-02
    1.50403e+01     4.46760e-03     7.11764e-02
    1.57516e+01     3.95412e-03     6.61164e-02
    1.64965e+01     3.49904e-03     6.13551e-02
    1.72766e+01     3.09504e-03     5.68777e-02
    1.80936e+01     2.73715e-03     5.26718e-02
    1.89492e+01     2.42065e-03     4.87253e-02
    1.98454e+01     2.14086e-03     4.50261e-02
    2.07838e+01     1.89308e-03     4.15620e-02
    2.17667e+01     1.67328e-03     3.83215e-02
    2.27960e+01     1.47871e-03     3.52943e-02
    2.38741e+01     1.30680e-03     3.24702e-02
    2.50031e+01     1.15494e-03     2.98390e-02
    2.61855e+01     1.02055e-03     2.73905e-02
    2.74238e+01     9.01429e-04     2.51148e-02
    2.87206e+01     7.96066e-04     2.30031e-02
    3.00788e+01     7.03042e-04     2.10463e-02
    3.15012e+01     6.20932e-04     1.92357e-02
    3.29909e+01     5.48316e-04     1.75622e-02
    3.45511e+01     4.83989e-04     1.60175e-02
    3.61850e+01     4.27135e-04     1.45938e-02
    3.78962e+01     3.76974e-04     1.32838e-02
    3.96883e+01     3.32729e-04     1.20798e-02
    4.15651e+01     2.93623e-04     1.09744e-02
    4.35307e+01     2.59004e-04     9.96056e-03
    4.55893e+01     2.28427e-04     9.03224e-03
    4.77452e+01     2.01468e-04     8.18352e-03
    5.00031e+01     1.77705e-04     7.40845e-03
    5.23677e+01     1.56714e-04     6.70111e-03
    5.48442e+01     1.38143e-04     6.05610e-03
    5.74377e+01     1.21751e-04     5.46895e-03
    6.01540e+01     1.07309e-04     4.93525e-03
    6.29986e+01     9.45860e-05     4.45063e-03
    6.59778e+01     8.33533e-05     4.01067e-03
    6.90979e+01     7.34207e-05     3.61149e-03
    7.23655e+01     6.46594e-05     3.24999e-03
    7.57877e+01     5.69458e-05     2.92312e-03
    7.93717e+01     5.01561e-05     2.62783e-03
    8.31251e+01     4.41672e-05     2.36110e-03
    8.70561e+01     3.88765e-05     2.12021e-03
    9.11730e+01     3.42127e-05     1.90298e-03
    9.54846e+01     3.01069e-05     1.70726e-03
    1.00000e+02     2.64901e-05     1.53090e-03
