# Matter power spectra at z=0.000000.
# D(z)=1.000000, f(z)=0.512776.
#      k[h/Mpc]         Plin(k)         HaloFit
    1.00000e-04     4.46993e+02     4.46992e+02
    1.04729e-04     4.67471e+02     4.67472e+02
    1.09682e-04     4.88884e+02     4.88889e+02
    1.14868e-04     5.11278e+02     5.11285e+02
    1.20301e-04     5.34697e+02     5.34705e+02
    1.25990e-04     5.59189e+02     5.59193e+02
    1.31948e-04     5.84798e+02     5.84794e+02
    1.38187e-04     6.11576e+02     6.11558e+02
    1.44722e-04     6.39578e+02     6.39542e+02
    1.51566e-04     6.68861e+02     6.68808e+02
    1.58734e-04     6.99483e+02     6.99412e+02
    1.66240e-04     7.31500e+02     7.31415e+02
    1.74102e-04     7.64976e+02     7.64879e+02
    1.82335e-04     7.99979e+02     7.99874e+02
    1.90957e-04     8.36581e+02     8.36469e+02
    1.99988e-04     8.74853e+02     8.74732e+02
    2.09445e-04     9.14864e+02     9.14733e+02
    2.19350e-04     9.56692e+02     9.56551e+02
    2.29723e-04     1.00043e+03     1.00027e+03
    2.40586e-04     1.04615e+03     1.04598e+03
    2.51964e-04     1.09395e+03     1.09376e+03
    2.63879e-04     1.14392e+03     1.14371e+03
    2.76358e-04     1.19615e+03     1.19592e+03
    2.89427e-04     1.25074e+03     1.25049e+03
    3.03114e-04     1.30781e+03     1.30754e+03
    3.17448e-04     1.36746e+03     1.36716e+03
    3.32460e-04     1.42979e+03     1.42947e+03
    3.48182e-04     1.49493e+03     1.49458e+03
    3.64647e-04     1.56301e+03     1.56262e+03
    3.81891e-04     1.63414e+03     1.63372e+03
    3.99951e-04     1.70847e+03     1.70800e+03
    4.18865e-04     1.78612e+03     1.78561e+03
    4.38673e-04     1.86723e+03     1.86667e+03
    4.59417e-04     1.95196e+03     1.95135e+03
    4.81143e-04     2.04046e+03     2.03979e+03
    5.03896e-04     2.13289e+03     2.13216e+03
    5.27725e-04     2.22941e+03     2.22861e+03
    5.52681e-04     2.33017e+03     2.32930e+03
    5.78818e-04     2.43537e+03     2.43441e+03
    6.06190e-04     2.54519e+03     2.54414e+03
    6.34857e-04     2.65981e+03     2.65866e+03
    6.64879e-04     2.77942e+03     2.77816e+03
    6.96321e-04     2.90420e+03     2.90283e+03
    7.29250e-04     3.03438e+03     3.03288e+03
    7.63736e-04     3.17017e+03     3.16852e+03
    7.99853e-04     3.31177e+03     3.30996e+03
    8.37678e-04     3.45939e+03     3.45742e+03
    8.77291e-04     3.61328e+03     3.61112e+03
    9.18778e-04     3.77365e+03     3.77129e+03
    9.62227e-04     3.94074e+03     3.93817e+03
    1.00773e-03     4.11481e+03     4.11199e+03
    1.05539e-03     4.29607e+03     4.29299e+03
    1.10530e-03     4.48478e+03     4.48141e+03
    1.15756e-03     4.68118e+03     4.67750e+03
    1.21231e-03     4.88552e+03     4.88150e+03
    1.26964e-03     5.09805e+03     5.09366e+03
    1.32968e-03     5.31902e+03     5.31421e+03
    1.39256e-03     5.54866e+03     5.54342e+03
    1.45841e-03     5.78723e+03     5.78150e+03
    1.52738e-03     6.03497e+03     6.02871e+03
    1.59961e-03     6.29212e+03     6.28529e+03
    1.67525e-03     6.55892e+03     6.55147e+03
    1.75447e-03     6.83560e+03     6.82746e+03
    1.83744e-03     7.12235e+03     7.11347e+03
    1.92434e-03     7.41936e+03     7.40968e+03
    2.01534e-03     7.72684e+03     7.71629e+03
    2.11064e-03     8.04499e+03     8.03348e+03
    2.21045e-03     8.37393e+03     8.36139e+03
    2.31499e-03     8.71378e+03     8.70011e+03
    2.42446e-03     9.06462e+03     9.04974e+03
    2.53911e-03     9.42657e+03     9.41037e+03
    2.65919e-03     9.79972e+03     9.78208e+03
    2.78494e-03     1.01841e+04     1.01649e+04
    2.91664e-03     1.05795e+04     1.05586e+04
    3.05457e-03     1.09860e+04     1.09633e+04
    3.19902e-03     1.14035e+04     1.13788e+04
    3.35030e-03     1.18318e+04     1.18050e+04
    3.50873e-03     1.22709e+04     1.22418e+04
    3.67466e-03     1.27201e+04     1.26886e+04
    3.84844e-03     1.31794e+04     1.31451e+04
    4.03043e-03     1.36482e+04     1.36111e+04
    4.22103e-03     1.41262e+04     1.40860e+04
    4.42064e-03     1.46129e+04     1.45693e+04
    4.62969e-03     1.51074e+04     1.50602e+04
    4.84863e-03     1.56090e+04     1.55580e+04
    5.07792e-03     1.61170e+04     1.60618e+04
    5.31805e-03     1.66306e+04     1.65710e+04
    5.56954e-03     1.71487e+04     1.70844e+04
    5.83292e-03     1.76701e+04     1.76007e+04
    6.10876e-03     1.81934e+04     1.81187e+04
    6.39764e-03     1.87174e+04     1.86369e+04
    6.70019e-03     1.92408e+04     1.91542e+04
    7.01704e-03     1.97619e+04     1.96688e+04
    7.34887e-03     2.02786e+04     2.01787e+04
    7.69640e-03     2.07891e+04     2.06819e+04
    8.06036e-03     2.12913e+04     2.11765e+04
    8.44153e-03     2.17833e+04     2.16603e+04
    8.84073e-03     2.22625e+04     2.21310e+04
    9.25881e-03     2.27264e+04     2.25859e+04
    9.69666e-03     2.31721e+04     2.30223e+04
    1.01552e-02     2.35969e+04     2.34374e+04
    1.06354e-02     2.39982e+04     2.38285e+04
    1.11384e-02     2.43728e+04     2.41925e+04
    1.16651e-02     2.47171e+04     2.45259e+04
    1.22168e-02     2.50277e+04     2.48254e+04
    1.27945e-02     2.53013e+04     2.50875e+04
    1.33996e-02     2.55343e+04     2.53088e+04
    1.40332e-02     2.57233e+04     2.54859e+04
    1.46968e-02     2.58648e+04     2.56155e+04
    1.53919e-02     2.59554e+04     2.56940e+04
    1.61197e-02     2.59914e+04     2.57182e+04
    1.68820e-02     2.59697e+04     2.56848e+04
    1.76804e-02     2.58876e+04     2.55913e+04
    1.85165e-02     2.57432e+04     2.54359e+04
    1.93921e-02     2.55346e+04     2.52169e+04
    2.03092e-02     2.52596e+04     2.49323e+04
    2.12696e-02     2.49167e+04     2.45806e+04
    2.22754e-02     2.45070e+04     2.41631e+04
    2.33288e-02     2.40330e+04     2.36826e+04
    2.44320e-02     2.34974e+04     2.31417e+04
    2.55874e-02     2.29027e+04     2.25432e+04
    2.67975e-02     2.22519e+04     2.18903e+04
    2.80647e-02     2.15525e+04     2.11904e+04
    2.93919e-02     2.08139e+04     2.04530e+04
    3.07818e-02     2.00456e+04     1.96874e+04
    3.22375e-02     1.92568e+04     1.89031e+04
    3.37620e-02     1.84572e+04     1.81097e+04
    3.53586e-02     1.76580e+04     1.73180e+04
    3.70307e-02     1.68707e+04     1.65395e+04
    3.87819e-02     1.61071e+04     1.57855e+04
    4.06159e-02     1.53788e+04     1.50676e+04
    4.25366e-02     1.46959e+04     1.43955e+04
    4.45481e-02     1.40635e+04     1.37742e+04
    4.66548e-02     1.34861e+04     1.32076e+04
    4.88611e-02     1.29670e+04     1.26991e+04
    5.11717e-02     1.25034e+04     1.22456e+04
    5.35916e-02     1.20889e+04     1.18410e+04
    5.61260e-02     1.17128e+04     1.14747e+04
    5.87802e-02     1.13608e+04     1.11330e+04
    6.15599e-02     1.10153e+04     1.07990e+04
    6.44710e-02     1.06554e+04     1.04524e+04
    6.75198e-02     1.02618e+04     1.00750e+04
    7.07128e-02     9.81844e+03     9.65151e+03
    7.40568e-02     9.31585e+03     9.17285e+03
    7.75590e-02     8.75344e+03     8.63863e+03
    8.12267e-02     8.14361e+03     8.06082e+03
    8.50679e-02     7.50949e+03     7.46159e+03
    8.90908e-02     6.88210e+03     6.87057e+03
    9.33039e-02     6.29589e+03     6.32044e+03
    9.77162e-02     5.78085e+03     5.83942e+03
    1.02337e-01     5.35689e+03     5.44594e+03
    1.07177e-01     5.02842e+03     5.14370e+03
    1.12245e-01     4.78223e+03     4.91985e+03
    1.17553e-01     4.58855e+03     4.74606e+03
    1.23112e-01     4.40555e+03     4.58271e+03
    1.28934e-01     4.19168e+03     4.39032e+03
    1.35031e-01     3.92034e+03     4.14353e+03
    1.41417e-01     3.59258e+03     3.84329e+03
    1.48105e-01     3.24055e+03     3.52024e+03
    1.55108e-01     2.91129e+03     3.21889e+03
    1.62444e-01     2.64530e+03     2.97703e+03
    1.70125e-01     2.45616e+03     2.80684e+03
    1.78171e-01     2.32488e+03     2.69023e+03
    1.86596e-01     2.20960e+03     2.58804e+03
    1.95420e-01     2.06690e+03     2.45965e+03
    2.04662e-01     1.88382e+03     2.29307e+03
    2.14340e-01     1.68919e+03     2.11553e+03
    2.24476e-01     1.52269e+03     1.96384e+03
    2.35092e-01     1.40277e+03     1.85458e+03
    2.46209e-01     1.31432e+03     1.77349e+03
    2.57852e-01     1.22298e+03     1.68914e+03
    2.70046e-01     1.11283e+03     1.58727e+03
    2.82817e-01     1.00046e+03     1.48321e+03
    2.96191e-01     9.10507e+02     1.39898e+03
    3.10198e-01     8.41613e+02     1.33300e+03
    3.24867e-01     7.74333e+02     1.26802e+03
    3.40230e-01     7.01289e+02     1.19782e+03
    3.56319e-01     6.34638e+02     1.13302e+03
    3.73170e-01     5.80734e+02     1.07885e+03
    3.90817e-01     5.30713e+02     1.02774e+03
    4.09298e-01     4.80699e+02     9.76566e+02
    4.28654e-01     4.36099e+02     9.29756e+02
    4.48925e-01     3.97188e+02     8.87417e+02
    4.70155e-01     3.60249e+02     8.46624e+02
    4.92388e-01     3.26217e+02     8.08103e+02
    5.15673e-01     2.96076e+02     7.72528e+02
    5.40059e-01     2.68047e+02     7.38578e+02
    5.65599e-01     2.42551e+02     7.06531e+02
    5.92346e-01     2.19512e+02     6.76297e+02
    6.20358e-01     1.98396e+02     6.47490e+02
    6.49694e-01     1.79303e+02     6.20148e+02
    6.80418e-01     1.61910e+02     5.94040e+02
    7.12595e-01     1.46127e+02     5.69085e+02
    7.46294e-01     1.31830e+02     5.45187e+02
    7.81586e-01     1.18864e+02     5.22235e+02
    8.18547e-01     1.07114e+02     5.00149e+02
    8.57256e-01     9.64771e+01     4.78855e+02
    8.97795e-01     8.68551e+01     4.58292e+02
    9.40252e-01     7.81540e+01     4.38398e+02
    9.84716e-01     7.02929e+01     4.19127e+02
    1.03128e+00     6.31960e+01     4.00440e+02
    1.08005e+00     5.67878e+01     3.82295e+02
    1.13113e+00     5.10039e+01     3.64664e+02
    1.18462e+00     4.57914e+01     3.47528e+02
    1.24064e+00     4.10977e+01     3.30870e+02
    1.29931e+00     3.68704e+01     3.14672e+02
    1.36075e+00     3.30602e+01     2.98920e+02
    1.42510e+00     2.96308e+01     2.83610e+02
    1.49250e+00     2.65489e+01     2.68743e+02
    1.56308e+00     2.37812e+01     2.54318e+02
    1.63699e+00     2.12944e+01     2.40334e+02
    1.71441e+00     1.90577e+01     2.26794e+02
    1.79548e+00     1.70492e+01     2.13703e+02
    1.88039e+00     1.52482e+01     2.01067e+02
    1.96931e+00     1.36345e+01     1.88892e+02
    2.06244e+00     1.21877e+01     1.77186e+02
    2.15997e+00     1.08889e+01     1.65954e+02
    2.26212e+00     9.72487e+00     1.55198e+02
    2.36909e+00     8.68332e+00     1.44918e+02
    2.48113e+00     7.75192e+00     1.35116e+02
    2.59846e+00     6.91836e+00     1.25794e+02
    2.72134e+00     6.17145e+00     1.16950e+02
    2.85003e+00     5.50326e+00     1.08577e+02
    2.98481e+00     4.90648e+00     1.00664e+02
    3.12596e+00     4.37379e+00     9.32033e+01
    3.27379e+00     3.89790e+00     8.61847e+01
    3.42860e+00     3.47218e+00     7.95975e+01
    3.59074e+00     3.09197e+00     7.34263e+01
    3.76055e+00     2.75299e+00     6.76550e+01
    3.93838e+00     2.45092e+00     6.22674e+01
    4.12463e+00     2.18145e+00     5.72473e+01
    4.31968e+00     1.94073e+00     5.25781e+01
    4.52396e+00     1.72606e+00     4.82426e+01
    4.73789e+00     1.53494e+00     4.42230e+01
    4.96195e+00     1.36488e+00     4.05018e+01
    5.19660e+00     1.21338e+00     3.70615e+01
    5.44234e+00     1.07822e+00     3.38850e+01
    5.69971e+00     9.57846e-01     3.09565e+01
    5.96925e+00     8.50830e-01     2.82604e+01
    6.25153e+00     7.55735e-01     2.57812e+01
    6.54717e+00     6.71125e-01     2.35034e+01
    6.85678e+00     5.95728e-01     2.14121e+01
    7.18104e+00     5.28664e-01     1.94950e+01
    7.52063e+00     4.69116e-01     1.77397e+01
    7.87628e+00     4.16265e-01     1.61341e+01
    8.24875e+00     3.69294e-01     1.46660e+01
    8.63883e+00     3.27481e-01     1.33241e+01
    9.04736e+00     2.90331e-01     1.20992e+01
    9.47521e+00     2.57382e-01     1.09825e+01
    9.92329e+00     2.28171e-01     9.96519e+00
    1.03926e+01     2.02238e-01     9.03837e+00
    1.08840e+01     1.79176e-01     8.19402e+00
    1.13987e+01     1.58708e-01     7.42584e+00
    1.19378e+01     1.40574e-01     6.72778e+00
    1.25023e+01     1.24515e-01     6.09377e+00
    1.30935e+01     1.10269e-01     5.51777e+00
    1.37127e+01     9.76126e-02     4.99433e+00
    1.43612e+01     8.63898e-02     4.51928e+00
    1.50403e+01     7.64563e-02     4.08864e+00
    1.57516e+01     6.76672e-02     3.69842e+00
    1.64965e+01     5.98777e-02     3.34464e+00
    1.72766e+01     5.29627e-02     3.02372e+00
    1.80936e+01     4.68369e-02     2.73302e+00
    1.89492e+01     4.14198e-02     2.46998e+00
    1.98454e+01     3.66309e-02     2.23203e+00
    2.07838e+01     3.23900e-02     2.01662e+00
    2.17667e+01     2.86280e-02     1.82150e+00
    2.27960e+01     2.52980e-02     1.64500e+00
    2.38741e+01     2.23556e-02     1.48550e+00
    2.50031e+01     1.97566e-02     1.34140e+00
    2.61855e+01     1.74566e-02     1.21110e+00
    2.74238e+01     1.54178e-02     1.09320e+00
    2.87206e+01     1.36146e-02     9.86646e-01
    3.00788e+01     1.20226e-02     8.90460e-01
    3.15012e+01     1.06174e-02     8.03643e-01
    3.29909e+01     9.37473e-03     7.25204e-01
    3.45511e+01     8.27397e-03     6.54279e-01
    3.61850e+01     7.30112e-03     5.90235e-01
    3.78962e+01     6.44284e-03     5.32463e-01
    3.96883e+01     5.68581e-03     4.80355e-01
    4.15651e+01     5.01674e-03     4.33303e-01
    4.35307e+01     4.42443e-03     3.90783e-01
    4.55893e+01     3.90130e-03     3.52410e-01
    4.77452e+01     3.44010e-03     3.17814e-01
    5.00031e+01     3.03359e-03     2.86627e-01
    5.23677e+01     2.67455e-03     2.58477e-01
    5.48442e+01     2.35693e-03     2.33050e-01
    5.74377e+01     2.07661e-03     2.10113e-01
    6.01540e+01     1.82966e-03     1.89442e-01
    6.29986e+01     1.61214e-03     1.70813e-01
    6.59778e+01     1.42011e-03     1.54004e-01
    6.90979e+01     1.25032e-03     1.38823e-01
    7.23655e+01     1.10057e-03     1.25134e-01
    7.57877e+01     9.68741e-04     1.12803e-01
    7.93717e+01     8.52721e-04     1.01695e-01
    8.31251e+01     7.50404e-04     9.16790e-02
    8.70561e+01     6.60038e-04     8.26390e-02
    9.11730e+01     5.80401e-04     7.44886e-02
    9.54846e+01     5.10310e-04     6.71432e-02
    1.00000e+02     4.48587e-04     6.05181e-02
