# Matter power spectra at z=4.700000.
# D(z)=0.224874, f(z)=0.992070.
#      k[h/Mpc]         Plin(k)         HaloFit
    1.00000e-04     2.24489e+01     2.24489e+01
    1.04729e-04     2.34775e+01     2.34775e+01
    1.09682e-04     2.45531e+01     2.45531e+01
    1.14868e-04     2.56780e+01     2.56780e+01
    1.20301e-04     2.68545e+01     2.68545e+01
    1.25990e-04     2.80849e+01     2.80849e+01
    1.31948e-04     2.93714e+01     2.93714e+01
    1.38187e-04     3.07167e+01     3.07167e+01
    1.44722e-04     3.21236e+01     3.21236e+01
    1.51566e-04     3.35950e+01     3.35949e+01
    1.58734e-04     3.51336e+01     3.51335e+01
    1.66240e-04     3.67425e+01     3.67424e+01
    1.74102e-04     3.84247e+01     3.84246e+01
    1.82335e-04     4.01839e+01     4.01837e+01
    1.90957e-04     4.20235e+01     4.20234e+01
    1.99988e-04     4.39472e+01     4.39470e+01
    2.09445e-04     4.59584e+01     4.59583e+01
    2.19350e-04     4.80613e+01     4.80611e+01
    2.29723e-04     5.02600e+01     5.02598e+01
    2.40586e-04     5.25591e+01     5.25589e+01
    2.51964e-04     5.49630e+01     5.49628e+01
    2.63879e-04     5.74761e+01     5.74758e+01
    2.76358e-04     6.01032e+01     6.01029e+01
    2.89427e-04     6.28498e+01     6.28495e+01
    3.03114e-04     6.57214e+01     6.57210e+01
    3.17448e-04     6.87232e+01     6.87228e+01
    3.32460e-04     7.18608e+01     7.18603e+01
    3.48182e-04     7.51402e+01     7.51397e+01
    3.64647e-04     7.85680e+01     7.85674e+01
    3.81891e-04     8.21507e+01     8.21501e+01
    3.99951e-04     8.58951e+01     8.58944e+01
    4.18865e-04     8.98077e+01     8.98069e+01
    4.38673e-04     9.38959e+01     9.38950e+01
    4.59417e-04     9.81675e+01     9.81666e+01
    4.81143e-04     1.02631e+02     1.02630e+02
    5.03896e-04     1.07293e+02     1.07292e+02
    5.27725e-04     1.12163e+02     1.12162e+02
    5.52681e-04     1.17249e+02     1.17248e+02
    5.78818e-04     1.22561e+02     1.22559e+02
    6.06190e-04     1.28107e+02     1.28106e+02
    6.34857e-04     1.33898e+02     1.33896e+02
    6.64879e-04     1.39943e+02     1.39941e+02
    6.96321e-04     1.46251e+02     1.46249e+02
    7.29250e-04     1.52834e+02     1.52832e+02
    7.63736e-04     1.59702e+02     1.59700e+02
    7.99853e-04     1.66867e+02     1.66864e+02
    8.37678e-04     1.74338e+02     1.74335e+02
    8.77291e-04     1.82127e+02     1.82124e+02
    9.18778e-04     1.90247e+02     1.90244e+02
    9.62227e-04     1.98709e+02     1.98705e+02
    1.00773e-03     2.07524e+02     2.07520e+02
    1.05539e-03     2.16705e+02     2.16701e+02
    1.10530e-03     2.26264e+02     2.26259e+02
    1.15756e-03     2.36213e+02     2.36208e+02
    1.21231e-03     2.46565e+02     2.46559e+02
    1.26964e-03     2.57331e+02     2.57324e+02
    1.32968e-03     2.68524e+02     2.68517e+02
    1.39256e-03     2.80155e+02     2.80148e+02
    1.45841e-03     2.92238e+02     2.92230e+02
    1.52738e-03     3.04784e+02     3.04775e+02
    1.59961e-03     3.17806e+02     3.17796e+02
    1.67525e-03     3.31314e+02     3.31303e+02
    1.75447e-03     3.45321e+02     3.45309e+02
    1.83744e-03     3.59837e+02     3.59824e+02
    1.92434e-03     3.74871e+02     3.74857e+02
    2.01534e-03     3.90434e+02     3.90418e+02
    2.11064e-03     4.06535e+02     4.06518e+02
    2.21045e-03     4.23182e+02     4.23164e+02
    2.31499e-03     4.40381e+02     4.40360e+02
    2.42446e-03     4.58135e+02     4.58113e+02
    2.53911e-03     4.76451e+02     4.76427e+02
    2.65919e-03     4.95333e+02     4.95307e+02
    2.78494e-03     5.14780e+02     5.14752e+02
    2.91664e-03     5.34790e+02     5.34759e+02
    3.05457e-03     5.55357e+02     5.55324e+02
    3.19902e-03     5.76480e+02     5.76443e+02
    3.35030e-03     5.98151e+02     5.98112e+02
    3.50873e-03     6.20361e+02     6.20318e+02
    3.67466e-03     6.43091e+02     6.43045e+02
    3.84844e-03     6.66323e+02     6.66273e+02
    4.03043e-03     6.90039e+02     6.89985e+02
    4.22103e-03     7.14221e+02     7.14163e+02
    4.42064e-03     7.38839e+02     7.38776e+02
    4.62969e-03     7.63855e+02     7.63787e+02
    4.84863e-03     7.89232e+02     7.89158e+02
    5.07792e-03     8.14930e+02     8.14851e+02
    5.31805e-03     8.40911e+02     8.40826e+02
    5.56954e-03     8.67121e+02     8.67029e+02
    5.83292e-03     8.93494e+02     8.93395e+02
    6.10876e-03     9.19965e+02     9.19859e+02
    6.39764e-03     9.46470e+02     9.46357e+02
    6.70019e-03     9.72941e+02     9.72820e+02
    7.01704e-03     9.99293e+02     9.99164e+02
    7.34887e-03     1.02543e+03     1.02529e+03
    7.69640e-03     1.05124e+03     1.05110e+03
    8.06036e-03     1.07664e+03     1.07649e+03
    8.44153e-03     1.10153e+03     1.10136e+03
    8.84073e-03     1.12577e+03     1.12560e+03
    9.25881e-03     1.14923e+03     1.14905e+03
    9.69666e-03     1.17178e+03     1.17159e+03
    1.01552e-02     1.19327e+03     1.19307e+03
    1.06354e-02     1.21357e+03     1.21336e+03
    1.11384e-02     1.23251e+03     1.23229e+03
    1.16651e-02     1.24992e+03     1.24970e+03
    1.22168e-02     1.26563e+03     1.26541e+03
    1.27945e-02     1.27947e+03     1.27924e+03
    1.33996e-02     1.29126e+03     1.29103e+03
    1.40332e-02     1.30083e+03     1.30060e+03
    1.46968e-02     1.30800e+03     1.30778e+03
    1.53919e-02     1.31260e+03     1.31237e+03
    1.61197e-02     1.31443e+03     1.31422e+03
    1.68820e-02     1.31334e+03     1.31313e+03
    1.76804e-02     1.30919e+03     1.30900e+03
    1.85165e-02     1.30189e+03     1.30172e+03
    1.93921e-02     1.29133e+03     1.29118e+03
    2.03092e-02     1.27742e+03     1.27730e+03
    2.12696e-02     1.26008e+03     1.25998e+03
    2.22754e-02     1.23936e+03     1.23929e+03
    2.33288e-02     1.21539e+03     1.21536e+03
    2.44320e-02     1.18830e+03     1.18831e+03
    2.55874e-02     1.15822e+03     1.15827e+03
    2.67975e-02     1.12531e+03     1.12540e+03
    2.80647e-02     1.08994e+03     1.09008e+03
    2.93919e-02     1.05258e+03     1.05277e+03
    3.07818e-02     1.01372e+03     1.01396e+03
    3.22375e-02     9.73828e+02     9.74115e+02
    3.37620e-02     9.33392e+02     9.33729e+02
    3.53586e-02     8.92972e+02     8.93359e+02
    3.70307e-02     8.53159e+02     8.53598e+02
    3.87819e-02     8.14544e+02     8.15036e+02
    4.06159e-02     7.77718e+02     7.78267e+02
    4.25366e-02     7.43186e+02     7.43796e+02
    4.45481e-02     7.11212e+02     7.11888e+02
    4.66548e-02     6.82014e+02     6.82765e+02
    4.88611e-02     6.55768e+02     6.56603e+02
    5.11717e-02     6.32323e+02     6.33254e+02
    5.35916e-02     6.11362e+02     6.12403e+02
    5.61260e-02     5.92348e+02     5.93513e+02
    5.87802e-02     5.74552e+02     5.75854e+02
    6.15599e-02     5.57057e+02     5.58507e+02
    6.44710e-02     5.38860e+02     5.40461e+02
    6.75198e-02     5.18965e+02     5.20713e+02
    7.07128e-02     4.96545e+02     4.98423e+02
    7.40568e-02     4.71116e+02     4.73095e+02
    7.75590e-02     4.42685e+02     4.44728e+02
    8.12267e-02     4.11849e+02     4.13913e+02
    8.50679e-02     3.79774e+02     3.81823e+02
    8.90908e-02     3.48046e+02     3.50056e+02
    9.33039e-02     3.18393e+02     3.20360e+02
    9.77162e-02     2.92346e+02     2.94287e+02
    1.02337e-01     2.70906e+02     2.72856e+02
    1.07177e-01     2.54294e+02     2.56303e+02
    1.12245e-01     2.41847e+02     2.43965e+02
    1.17553e-01     2.32049e+02     2.34316e+02
    1.23112e-01     2.22801e+02     2.25229e+02
    1.28934e-01     2.11985e+02     2.14538e+02
    1.35031e-01     1.98252e+02     2.00852e+02
    1.41417e-01     1.81687e+02     1.84241e+02
    1.48105e-01     1.63883e+02     1.66324e+02
    1.55108e-01     1.47230e+02     1.49552e+02
    1.62444e-01     1.33775e+02     1.36029e+02
    1.70125e-01     1.24213e+02     1.26482e+02
    1.78171e-01     1.17574e+02     1.19927e+02
    1.86596e-01     1.11746e+02     1.14200e+02
    1.95420e-01     1.04525e+02     1.07018e+02
    2.04662e-01     9.52689e+01     9.76981e+01
    2.14340e-01     8.54267e+01     8.77369e+01
    2.24476e-01     7.70040e+01     7.92216e+01
    2.35092e-01     7.09418e+01     7.31405e+01
    2.46209e-01     6.64690e+01     6.87010e+01
    2.57852e-01     6.18491e+01     6.40906e+01
    2.70046e-01     5.62788e+01     5.84588e+01
    2.82817e-01     5.05952e+01     5.26812e+01
    2.96191e-01     4.60462e+01     4.80766e+01
    3.10198e-01     4.25623e+01     4.45786e+01
    3.24867e-01     3.91602e+01     4.11492e+01
    3.40230e-01     3.54656e+01     3.73882e+01
    3.56319e-01     3.20948e+01     3.39518e+01
    3.73170e-01     2.93688e+01     3.11866e+01
    3.90817e-01     2.68395e+01     2.86154e+01
    4.09298e-01     2.43100e+01     2.60269e+01
    4.28654e-01     2.20546e+01     2.37175e+01
    4.48925e-01     2.00870e+01     2.17042e+01
    4.70155e-01     1.82186e+01     1.97842e+01
    4.92388e-01     1.64973e+01     1.80102e+01
    5.15673e-01     1.49726e+01     1.64378e+01
    5.40059e-01     1.35554e+01     1.49708e+01
    5.65599e-01     1.22664e+01     1.36330e+01
    5.92346e-01     1.11012e+01     1.24208e+01
    6.20358e-01     1.00333e+01     1.13059e+01
    6.49694e-01     9.06770e+00     1.02948e+01
    6.80418e-01     8.18794e+00     9.37031e+00
    7.12595e-01     7.38982e+00     8.52860e+00
    7.46294e-01     6.66693e+00     7.76338e+00
    7.81586e-01     6.01116e+00     7.06634e+00
    8.18547e-01     5.41690e+00     6.43195e+00
    8.57256e-01     4.87900e+00     5.85511e+00
    8.97795e-01     4.39248e+00     5.33084e+00
    9.40252e-01     3.95249e+00     4.85427e+00
    9.84716e-01     3.55493e+00     4.42131e+00
    1.03128e+00     3.19600e+00     4.02813e+00
    1.08005e+00     2.87189e+00     3.67092e+00
    1.13113e+00     2.57937e+00     3.34643e+00
    1.18462e+00     2.31575e+00     3.05195e+00
    1.24064e+00     2.07838e+00     2.78480e+00
    1.29931e+00     1.86460e+00     2.54230e+00
    1.36075e+00     1.67192e+00     2.32194e+00
    1.42510e+00     1.49849e+00     2.12184e+00
    1.49250e+00     1.34264e+00     1.94030e+00
    1.56308e+00     1.20267e+00     1.77559e+00
    1.63699e+00     1.07691e+00     1.62601e+00
    1.71441e+00     9.63797e-01     1.48998e+00
    1.79548e+00     8.62216e-01     1.36635e+00
    1.88039e+00     7.71135e-01     1.25405e+00
    1.96931e+00     6.89522e-01     1.15204e+00
    2.06244e+00     6.16347e-01     1.05924e+00
    2.15997e+00     5.50663e-01     9.74686e-01
    2.26212e+00     4.91796e-01     8.97677e-01
    2.36909e+00     4.39124e-01     8.27564e-01
    2.48113e+00     3.92022e-01     7.63699e-01
    2.59846e+00     3.49870e-01     7.05434e-01
    2.72134e+00     3.12100e-01     6.52176e-01
    2.85003e+00     2.78312e-01     6.03502e-01
    2.98481e+00     2.48134e-01     5.59021e-01
    3.12596e+00     2.21197e-01     5.18339e-01
    3.27379e+00     1.97132e-01     4.81066e-01
    3.42860e+00     1.75602e-01     4.46844e-01
    3.59074e+00     1.56374e-01     4.15420e-01
    3.76055e+00     1.39230e-01     3.86558e-01
    3.93838e+00     1.23952e-01     3.60023e-01
    4.12463e+00     1.10324e-01     3.35579e-01
    4.31968e+00     9.81499e-02     3.13012e-01
    4.52396e+00     8.72932e-02     2.92172e-01
    4.73789e+00     7.76279e-02     2.72916e-01
    4.96195e+00     6.90276e-02     2.55103e-01
    5.19660e+00     6.13660e-02     2.38592e-01
    5.44234e+00     5.45304e-02     2.23256e-01
    5.69971e+00     4.84427e-02     2.09004e-01
    5.96925e+00     4.30303e-02     1.95751e-01
    6.25153e+00     3.82208e-02     1.83413e-01
    6.54717e+00     3.39416e-02     1.71905e-01
    6.85678e+00     3.01284e-02     1.61151e-01
    7.18104e+00     2.67367e-02     1.51097e-01
    7.52063e+00     2.37251e-02     1.41692e-01
    7.87628e+00     2.10524e-02     1.32885e-01
    8.24875e+00     1.86769e-02     1.24625e-01
    8.63883e+00     1.65624e-02     1.16866e-01
    9.04736e+00     1.46837e-02     1.09576e-01
    9.47521e+00     1.30174e-02     1.02724e-01
    9.92329e+00     1.15402e-02     9.62779e-02
    1.03926e+01     1.02287e-02     9.02082e-02
    1.08840e+01     9.06242e-03     8.44869e-02
    1.13987e+01     8.02729e-03     7.90938e-02
    1.19378e+01     7.11020e-03     7.40099e-02
    1.25023e+01     6.29801e-03     6.92163e-02
    1.30935e+01     5.57757e-03     6.46937e-02
    1.37127e+01     4.93746e-03     6.04253e-02
    1.43612e+01     4.36988e-03     5.63981e-02
    1.50403e+01     3.86750e-03     5.26002e-02
    1.57516e+01     3.42299e-03     4.90191e-02
    1.64965e+01     3.02904e-03     4.56429e-02
    1.72766e+01     2.67932e-03     4.24603e-02
    1.80936e+01     2.36949e-03     3.94627e-02
    1.89492e+01     2.09551e-03     3.66416e-02
    1.98454e+01     1.85330e-03     3.39885e-02
    2.07838e+01     1.63881e-03     3.14950e-02
    2.17667e+01     1.44853e-03     2.91532e-02
    2.27960e+01     1.28010e-03     2.69565e-02
    2.38741e+01     1.13128e-03     2.48983e-02
    2.50031e+01     9.99819e-04     2.29719e-02
    2.61855e+01     8.83484e-04     2.11709e-02
    2.74238e+01     7.80361e-04     1.94889e-02
    2.87206e+01     6.89151e-04     1.79204e-02
    3.00788e+01     6.08621e-04     1.64598e-02
    3.15012e+01     5.37541e-04     1.51014e-02
    3.29909e+01     4.74679e-04     1.38397e-02
    3.45511e+01     4.18992e-04     1.26693e-02
    3.61850e+01     3.69774e-04     1.15853e-02
    3.78962e+01     3.26351e-04     1.05829e-02
    3.96883e+01     2.88049e-04     9.65719e-03
    4.15651e+01     2.54196e-04     8.80328e-03
    4.35307e+01     2.24227e-04     8.01659e-03
    4.55893e+01     1.97756e-04     7.29304e-03
    4.77452e+01     1.74419e-04     6.62855e-03
    5.00031e+01     1.53847e-04     6.01908e-03
    5.23677e+01     1.35676e-04     5.46055e-03
    5.48442e+01     1.19599e-04     4.94925e-03
    5.74377e+01     1.05409e-04     4.48196e-03
    6.01540e+01     9.29059e-05     4.05553e-03
    6.29986e+01     8.18916e-05     3.66679e-03
    6.59778e+01     7.21673e-05     3.31261e-03
    6.90979e+01     6.35687e-05     2.99014e-03
    7.23655e+01     5.59839e-05     2.69709e-03
    7.57877e+01     4.93061e-05     2.43119e-03
    7.93717e+01     4.34281e-05     2.19018e-03
    8.31251e+01     3.82433e-05     1.97180e-03
    8.70561e+01     3.36631e-05     1.77401e-03
    9.11730e+01     2.96254e-05     1.59512e-03
    9.54846e+01     2.60708e-05     1.43348e-03
    1.00000e+02     2.29396e-05     1.28742e-03
