# Growth factors vs. redshift.
# OmM=0.300000, OmB=0.048000, hub=0.680000
# ns=0.970000, A_s=2.135305e-09, sig8=0.819815
#   z     D(z)     f(z) sigma_8(z)
 0.00   1.0000   0.5128   0.8198
 0.25   0.8784   0.6482   0.7202
 0.50   0.7732   0.7491   0.6339
 0.75   0.6850   0.8201   0.5616
 1.00   0.6119   0.8690   0.5016
 1.25   0.5512   0.9028   0.4519
 1.50   0.5005   0.9264   0.4103
 1.75   0.4579   0.9431   0.3754
 2.00   0.4215   0.9552   0.3456
 2.25   0.3904   0.9641   0.3200
 2.50   0.3634   0.9708   0.2979
 2.75   0.3398   0.9759   0.2785
 3.00   0.3190   0.9799   0.2615
 3.25   0.3006   0.9830   0.2464
 3.50   0.2841   0.9854   0.2329
 3.75   0.2694   0.9874   0.2208
 4.00   0.2560   0.9890   0.2099
 4.25   0.2440   0.9903   0.2000
 4.50   0.2330   0.9913   0.1910
 4.75   0.2229   0.9922   0.1828
 5.00   0.2137   0.9930   0.1752
 5.25   0.2052   0.9936   0.1682
 5.50   0.1974   0.9941   0.1618
 5.75   0.1901   0.9945   0.1559
 6.00   0.1834   0.9949   0.1503
 6.25   0.1771   0.9952   0.1452
 6.50   0.1712   0.9955   0.1403
 6.75   0.1657   0.9957   0.1358
 7.00   0.1605   0.9959   0.1316
 7.25   0.1557   0.9961   0.1276
 7.50   0.1511   0.9962   0.1239
 7.75   0.1468   0.9964   0.1204
 8.00   0.1428   0.9965   0.1170
 8.25   0.1389   0.9965   0.1139
 8.50   0.1353   0.9966   0.1109
 8.75   0.1318   0.9967   0.1081
 9.00   0.1285   0.9967   0.1054
 9.25   0.1254   0.9968   0.1028
 9.50   0.1224   0.9968   0.1004
