##       a          z   s
  0.010000  99.000000 000
  0.048194  19.749544 001
  0.050227  18.909730 002
  0.052301  18.119968 003
  0.054418  17.376352 004
  0.056576  16.675347 005
  0.058776  16.013753 006
  0.061018  15.388664 007
  0.063301  14.797437 008
  0.065627  14.237665 009
  0.067994  13.707152 010
  0.070403  13.203888 011
  0.072854  12.726037 012
  0.075347  12.271910 013
  0.077882  11.839961 014
  0.080459  11.428765 015
  0.083077  11.037011 016
  0.085738  10.663489 017
  0.088440  10.307082 018
  0.091185   9.966759 019
  0.093971   9.641562 020
  0.096800   9.330607 021
  0.099670   9.033071 022
  0.102583   8.748191 023
  0.105538   8.475257 024
  0.108535   8.213608 025
  0.111574   7.962628 026
  0.114656   7.721742 027
  0.117780   7.490415 028
  0.120946   7.268145 029
  0.124155   7.054463 030
  0.127406   6.848931 031
  0.130700   6.651136 032
  0.134036   6.460693 033
  0.137415   6.277241 034
  0.140836   6.100439 035
  0.144301   5.929968 036
  0.147808   5.765526 037
  0.151359   5.606830 038
  0.154952   5.453615 039
  0.158589   5.305627 040
  0.162268   5.162630 041
  0.165992   5.024400 042
  0.169758   4.890725 043
  0.173569   4.761405 044
  0.177423   4.636251 045
  0.181321   4.515082 046
  0.185263   4.397730 047
  0.189249   4.284034 048
  0.193280   4.173841 049
  0.197355   4.067006 050
  0.201475   3.963392 051
  0.205640   3.862868 052
  0.209850   3.765311 053
  0.214105   3.670602 054
  0.218406   3.578630 055
  0.222753   3.489287 056
  0.227145   3.402471 057
  0.231584   3.318086 058
  0.236070   3.236040 059
  0.240602   3.156244 060
  0.245181   3.078614 061
  0.249808   3.003070 062
  0.254483   2.929536 063
  0.259206   2.857938 064
  0.263977   2.788206 065
  0.268797   2.720273 066
  0.273667   2.654076 067
  0.278586   2.589552 068
  0.283556   2.526644 069
  0.288576   2.465295 070
  0.293647   2.405452 071
  0.298769   2.347062 072
  0.303944   2.290077 073
  0.309172   2.234449 074
  0.314452   2.180132 075
  0.319787   2.127083 076
  0.325176   2.075259 077
  0.330620   2.024621 078
  0.336120   1.975129 079
  0.341676   1.926747 080
  0.347290   1.879439 081
  0.352962   1.833169 082
  0.358692   1.787906 083
  0.364482   1.743617 084
  0.370333   1.700271 085
  0.376246   1.657839 086
  0.382220   1.616292 087
  0.388259   1.575603 088
  0.394361   1.535745 089
  0.400530   1.496693 090
  0.406765   1.458422 091
  0.413068   1.420909 092
  0.419440   1.384130 093
  0.425883   1.348063 094
  0.432397   1.312687 095
  0.438985   1.277981 096
  0.445648   1.243926 097
  0.452386   1.210501 098
  0.459203   1.177688 099
  0.466098   1.145470 100
  0.473075   1.113828 101
  0.480135   1.082747 102
  0.487280   1.052208 103
  0.494511   1.022198 104
  0.501832   0.992700 105
  0.509243   0.963699 106
  0.516748   0.935181 107
  0.524347   0.907132 108
  0.532045   0.879540 109
  0.539843   0.852389 110
  0.547744   0.825669 111
  0.555751   0.799366 112
  0.563867   0.773469 113
  0.572094   0.747965 114
  0.580435   0.722845 115
  0.588895   0.698096 116
  0.597476   0.673709 117
  0.606181   0.649672 118
  0.615015   0.625976 119
  0.623981   0.602612 120
  0.633084   0.579569 121
  0.642327   0.556839 122
  0.651715   0.534412 123
  0.661253   0.512280 124
  0.670945   0.490435 125
  0.680796   0.468868 126
  0.690812   0.447571 127
  0.700998   0.426537 128
  0.711360   0.405757 129
  0.721904   0.385225 130
  0.732636   0.364934 131
  0.743563   0.344876 132
  0.754692   0.325044 133
  0.766030   0.305432 134
  0.777585   0.286034 135
  0.789364   0.266842 136
  0.801377   0.247852 137
  0.813632   0.229057 138
  0.826138   0.210451 139
  0.838906   0.192029 140
  0.851945   0.173784 141
  0.865267   0.155712 142
  0.878883   0.137807 143
  0.892806   0.120065 144
  0.907047   0.102479 145
  0.921620   0.085046 146
  0.936540   0.067760 147
  0.951821   0.050617 148
  0.967481   0.033612 149
  0.983534   0.016742 150
  1.000000   0.000000 151
