0.000000e+00 -1.000000e+00
0.000000e+00 -1.000000e+00
0.000000e+00 -1.000000e+00
0.000000e+00 -1.000000e+00
0.000000e+00 -1.000000e+00
0.000000e+00 -1.000000e+00
0.000000e+00 -1.000000e+00
4.246153e-01 1.459096e+03
0.000000e+00 -1.000000e+00
6.132915e-01 4.491393e+02
0.000000e+00 -1.000000e+00
9.275665e-01 1.377754e+02
0.000000e+00 -1.000000e+00
1.399619e+00 8.456732e+01
1.667560e+00 4.651062e+01
2.201777e+00 2.537992e+01
2.642771e+00 4.294176e+01
0.000000e+00 -1.000000e+00
3.914419e+00 8.031330e+00
4.504103e+00 7.775513e+00
5.508480e+00 2.480385e+00
6.865116e+00 2.478424e+00
8.248834e+00 3.506528e+00
9.967181e+00 1.383063e+00
1.244455e+01 5.216547e-01
1.488789e+01 3.959010e-01
1.818824e+01 1.982063e-02
2.215648e+01 3.589948e-01
2.700790e+01 -6.480504e-03
