1.101489e-01 8.396456e+02
1.343057e-01 7.147021e+02
1.635034e-01 3.791105e+02
1.992434e-01 2.644158e+02
2.413506e-01 1.703400e+02
2.949196e-01 1.217393e+02
3.594298e-01 9.041416e+01
4.395224e-01 6.373801e+01
5.313333e-01 4.709583e+01
6.484565e-01 3.095212e+01
7.904866e-01 2.064319e+01
9.586100e-01 1.462817e+01
1.162930e+00 1.005129e+01
1.424565e+00 7.478388e+00
1.731563e+00 5.641025e+00
2.106716e+00 4.253761e+00
2.565127e+00 3.321929e+00
3.120031e+00 2.205551e+00
3.796921e+00 1.772481e+00
4.619254e+00 1.287961e+00
5.622064e+00 9.534844e-01
6.838353e+00 6.508407e-01
8.329515e+00 4.688788e-01
1.013236e+01 3.142852e-01
1.233319e+01 1.908365e-01
1.500791e+01 1.193885e-01
1.826550e+01 5.655156e-02
2.223206e+01 3.606240e-02
2.704664e+01 1.757499e-02
