1.111399e-01 4.891513e+01
1.351675e-01 3.855083e+01
1.644204e-01 2.971400e+01
1.999791e-01 2.251176e+01
2.432596e-01 1.664094e+01
2.959208e-01 1.212177e+01
3.600232e-01 8.704050e+00
4.380833e-01 6.183516e+00
5.331295e-01 4.365189e+00
6.488259e-01 3.078528e+00
7.899396e-01 2.189816e+00
9.613783e-01 1.589045e+00
1.170715e+00 1.176888e+00
1.424705e+00 8.951749e-01
1.733647e+00 6.857280e-01
2.109292e+00 5.303937e-01
2.567027e+00 4.142389e-01
3.129546e+00 3.145657e-01
3.815660e+00 2.381471e-01
4.606784e+00 1.786723e-01
5.628155e+00 1.316469e-01
6.915609e+00 9.332013e-02
8.218776e+00 6.584132e-02
9.755853e+00 4.247427e-02
1.207434e+01 2.651799e-02
1.358177e+01 1.578605e-02
1.707108e+01 9.304166e-03
1.822300e+01 6.750464e-03
2.102926e+01 3.741264e-03
