1.682042e-01 5.000000e-01 7.380597e+00
6.645724e-01 1.500000e+00 4.314418e+00
6.687524e-01 2.500000e+00 1.320466e+00
6.686797e-01 3.500000e+00 -1.965245e-01
6.684093e-01 4.500000e+00 -6.144135e-01
6.678199e-01 5.500000e+00 2.735598e-01
6.694441e-01 6.500000e+00 7.595541e-01
6.687581e-01 7.500000e+00 8.177329e-01
6.667687e-01 8.500000e+00 -6.399474e-01
6.683805e-01 9.500000e+00 -1.319296e+00
6.662337e-01 1.050000e+01 -2.227591e+00
6.654362e-01 1.150000e+01 -1.553393e+00
6.682634e-01 1.250000e+01 -1.869018e-01
6.663018e-01 1.350000e+01 -3.626467e-01
6.660330e-01 1.450000e+01 -4.187596e-01
6.603031e-01 1.550000e+01 1.041568e+00
6.666412e-01 1.650000e+01 9.132948e-01
6.693342e-01 1.750000e+01 -7.754513e-01
6.639041e-01 1.850000e+01 -9.501764e-01
6.690393e-01 1.950000e+01 -1.003847e+00
6.633412e-01 2.050000e+01 -2.911898e+00
6.674022e-01 2.150000e+01 -3.741998e+00
6.666322e-01 2.250000e+01 -1.006222e+00
6.648124e-01 2.350000e+01 5.989169e-01
6.641694e-01 2.450000e+01 1.137080e+00
1.555594e+00 5.000000e-01 3.627646e+00
1.553826e+00 1.500000e+00 7.328408e-01
1.555028e+00 2.500000e+00 5.418761e-01
1.553859e+00 3.500000e+00 5.787715e-01
1.555371e+00 4.500000e+00 3.266219e-01
1.556355e+00 5.500000e+00 7.707282e-02
1.556175e+00 6.500000e+00 6.800217e-01
1.558181e+00 7.500000e+00 1.030100e-01
1.554699e+00 8.500000e+00 -5.240619e-01
1.557822e+00 9.500000e+00 -1.172890e+00
1.560100e+00 1.050000e+01 -1.101309e+00
1.553991e+00 1.150000e+01 -8.470758e-01
1.556569e+00 1.250000e+01 -5.519100e-01
1.555692e+00 1.350000e+01 -4.449160e-01
1.558394e+00 1.450000e+01 -2.590221e-01
1.554271e+00 1.550000e+01 -5.317446e-01
1.561350e+00 1.650000e+01 -8.027988e-01
1.555784e+00 1.750000e+01 -1.089519e-01
1.556845e+00 1.850000e+01 -3.528582e-03
1.555479e+00 1.950000e+01 -1.185305e+00
1.556035e+00 2.050000e+01 -1.646990e+00
1.557212e+00 2.150000e+01 -7.118632e-01
1.556189e+00 2.250000e+01 -5.341454e-01
1.556836e+00 2.350000e+01 3.099495e-01
1.553400e+00 2.450000e+01 7.286990e-01
2.534797e+00 5.000000e-01 1.472763e+00
2.530242e+00 1.500000e+00 1.493111e+00
2.534333e+00 2.500000e+00 5.576702e-01
2.530055e+00 3.500000e+00 1.569949e-01
2.533633e+00 4.500000e+00 3.237144e-01
2.536248e+00 5.500000e+00 4.319127e-01
2.534721e+00 6.500000e+00 7.862907e-02
2.531945e+00 7.500000e+00 -9.859513e-02
2.534127e+00 8.500000e+00 2.431843e-01
2.532556e+00 9.500000e+00 -2.124978e-01
2.533973e+00 1.050000e+01 4.662451e-03
2.533447e+00 1.150000e+01 -3.898076e-01
2.534849e+00 1.250000e+01 -5.852904e-01
2.531561e+00 1.350000e+01 -2.157262e-01
2.535161e+00 1.450000e+01 1.596789e-02
2.535639e+00 1.550000e+01 -2.018550e-01
2.535062e+00 1.650000e+01 1.716647e-02
2.532402e+00 1.750000e+01 -2.396307e-01
2.533526e+00 1.850000e+01 -1.212979e+00
2.533305e+00 1.950000e+01 -9.794796e-01
2.533299e+00 2.050000e+01 -5.960106e-01
2.532868e+00 2.150000e+01 -3.919835e-01
2.532745e+00 2.250000e+01 -4.123404e-02
2.533757e+00 2.350000e+01 8.479614e-02
2.531564e+00 2.450000e+01 1.388039e-01
3.525256e+00 5.000000e-01 9.518439e-01
3.523796e+00 1.500000e+00 7.480075e-01
3.523399e+00 2.500000e+00 4.275448e-01
3.524842e+00 3.500000e+00 -5.490045e-02
3.524047e+00 4.500000e+00 1.953866e-01
3.525251e+00 5.500000e+00 1.076925e-01
3.524246e+00 6.500000e+00 -1.246652e-01
3.521401e+00 7.500000e+00 3.322017e-01
3.522536e+00 8.500000e+00 1.660623e-01
3.521317e+00 9.500000e+00 3.959691e-01
3.523112e+00 1.050000e+01 -2.802554e-02
3.524318e+00 1.150000e+01 2.257357e-02
3.523717e+00 1.250000e+01 -5.461019e-01
3.522838e+00 1.350000e+01 -4.070662e-01
3.521984e+00 1.450000e+01 -5.869406e-01
3.523824e+00 1.550000e+01 -2.017672e-01
3.524958e+00 1.650000e+01 -3.512128e-01
3.523651e+00 1.750000e+01 -7.445622e-01
3.523239e+00 1.850000e+01 -8.626715e-01
3.522872e+00 1.950000e+01 -7.863193e-01
3.523084e+00 2.050000e+01 2.842851e-01
3.523766e+00 2.150000e+01 -3.873826e-02
3.522174e+00 2.250000e+01 -8.916143e-02
3.523961e+00 2.350000e+01 -4.482412e-02
3.523168e+00 2.450000e+01 2.139896e-01
4.518095e+00 5.000000e-01 4.305971e-01
4.517826e+00 1.500000e+00 3.905703e-01
4.519622e+00 2.500000e+00 1.770790e-01
4.517609e+00 3.500000e+00 -6.794417e-02
4.517579e+00 4.500000e+00 -1.841880e-01
4.519108e+00 5.500000e+00 -4.715457e-03
4.519078e+00 6.500000e+00 3.029286e-01
4.518583e+00 7.500000e+00 -1.902455e-01
4.519323e+00 8.500000e+00 -3.177717e-02
4.519909e+00 9.500000e+00 2.653966e-01
4.518711e+00 1.050000e+01 3.677470e-02
4.518018e+00 1.150000e+01 -3.861460e-01
4.518528e+00 1.250000e+01 -2.074433e-01
4.518478e+00 1.350000e+01 -7.296854e-01
4.518437e+00 1.450000e+01 -4.125593e-01
4.519038e+00 1.550000e+01 -8.102893e-01
4.519091e+00 1.650000e+01 -6.209655e-01
4.518781e+00 1.750000e+01 -5.633124e-01
4.518840e+00 1.850000e+01 -6.226060e-01
4.516619e+00 1.950000e+01 -3.178239e-01
4.519146e+00 2.050000e+01 -4.364795e-01
4.518595e+00 2.150000e+01 2.414159e-01
4.518384e+00 2.250000e+01 -1.729089e-01
4.517513e+00 2.350000e+01 -2.624310e-01
4.518342e+00 2.450000e+01 -3.054580e-01
5.515603e+00 5.000000e-01 4.051800e-01
5.515127e+00 1.500000e+00 7.333522e-02
5.516058e+00 2.500000e+00 2.936943e-01
5.514678e+00 3.500000e+00 5.177695e-01
5.515978e+00 4.500000e+00 -8.216151e-02
5.514039e+00 5.500000e+00 -1.107808e-01
5.515753e+00 6.500000e+00 -9.150016e-02
5.513798e+00 7.500000e+00 3.251100e-02
5.515018e+00 8.500000e+00 2.867289e-01
5.515310e+00 9.500000e+00 1.521676e-01
5.515067e+00 1.050000e+01 1.779733e-01
5.516551e+00 1.150000e+01 2.670106e-02
5.515008e+00 1.250000e+01 -1.132376e-01
5.515595e+00 1.350000e+01 -5.805528e-02
5.514450e+00 1.450000e+01 -6.358258e-01
5.514420e+00 1.550000e+01 -4.764733e-01
5.513879e+00 1.650000e+01 -1.061998e+00
5.514637e+00 1.750000e+01 -1.025936e+00
5.515039e+00 1.850000e+01 -2.243186e-01
5.514605e+00 1.950000e+01 3.189510e-02
5.515072e+00 2.050000e+01 -1.109934e-01
5.515162e+00 2.150000e+01 -5.776471e-01
5.514476e+00 2.250000e+01 -2.938306e-01
5.516898e+00 2.350000e+01 -6.397347e-01
5.515141e+00 2.450000e+01 -4.403158e-01
6.513341e+00 5.000000e-01 2.127205e-03
6.512551e+00 1.500000e+00 2.843792e-01
6.512151e+00 2.500000e+00 3.586234e-01
6.512505e+00 3.500000e+00 2.159449e-01
6.513299e+00 4.500000e+00 1.804381e-01
6.512988e+00 5.500000e+00 -4.060068e-01
6.512728e+00 6.500000e+00 -4.719044e-01
6.513546e+00 7.500000e+00 8.161282e-02
6.512761e+00 8.500000e+00 4.928931e-02
6.512858e+00 9.500000e+00 1.770656e-01
6.513507e+00 1.050000e+01 -1.829182e-02
6.513201e+00 1.150000e+01 3.248306e-01
6.512514e+00 1.250000e+01 1.188526e-01
6.512752e+00 1.350000e+01 -1.728133e-01
6.513011e+00 1.450000e+01 -2.903918e-01
6.512148e+00 1.550000e+01 -8.785599e-01
6.513564e+00 1.650000e+01 -6.493264e-01
6.513418e+00 1.750000e+01 -5.639712e-01
6.513966e+00 1.850000e+01 -3.898062e-01
6.512353e+00 1.950000e+01 -3.327389e-01
6.513367e+00 2.050000e+01 -3.246522e-01
6.512022e+00 2.150000e+01 -4.003596e-01
6.511759e+00 2.250000e+01 -3.125930e-01
6.511777e+00 2.350000e+01 1.893362e-01
6.513864e+00 2.450000e+01 -1.730148e-01
7.511202e+00 5.000000e-01 -6.615187e-01
7.512330e+00 1.500000e+00 -3.756906e-01
7.510841e+00 2.500000e+00 -1.901004e-01
7.511142e+00 3.500000e+00 7.289154e-02
7.511382e+00 4.500000e+00 2.190440e-01
7.512154e+00 5.500000e+00 1.780239e-01
7.511098e+00 6.500000e+00 -1.022797e-01
7.511024e+00 7.500000e+00 -1.071787e-01
7.511589e+00 8.500000e+00 5.004221e-02
7.510161e+00 9.500000e+00 -1.211931e-01
7.512274e+00 1.050000e+01 2.997567e-01
7.510957e+00 1.150000e+01 8.010807e-02
7.508980e+00 1.250000e+01 1.761781e-01
7.510073e+00 1.350000e+01 -2.214876e-01
7.511986e+00 1.450000e+01 -3.466876e-01
7.511020e+00 1.550000e+01 -4.609005e-01
7.511525e+00 1.650000e+01 -4.348347e-01
7.511345e+00 1.750000e+01 -2.481326e-01
7.511193e+00 1.850000e+01 -5.402976e-01
7.512970e+00 1.950000e+01 -4.791147e-01
7.510642e+00 2.050000e+01 -3.032720e-01
7.511503e+00 2.150000e+01 -2.220066e-01
7.510743e+00 2.250000e+01 -8.919187e-02
7.510326e+00 2.350000e+01 -7.167828e-02
7.510775e+00 2.450000e+01 -3.040812e-01
8.509545e+00 5.000000e-01 -4.731956e-01
8.511224e+00 1.500000e+00 -5.196570e-01
8.510429e+00 2.500000e+00 -5.132010e-01
8.509534e+00 3.500000e+00 -3.758262e-01
8.509952e+00 4.500000e+00 -2.103521e-01
8.509639e+00 5.500000e+00 1.134851e-02
8.509187e+00 6.500000e+00 6.765555e-02
8.508687e+00 7.500000e+00 -3.264536e-01
8.508262e+00 8.500000e+00 -3.612961e-01
8.510787e+00 9.500000e+00 3.563952e-02
8.510921e+00 1.050000e+01 -1.221817e-01
8.510286e+00 1.150000e+01 8.694496e-03
8.508951e+00 1.250000e+01 -3.193124e-01
8.509237e+00 1.350000e+01 -4.221542e-01
8.510362e+00 1.450000e+01 -6.758342e-01
8.509923e+00 1.550000e+01 -6.006680e-01
8.509506e+00 1.650000e+01 -1.976551e-01
8.510849e+00 1.750000e+01 -1.894147e-01
8.510230e+00 1.850000e+01 -9.104145e-02
8.508690e+00 1.950000e+01 -2.272924e-01
8.510000e+00 2.050000e+01 -2.219575e-01
8.510190e+00 2.150000e+01 -1.355956e-01
8.510174e+00 2.250000e+01 -3.021581e-01
8.508035e+00 2.350000e+01 -5.832595e-01
8.510331e+00 2.450000e+01 -1.903008e-01
9.508666e+00 5.000000e-01 -2.210798e-01
9.509405e+00 1.500000e+00 -2.711311e-01
9.508663e+00 2.500000e+00 -2.363736e-01
9.508704e+00 3.500000e+00 -3.823099e-01
9.509472e+00 4.500000e+00 -4.195167e-01
9.509025e+00 5.500000e+00 -1.218272e-01
9.509847e+00 6.500000e+00 7.522899e-02
9.509080e+00 7.500000e+00 -2.338007e-02
9.509313e+00 8.500000e+00 -2.463182e-01
9.509392e+00 9.500000e+00 -3.384693e-01
9.508882e+00 1.050000e+01 -2.133479e-01
9.507799e+00 1.150000e+01 -3.727570e-01
9.510397e+00 1.250000e+01 -2.334981e-01
9.509624e+00 1.350000e+01 -3.083272e-01
9.510118e+00 1.450000e+01 -3.981050e-01
9.509571e+00 1.550000e+01 -1.185344e-01
9.508486e+00 1.650000e+01 -8.631783e-02
9.508754e+00 1.750000e+01 -4.831320e-02
9.509346e+00 1.850000e+01 -2.070043e-01
9.508984e+00 1.950000e+01 -3.392416e-01
9.508077e+00 2.050000e+01 -2.840475e-01
9.509130e+00 2.150000e+01 -3.399570e-01
9.508544e+00 2.250000e+01 -5.409496e-01
9.508670e+00 2.350000e+01 -5.463364e-01
9.509525e+00 2.450000e+01 -2.553402e-01
1.050782e+01 5.000000e-01 9.393291e-02
1.050818e+01 1.500000e+00 -1.653245e-01
1.050809e+01 2.500000e+00 -4.101511e-01
1.050836e+01 3.500000e+00 -3.188209e-01
1.050729e+01 4.500000e+00 -3.052626e-01
1.050797e+01 5.500000e+00 -2.138025e-01
1.050722e+01 6.500000e+00 -2.913137e-01
1.050959e+01 7.500000e+00 -2.271933e-01
1.050848e+01 8.500000e+00 -2.430357e-01
1.050808e+01 9.500000e+00 -2.656384e-01
1.050836e+01 1.050000e+01 -1.670771e-01
1.050803e+01 1.150000e+01 -1.372877e-01
1.050866e+01 1.250000e+01 -2.476182e-01
1.050767e+01 1.350000e+01 -2.706221e-01
1.050854e+01 1.450000e+01 7.931441e-03
1.050750e+01 1.550000e+01 1.288413e-01
1.050800e+01 1.650000e+01 6.598297e-02
1.050856e+01 1.750000e+01 -1.597285e-01
1.050717e+01 1.850000e+01 -1.880768e-01
1.050849e+01 1.950000e+01 -1.897486e-01
1.050782e+01 2.050000e+01 -3.207223e-01
1.050573e+01 2.150000e+01 -5.070294e-01
1.050874e+01 2.250000e+01 -3.065622e-01
1.050792e+01 2.350000e+01 -2.683051e-01
1.050742e+01 2.450000e+01 -4.438427e-01
1.150710e+01 5.000000e-01 -1.853555e-01
1.150604e+01 1.500000e+00 -1.654629e-01
1.150761e+01 2.500000e+00 -2.041013e-01
1.150644e+01 3.500000e+00 -1.736466e-01
1.150787e+01 4.500000e+00 -1.109110e-01
1.150742e+01 5.500000e+00 -3.923904e-01
1.150768e+01 6.500000e+00 -3.132568e-01
1.150780e+01 7.500000e+00 -1.396505e-01
1.150704e+01 8.500000e+00 -7.113725e-02
1.150732e+01 9.500000e+00 -2.238844e-01
1.150697e+01 1.050000e+01 -4.480129e-01
1.150683e+01 1.150000e+01 -2.098239e-01
1.150604e+01 1.250000e+01 -6.664488e-02
1.150781e+01 1.350000e+01 1.603356e-01
1.150669e+01 1.450000e+01 4.692677e-01
1.150725e+01 1.550000e+01 2.495817e-01
1.150789e+01 1.650000e+01 -1.040503e-01
1.150723e+01 1.750000e+01 -1.385384e-01
1.150752e+01 1.850000e+01 -1.022544e-01
1.150785e+01 1.950000e+01 -5.908281e-02
1.150707e+01 2.050000e+01 -1.952481e-01
1.150779e+01 2.150000e+01 -2.903944e-01
1.150752e+01 2.250000e+01 -2.300830e-01
1.150804e+01 2.350000e+01 -1.986360e-01
1.150665e+01 2.450000e+01 -2.512646e-01
1.250758e+01 5.000000e-01 -9.089623e-02
1.250566e+01 1.500000e+00 -1.587508e-01
1.250721e+01 2.500000e+00 -1.959166e-01
1.250738e+01 3.500000e+00 -1.062880e-01
1.250686e+01 4.500000e+00 -3.648417e-02
1.250759e+01 5.500000e+00 -2.079566e-01
1.250643e+01 6.500000e+00 -1.974821e-01
1.250698e+01 7.500000e+00 1.139279e-02
1.250692e+01 8.500000e+00 -8.051524e-02
1.250642e+01 9.500000e+00 -3.655888e-01
1.250619e+01 1.050000e+01 -2.544138e-01
1.250813e+01 1.150000e+01 -3.504447e-01
1.250571e+01 1.250000e+01 -1.841115e-01
1.250640e+01 1.350000e+01 3.493634e-01
1.250622e+01 1.450000e+01 2.014018e-01
1.250668e+01 1.550000e+01 1.809705e-01
1.250656e+01 1.650000e+01 1.311460e-01
1.250654e+01 1.750000e+01 -4.674771e-02
1.250580e+01 1.850000e+01 -6.559392e-02
1.250779e+01 1.950000e+01 -9.457789e-02
1.250658e+01 2.050000e+01 -1.744846e-01
1.250657e+01 2.150000e+01 -9.297539e-02
1.250608e+01 2.250000e+01 -5.801539e-03
1.250608e+01 2.350000e+01 -6.693596e-02
1.250782e+01 2.450000e+01 -3.949987e-02
1.350641e+01 5.000000e-01 -6.269716e-02
1.350604e+01 1.500000e+00 3.367954e-03
1.350679e+01 2.500000e+00 5.724820e-03
1.350681e+01 3.500000e+00 -2.892456e-01
1.350641e+01 4.500000e+00 -4.651950e-01
1.350696e+01 5.500000e+00 -1.826004e-01
1.350550e+01 6.500000e+00 -1.568228e-01
1.350562e+01 7.500000e+00 -3.578796e-01
1.350568e+01 8.500000e+00 -3.713809e-01
1.350654e+01 9.500000e+00 -2.819762e-01
1.350607e+01 1.050000e+01 -3.581781e-01
1.350583e+01 1.150000e+01 -3.017470e-01
1.350596e+01 1.250000e+01 1.427399e-02
1.350598e+01 1.350000e+01 -1.447384e-01
1.350622e+01 1.450000e+01 8.375512e-02
1.350588e+01 1.550000e+01 9.084941e-02
1.350531e+01 1.650000e+01 1.820370e-01
1.350625e+01 1.750000e+01 2.795950e-01
1.350624e+01 1.850000e+01 1.646572e-01
1.350558e+01 1.950000e+01 -7.634097e-02
1.350616e+01 2.050000e+01 -5.235590e-02
1.350636e+01 2.150000e+01 -1.023803e-01
1.350650e+01 2.250000e+01 -3.451331e-01
1.350541e+01 2.350000e+01 -1.754472e-01
1.350753e+01 2.450000e+01 -5.615203e-02
1.450543e+01 5.000000e-01 5.399340e-02
1.450611e+01 1.500000e+00 -8.100432e-03
1.450466e+01 2.500000e+00 4.243682e-02
1.450554e+01 3.500000e+00 -2.347848e-01
1.450605e+01 4.500000e+00 -4.099734e-01
1.450535e+01 5.500000e+00 -3.226337e-01
1.450607e+01 6.500000e+00 -2.780075e-01
1.450606e+01 7.500000e+00 -3.745186e-01
1.450629e+01 8.500000e+00 -2.401157e-01
1.450622e+01 9.500000e+00 -4.260000e-02
1.450471e+01 1.050000e+01 -2.110522e-01
1.450559e+01 1.150000e+01 -1.913885e-01
1.450597e+01 1.250000e+01 -1.379149e-01
1.450517e+01 1.350000e+01 -5.023694e-02
1.450584e+01 1.450000e+01 8.357441e-03
1.450542e+01 1.550000e+01 3.259591e-01
1.450574e+01 1.650000e+01 3.651856e-01
1.450521e+01 1.750000e+01 2.894108e-01
1.450493e+01 1.850000e+01 1.190161e-01
1.450507e+01 1.950000e+01 -4.777089e-02
1.450539e+01 2.050000e+01 -6.090450e-02
1.450565e+01 2.150000e+01 -1.516007e-02
1.450559e+01 2.250000e+01 -2.306822e-02
1.450571e+01 2.350000e+01 -1.946074e-01
1.450578e+01 2.450000e+01 -4.282821e-01
1.550552e+01 5.000000e-01 -1.449803e-01
1.550503e+01 1.500000e+00 -1.113404e-01
1.550450e+01 2.500000e+00 -2.420986e-01
1.550512e+01 3.500000e+00 -1.422934e-01
1.550519e+01 4.500000e+00 -1.561816e-01
1.550539e+01 5.500000e+00 -4.131483e-01
1.550518e+01 6.500000e+00 -4.159049e-01
1.550549e+01 7.500000e+00 -3.123620e-01
1.550489e+01 8.500000e+00 -3.012228e-01
1.550536e+01 9.500000e+00 -3.113345e-01
1.550471e+01 1.050000e+01 -1.195156e-02
1.550496e+01 1.150000e+01 9.858659e-02
1.550543e+01 1.250000e+01 -1.720621e-01
1.550594e+01 1.350000e+01 2.684308e-02
1.550530e+01 1.450000e+01 4.458414e-02
1.550508e+01 1.550000e+01 6.552533e-02
1.550525e+01 1.650000e+01 2.262096e-01
1.550509e+01 1.750000e+01 2.620894e-01
1.550546e+01 1.850000e+01 1.474882e-01
1.550609e+01 1.950000e+01 2.064406e-01
1.550594e+01 2.050000e+01 2.327479e-01
1.550554e+01 2.150000e+01 6.051207e-02
1.550536e+01 2.250000e+01 2.913303e-03
1.550494e+01 2.350000e+01 -1.653955e-01
1.550496e+01 2.450000e+01 -1.958817e-01
1.650503e+01 5.000000e-01 -4.028846e-01
1.650541e+01 1.500000e+00 -2.260347e-01
1.650452e+01 2.500000e+00 -8.737738e-02
1.650585e+01 3.500000e+00 -5.498684e-03
1.650363e+01 4.500000e+00 2.848975e-02
1.650461e+01 5.500000e+00 -1.722312e-01
1.650423e+01 6.500000e+00 -4.024826e-01
1.650566e+01 7.500000e+00 -2.359391e-01
1.650525e+01 8.500000e+00 -4.114191e-01
1.650498e+01 9.500000e+00 -3.873307e-01
1.650477e+01 1.050000e+01 -1.029334e-01
1.650593e+01 1.150000e+01 -2.100049e-02
1.650528e+01 1.250000e+01 2.588377e-02
1.650496e+01 1.350000e+01 -1.567998e-01
1.650464e+01 1.450000e+01 8.368466e-02
1.650505e+01 1.550000e+01 1.031652e-01
1.650496e+01 1.650000e+01 9.015553e-02
1.650529e+01 1.750000e+01 7.044301e-02
1.650518e+01 1.850000e+01 2.073498e-01
1.650462e+01 1.950000e+01 2.633093e-01
1.650513e+01 2.050000e+01 9.377075e-02
1.650480e+01 2.150000e+01 4.642659e-02
1.650441e+01 2.250000e+01 8.461571e-02
1.650511e+01 2.350000e+01 1.130597e-01
1.650601e+01 2.450000e+01 5.507259e-02
1.750451e+01 5.000000e-01 -8.959067e-02
1.750518e+01 1.500000e+00 -2.465184e-01
1.750450e+01 2.500000e+00 -1.709003e-01
1.750595e+01 3.500000e+00 -7.372589e-02
1.750432e+01 4.500000e+00 -6.140582e-02
1.750551e+01 5.500000e+00 -1.702238e-02
1.750528e+01 6.500000e+00 -2.256781e-01
1.750491e+01 7.500000e+00 -5.179449e-01
1.750382e+01 8.500000e+00 -4.748197e-01
1.750539e+01 9.500000e+00 -3.050509e-01
1.750538e+01 1.050000e+01 -3.693508e-01
1.750430e+01 1.150000e+01 -1.354916e-01
1.750494e+01 1.250000e+01 1.950256e-02
1.750411e+01 1.350000e+01 4.980748e-02
1.750459e+01 1.450000e+01 -7.592471e-02
1.750505e+01 1.550000e+01 7.215281e-02
1.750448e+01 1.650000e+01 -4.611662e-02
1.750432e+01 1.750000e+01 6.486233e-02
1.750455e+01 1.850000e+01 2.545350e-01
1.750510e+01 1.950000e+01 1.538537e-01
1.750450e+01 2.050000e+01 5.384750e-02
1.750452e+01 2.150000e+01 9.486126e-02
1.750494e+01 2.250000e+01 9.793100e-02
1.750492e+01 2.350000e+01 1.481870e-01
1.750521e+01 2.450000e+01 1.604543e-01
1.850391e+01 5.000000e-01 1.904378e-01
1.850489e+01 1.500000e+00 5.661989e-02
1.850498e+01 2.500000e+00 5.187471e-02
1.850405e+01 3.500000e+00 -1.113065e-01
1.850463e+01 4.500000e+00 -1.641285e-01
1.850383e+01 5.500000e+00 -2.198695e-01
1.850452e+01 6.500000e+00 -2.202259e-01
1.850450e+01 7.500000e+00 -4.168585e-01
1.850436e+01 8.500000e+00 -3.201937e-01
1.850430e+01 9.500000e+00 -2.627582e-01
1.850380e+01 1.050000e+01 -2.217326e-01
1.850483e+01 1.150000e+01 -1.501094e-01
1.850447e+01 1.250000e+01 -9.683374e-02
1.850455e+01 1.350000e+01 -6.162699e-03
1.850456e+01 1.450000e+01 -5.835472e-02
1.850432e+01 1.550000e+01 -1.029306e-01
1.850452e+01 1.650000e+01 2.083442e-02
1.850529e+01 1.750000e+01 8.859586e-02
1.850432e+01 1.850000e+01 8.311164e-02
1.850348e+01 1.950000e+01 8.772027e-02
1.850498e+01 2.050000e+01 2.290868e-01
1.850416e+01 2.150000e+01 2.105391e-01
1.850444e+01 2.250000e+01 1.921455e-01
1.850410e+01 2.350000e+01 1.987495e-01
1.850449e+01 2.450000e+01 3.141285e-01
1.950441e+01 5.000000e-01 1.441434e-01
1.950393e+01 1.500000e+00 3.009601e-01
1.950426e+01 2.500000e+00 -1.125849e-02
1.950402e+01 3.500000e+00 -7.008522e-02
1.950462e+01 4.500000e+00 -1.689087e-01
1.950414e+01 5.500000e+00 -2.156401e-01
1.950440e+01 6.500000e+00 -1.132298e-01
1.950386e+01 7.500000e+00 -2.006746e-02
1.950368e+01 8.500000e+00 -9.941845e-02
1.950401e+01 9.500000e+00 -4.747239e-02
1.950432e+01 1.050000e+01 -4.031072e-02
1.950423e+01 1.150000e+01 -1.924750e-01
1.950324e+01 1.250000e+01 -8.516405e-02
1.950483e+01 1.350000e+01 6.931196e-03
1.950412e+01 1.450000e+01 -1.498024e-02
1.950384e+01 1.550000e+01 -2.484308e-01
1.950398e+01 1.650000e+01 -1.772150e-02
1.950375e+01 1.750000e+01 7.138794e-02
1.950459e+01 1.850000e+01 -2.279356e-02
1.950503e+01 1.950000e+01 1.991319e-01
1.950425e+01 2.050000e+01 2.607937e-01
1.950423e+01 2.150000e+01 1.924399e-01
1.950448e+01 2.250000e+01 1.858764e-01
1.950438e+01 2.350000e+01 3.344372e-01
1.950429e+01 2.450000e+01 2.787519e-01
2.050300e+01 5.000000e-01 7.314828e-02
2.050440e+01 1.500000e+00 -1.512647e-02
2.050433e+01 2.500000e+00 5.476484e-02
2.050428e+01 3.500000e+00 -1.504773e-01
2.050315e+01 4.500000e+00 -1.200888e-01
2.050367e+01 5.500000e+00 -4.023679e-02
2.050458e+01 6.500000e+00 -1.269599e-01
2.050435e+01 7.500000e+00 -2.194498e-02
2.050390e+01 8.500000e+00 3.920752e-02
2.050422e+01 9.500000e+00 -8.659356e-02
2.050407e+01 1.050000e+01 -1.139158e-01
2.050457e+01 1.150000e+01 5.116983e-02
2.050380e+01 1.250000e+01 -1.304410e-01
2.050432e+01 1.350000e+01 -6.671409e-02
2.050401e+01 1.450000e+01 -1.462947e-01
2.050393e+01 1.550000e+01 3.803780e-02
2.050463e+01 1.650000e+01 -2.094727e-01
2.050428e+01 1.750000e+01 -1.395731e-01
2.050436e+01 1.850000e+01 1.736658e-01
2.050386e+01 1.950000e+01 2.445549e-01
2.050434e+01 2.050000e+01 2.218221e-01
2.050367e+01 2.150000e+01 2.681320e-01
2.050392e+01 2.250000e+01 2.739774e-01
2.050356e+01 2.350000e+01 1.962264e-01
2.050392e+01 2.450000e+01 1.485910e-01
2.150410e+01 5.000000e-01 -1.291593e-01
2.150347e+01 1.500000e+00 -8.171634e-02
2.150367e+01 2.500000e+00 1.719201e-02
2.150377e+01 3.500000e+00 2.996980e-02
2.150497e+01 4.500000e+00 2.061131e-02
2.150427e+01 5.500000e+00 -1.417639e-01
2.150376e+01 6.500000e+00 1.521770e-02
2.150412e+01 7.500000e+00 5.231200e-02
2.150419e+01 8.500000e+00 -2.706758e-02
2.150430e+01 9.500000e+00 -7.292522e-02
2.150400e+01 1.050000e+01 -1.007707e-01
2.150486e+01 1.150000e+01 -1.304628e-01
2.150413e+01 1.250000e+01 -3.502666e-02
2.150350e+01 1.350000e+01 -1.747220e-01
2.150341e+01 1.450000e+01 -5.916323e-02
2.150327e+01 1.550000e+01 -6.387789e-03
2.150385e+01 1.650000e+01 -2.183754e-01
2.150441e+01 1.750000e+01 -2.932357e-01
2.150417e+01 1.850000e+01 -8.544169e-02
2.150368e+01 1.950000e+01 -8.293982e-02
2.150272e+01 2.050000e+01 8.693146e-02
2.150352e+01 2.150000e+01 2.066281e-01
2.150405e+01 2.250000e+01 3.042425e-01
2.150293e+01 2.350000e+01 1.410944e-01
2.150316e+01 2.450000e+01 8.454718e-02
2.250433e+01 5.000000e-01 7.851974e-02
2.250407e+01 1.500000e+00 3.782490e-02
2.250372e+01 2.500000e+00 -4.536294e-02
2.250393e+01 3.500000e+00 1.736464e-01
2.250390e+01 4.500000e+00 -2.190104e-02
2.250249e+01 5.500000e+00 8.979065e-02
2.250373e+01 6.500000e+00 6.730392e-02
2.250392e+01 7.500000e+00 1.370061e-01
2.250342e+01 8.500000e+00 1.129475e-01
2.250330e+01 9.500000e+00 -1.626292e-02
2.250346e+01 1.050000e+01 -4.004893e-02
2.250332e+01 1.150000e+01 -4.569766e-02
2.250378e+01 1.250000e+01 -1.828054e-01
2.250408e+01 1.350000e+01 -1.164888e-01
2.250410e+01 1.450000e+01 -1.101347e-01
2.250380e+01 1.550000e+01 -2.305459e-01
2.250328e+01 1.650000e+01 -9.665764e-02
2.250391e+01 1.750000e+01 -5.930004e-03
2.250360e+01 1.850000e+01 -2.188840e-01
2.250445e+01 1.950000e+01 3.033729e-02
2.250391e+01 2.050000e+01 3.385902e-02
2.250298e+01 2.150000e+01 1.305112e-01
2.250351e+01 2.250000e+01 1.309246e-02
2.250438e+01 2.350000e+01 9.136140e-02
2.250377e+01 2.450000e+01 1.386338e-02
2.350384e+01 5.000000e-01 1.213327e-01
2.350374e+01 1.500000e+00 4.474190e-02
2.350315e+01 2.500000e+00 1.798562e-01
2.350305e+01 3.500000e+00 -7.169263e-02
2.350390e+01 4.500000e+00 6.018791e-02
2.350337e+01 5.500000e+00 9.275112e-02
2.350342e+01 6.500000e+00 2.433982e-01
2.350354e+01 7.500000e+00 1.323654e-01
2.350407e+01 8.500000e+00 9.031931e-02
2.350323e+01 9.500000e+00 1.336683e-01
2.350444e+01 1.050000e+01 -4.383195e-02
2.350285e+01 1.150000e+01 -1.579481e-01
2.350343e+01 1.250000e+01 -1.229198e-01
2.350315e+01 1.350000e+01 -1.318991e-01
2.350323e+01 1.450000e+01 -2.892348e-01
2.350372e+01 1.550000e+01 -1.615494e-01
2.350392e+01 1.650000e+01 -3.426909e-02
2.350325e+01 1.750000e+01 -1.132752e-01
2.350426e+01 1.850000e+01 -1.193296e-01
2.350344e+01 1.950000e+01 -7.473824e-02
2.350458e+01 2.050000e+01 1.211784e-01
2.350428e+01 2.150000e+01 1.096351e-01
2.350354e+01 2.250000e+01 1.558468e-01
2.350397e+01 2.350000e+01 1.600361e-01
2.350375e+01 2.450000e+01 7.869839e-02
2.450282e+01 5.000000e-01 1.145577e-01
2.450345e+01 1.500000e+00 2.296716e-01
2.450231e+01 2.500000e+00 -2.335359e-02
2.450378e+01 3.500000e+00 8.846492e-02
2.450308e+01 4.500000e+00 2.567771e-01
2.450344e+01 5.500000e+00 3.133362e-01
2.450302e+01 6.500000e+00 1.527976e-01
2.450349e+01 7.500000e+00 2.152993e-01
2.450340e+01 8.500000e+00 1.696403e-01
2.450315e+01 9.500000e+00 6.639612e-02
2.450293e+01 1.050000e+01 5.888563e-02
2.450364e+01 1.150000e+01 -5.447283e-02
2.450354e+01 1.250000e+01 -1.961718e-01
2.450331e+01 1.350000e+01 -1.183156e-01
2.450402e+01 1.450000e+01 -8.883885e-02
2.450273e+01 1.550000e+01 -6.016738e-02
2.450333e+01 1.650000e+01 -1.010766e-01
2.450282e+01 1.750000e+01 7.491151e-03
2.450299e+01 1.850000e+01 -6.288527e-02
2.450398e+01 1.950000e+01 -1.745557e-01
2.450309e+01 2.050000e+01 -1.194832e-01
2.450238e+01 2.150000e+01 7.888744e-02
2.450316e+01 2.250000e+01 2.111294e-01
2.450295e+01 2.350000e+01 1.579254e-01
2.450334e+01 2.450000e+01 1.553601e-01
