1.075434e+00 5.000000e-01 1.328715e+02
1.078806e+00 1.500000e+00 8.580564e+01
1.077605e+00 2.500000e+00 5.756801e+01
1.078177e+00 3.500000e+00 3.569066e+01
1.077954e+00 4.500000e+00 4.352526e+01
1.075788e+00 5.500000e+00 5.264460e+01
1.077601e+00 6.500000e+00 4.756353e+01
1.076191e+00 7.500000e+00 4.267722e+01
1.077647e+00 8.500000e+00 2.752480e+01
1.076434e+00 9.500000e+00 2.589810e+01
1.077628e+00 1.050000e+01 3.556950e+01
1.077131e+00 1.150000e+01 3.538763e+01
1.077803e+00 1.250000e+01 2.608995e+01
1.076871e+00 1.350000e+01 1.498609e+01
1.079454e+00 1.450000e+01 1.191508e+01
1.078647e+00 1.550000e+01 1.380203e+01
1.076662e+00 1.650000e+01 1.300675e+01
1.075713e+00 1.750000e+01 1.014503e+01
1.078611e+00 1.850000e+01 6.287390e+00
1.076169e+00 1.950000e+01 4.548739e+00
1.076772e+00 2.050000e+01 1.058065e+00
1.077475e+00 2.150000e+01 1.000000e+00
1.078818e+00 2.250000e+01 1.000000e+00
1.076750e+00 2.350000e+01 1.000000e+00
1.076585e+00 2.450000e+01 1.000000e+00
1.240676e+00 5.000000e-01 1.222495e+02
1.240712e+00 1.500000e+00 7.931688e+01
1.240085e+00 2.500000e+00 6.093333e+01
1.239494e+00 3.500000e+00 3.802652e+01
1.242615e+00 4.500000e+00 4.620774e+01
1.241669e+00 5.500000e+00 4.926831e+01
1.241066e+00 6.500000e+00 4.595028e+01
1.241017e+00 7.500000e+00 4.459298e+01
1.241029e+00 8.500000e+00 3.036885e+01
1.239514e+00 9.500000e+00 2.381753e+01
1.241057e+00 1.050000e+01 3.420430e+01
1.241609e+00 1.150000e+01 2.865483e+01
1.242195e+00 1.250000e+01 2.041902e+01
1.241704e+00 1.350000e+01 4.985153e+00
1.241529e+00 1.450000e+01 1.917946e+01
1.243754e+00 1.550000e+01 1.300647e+01
1.240412e+00 1.650000e+01 1.323777e+01
1.240931e+00 1.750000e+01 1.090478e+01
1.240692e+00 1.850000e+01 7.794425e+00
1.241002e+00 1.950000e+01 4.519205e+00
1.241401e+00 2.050000e+01 1.082721e+00
1.242201e+00 2.150000e+01 1.000000e+00
1.240948e+00 2.250000e+01 1.000000e+00
1.239060e+00 2.350000e+01 1.000000e+00
1.240229e+00 2.450000e+01 1.000000e+00
1.428459e+00 5.000000e-01 1.039794e+02
1.429165e+00 1.500000e+00 7.799437e+01
1.429219e+00 2.500000e+00 5.669667e+01
1.427939e+00 3.500000e+00 4.041907e+01
1.428526e+00 4.500000e+00 4.841176e+01
1.429539e+00 5.500000e+00 4.451400e+01
1.429918e+00 6.500000e+00 4.433566e+01
1.426502e+00 7.500000e+00 4.241658e+01
1.426210e+00 8.500000e+00 3.174850e+01
1.427791e+00 9.500000e+00 2.248585e+01
1.429857e+00 1.050000e+01 2.596492e+01
1.428173e+00 1.150000e+01 3.361559e+01
1.426127e+00 1.250000e+01 1.145142e+01
1.430545e+00 1.350000e+01 8.947769e+00
1.429685e+00 1.450000e+01 1.669426e+01
1.428856e+00 1.550000e+01 1.521663e+01
1.428883e+00 1.650000e+01 1.554199e+01
1.428584e+00 1.750000e+01 1.122138e+01
1.428330e+00 1.850000e+01 8.077326e+00
1.429022e+00 1.950000e+01 3.618491e+00
1.427497e+00 2.050000e+01 1.025922e+00
1.427949e+00 2.150000e+01 1.000000e+00
1.429177e+00 2.250000e+01 1.000000e+00
1.428308e+00 2.350000e+01 1.000000e+00
1.429657e+00 2.450000e+01 1.000000e+00
1.644607e+00 5.000000e-01 9.090498e+01
1.644421e+00 1.500000e+00 7.123180e+01
1.645053e+00 2.500000e+00 5.715224e+01
1.644573e+00 3.500000e+00 4.591965e+01
1.646265e+00 4.500000e+00 5.095238e+01
1.645932e+00 5.500000e+00 4.627903e+01
1.644445e+00 6.500000e+00 3.976635e+01
1.644838e+00 7.500000e+00 3.760947e+01
1.643010e+00 8.500000e+00 3.100449e+01
1.642889e+00 9.500000e+00 2.532761e+01
1.645680e+00 1.050000e+01 2.368894e+01
1.643763e+00 1.150000e+01 3.313733e+01
1.645184e+00 1.250000e+01 1.374857e+01
1.645546e+00 1.350000e+01 1.726296e+01
1.643396e+00 1.450000e+01 1.866198e+01
1.645565e+00 1.550000e+01 1.717820e+01
1.644950e+00 1.650000e+01 1.430315e+01
1.645930e+00 1.750000e+01 1.220286e+01
1.645039e+00 1.850000e+01 7.647785e+00
1.647811e+00 1.950000e+01 3.386431e+00
1.644386e+00 2.050000e+01 9.380226e-01
1.646485e+00 2.150000e+01 1.000000e+00
1.645680e+00 2.250000e+01 1.000000e+00
1.645209e+00 2.350000e+01 1.000000e+00
1.646464e+00 2.450000e+01 1.000000e+00
1.894904e+00 5.000000e-01 8.618098e+01
1.893747e+00 1.500000e+00 6.924356e+01
1.894077e+00 2.500000e+00 5.436999e+01
1.893537e+00 3.500000e+00 5.608731e+01
1.894986e+00 4.500000e+00 4.944028e+01
1.892719e+00 5.500000e+00 4.499225e+01
1.895694e+00 6.500000e+00 3.964236e+01
1.894378e+00 7.500000e+00 3.480212e+01
1.892308e+00 8.500000e+00 2.158187e+01
1.894300e+00 9.500000e+00 2.761026e+01
1.895111e+00 1.050000e+01 2.369830e+01
1.894689e+00 1.150000e+01 3.159653e+01
1.895294e+00 1.250000e+01 1.911571e+01
1.894008e+00 1.350000e+01 2.078774e+01
1.894442e+00 1.450000e+01 1.633787e+01
1.892670e+00 1.550000e+01 1.794703e+01
1.894306e+00 1.650000e+01 1.389920e+01
1.894678e+00 1.750000e+01 1.287819e+01
1.892924e+00 1.850000e+01 7.673193e+00
1.894070e+00 1.950000e+01 3.576673e+00
1.892365e+00 2.050000e+01 9.497717e-01
1.894645e+00 2.150000e+01 1.000000e+00
1.894165e+00 2.250000e+01 1.000000e+00
1.893386e+00 2.350000e+01 1.000000e+00
1.894024e+00 2.450000e+01 1.000000e+00
2.181017e+00 5.000000e-01 8.056920e+01
2.180259e+00 1.500000e+00 6.434167e+01
2.181705e+00 2.500000e+00 5.271068e+01
2.181223e+00 3.500000e+00 5.696454e+01
2.181157e+00 4.500000e+00 4.664634e+01
2.181987e+00 5.500000e+00 4.547219e+01
2.182091e+00 6.500000e+00 4.095338e+01
2.181489e+00 7.500000e+00 3.323995e+01
2.183451e+00 8.500000e+00 3.213900e+01
2.180569e+00 9.500000e+00 2.842047e+01
2.182695e+00 1.050000e+01 2.383539e+01
2.182556e+00 1.150000e+01 2.552961e+01
2.180352e+00 1.250000e+01 2.183154e+01
2.180362e+00 1.350000e+01 2.287813e+01
2.181935e+00 1.450000e+01 1.766337e+01
2.182207e+00 1.550000e+01 2.032924e+01
2.182283e+00 1.650000e+01 1.469962e+01
2.181382e+00 1.750000e+01 1.390119e+01
2.180286e+00 1.850000e+01 7.628188e+00
2.179806e+00 1.950000e+01 2.947851e+00
2.181170e+00 2.050000e+01 8.878035e-01
2.179425e+00 2.150000e+01 1.000000e+00
2.180931e+00 2.250000e+01 1.000000e+00
2.180909e+00 2.350000e+01 1.000000e+00
2.180511e+00 2.450000e+01 1.000000e+00
2.508864e+00 5.000000e-01 7.568746e+01
2.510726e+00 1.500000e+00 6.376334e+01
2.511171e+00 2.500000e+00 5.236050e+01
2.510884e+00 3.500000e+00 5.629267e+01
2.511485e+00 4.500000e+00 4.709707e+01
2.512030e+00 5.500000e+00 4.233672e+01
2.511495e+00 6.500000e+00 4.190498e+01
2.511226e+00 7.500000e+00 2.688084e+01
2.511222e+00 8.500000e+00 3.038674e+01
2.509092e+00 9.500000e+00 2.544142e+01
2.511247e+00 1.050000e+01 2.372322e+01
2.512504e+00 1.150000e+01 1.895916e+01
2.513136e+00 1.250000e+01 2.281260e+01
2.511552e+00 1.350000e+01 2.239164e+01
2.510436e+00 1.450000e+01 1.893830e+01
2.509872e+00 1.550000e+01 2.147839e+01
2.512394e+00 1.650000e+01 1.466950e+01
2.512227e+00 1.750000e+01 1.252368e+01
2.511440e+00 1.850000e+01 6.758044e+00
2.513646e+00 1.950000e+01 2.996351e+00
2.509456e+00 2.050000e+01 6.784437e-01
2.511888e+00 2.150000e+01 1.000000e+00
2.512189e+00 2.250000e+01 1.000000e+00
2.511326e+00 2.350000e+01 1.000000e+00
2.510520e+00 2.450000e+01 1.000000e+00
2.890664e+00 5.000000e-01 6.885036e+01
2.892019e+00 1.500000e+00 5.718406e+01
2.892219e+00 2.500000e+00 4.828908e+01
2.893753e+00 3.500000e+00 5.166024e+01
2.892645e+00 4.500000e+00 4.255618e+01
2.892233e+00 5.500000e+00 3.709401e+01
2.891353e+00 6.500000e+00 3.209202e+01
2.891089e+00 7.500000e+00 2.945145e+01
2.890713e+00 8.500000e+00 3.219114e+01
2.891457e+00 9.500000e+00 2.541847e+01
2.891324e+00 1.050000e+01 2.285429e+01
2.891650e+00 1.150000e+01 1.540564e+01
2.891548e+00 1.250000e+01 1.936599e+01
2.894107e+00 1.350000e+01 2.182177e+01
2.891928e+00 1.450000e+01 2.017097e+01
2.891790e+00 1.550000e+01 1.983755e+01
2.892153e+00 1.650000e+01 1.504824e+01
2.893393e+00 1.750000e+01 1.258497e+01
2.893083e+00 1.850000e+01 6.557559e+00
2.889821e+00 1.950000e+01 2.703119e+00
2.892221e+00 2.050000e+01 3.601930e-01
2.891914e+00 2.150000e+01 9.490699e-01
2.892385e+00 2.250000e+01 1.000000e+00
2.890941e+00 2.350000e+01 1.000000e+00
2.891987e+00 2.450000e+01 1.000000e+00
3.329277e+00 5.000000e-01 6.770146e+01
3.329917e+00 1.500000e+00 5.360642e+01
3.330105e+00 2.500000e+00 4.942656e+01
3.329695e+00 3.500000e+00 4.825273e+01
3.329336e+00 4.500000e+00 4.521742e+01
3.332018e+00 5.500000e+00 3.646349e+01
3.331135e+00 6.500000e+00 2.983042e+01
3.329210e+00 7.500000e+00 2.633982e+01
3.328357e+00 8.500000e+00 3.092051e+01
3.327997e+00 9.500000e+00 2.682644e+01
3.329256e+00 1.050000e+01 2.058361e+01
3.330324e+00 1.150000e+01 1.785422e+01
3.329578e+00 1.250000e+01 2.064242e+01
3.329353e+00 1.350000e+01 1.997634e+01
3.329361e+00 1.450000e+01 2.185202e+01
3.329751e+00 1.550000e+01 1.794442e+01
3.328648e+00 1.650000e+01 1.506665e+01
3.331224e+00 1.750000e+01 1.196537e+01
3.328617e+00 1.850000e+01 6.015900e+00
3.330685e+00 1.950000e+01 2.335989e+00
3.329313e+00 2.050000e+01 2.327117e-01
3.330723e+00 2.150000e+01 9.397076e-01
3.328575e+00 2.250000e+01 1.000000e+00
3.331896e+00 2.350000e+01 1.000000e+00
3.329606e+00 2.450000e+01 1.000000e+00
3.835264e+00 5.000000e-01 6.057254e+01
3.834338e+00 1.500000e+00 5.763281e+01
3.832961e+00 2.500000e+00 5.305437e+01
3.836321e+00 3.500000e+00 4.279999e+01
3.834403e+00 4.500000e+00 4.409478e+01
3.833612e+00 5.500000e+00 3.548004e+01
3.834666e+00 6.500000e+00 2.763641e+01
3.833565e+00 7.500000e+00 2.774868e+01
3.832670e+00 8.500000e+00 2.736205e+01
3.833108e+00 9.500000e+00 2.885835e+01
3.831778e+00 1.050000e+01 2.074840e+01
3.833842e+00 1.150000e+01 2.017016e+01
3.833594e+00 1.250000e+01 1.934896e+01
3.834882e+00 1.350000e+01 2.026339e+01
3.833947e+00 1.450000e+01 2.161286e+01
3.835240e+00 1.550000e+01 1.759994e+01
3.832123e+00 1.650000e+01 1.347085e+01
3.833105e+00 1.750000e+01 9.082855e+00
3.834208e+00 1.850000e+01 5.198890e+00
3.831856e+00 1.950000e+01 2.243221e+00
3.833326e+00 2.050000e+01 1.462221e-01
3.833109e+00 2.150000e+01 7.641393e-01
3.834437e+00 2.250000e+01 9.997254e-01
3.834763e+00 2.350000e+01 1.000000e+00
3.832071e+00 2.450000e+01 1.000000e+00
4.413909e+00 5.000000e-01 5.604224e+01
4.415959e+00 1.500000e+00 5.574335e+01
4.414807e+00 2.500000e+00 4.785312e+01
4.415332e+00 3.500000e+00 4.139945e+01
4.414096e+00 4.500000e+00 3.590157e+01
4.413937e+00 5.500000e+00 3.228591e+01
4.413222e+00 6.500000e+00 2.532847e+01
4.414272e+00 7.500000e+00 2.775444e+01
4.413211e+00 8.500000e+00 2.617313e+01
4.415058e+00 9.500000e+00 2.664798e+01
4.414971e+00 1.050000e+01 2.418822e+01
4.414884e+00 1.150000e+01 2.100795e+01
4.416097e+00 1.250000e+01 1.770659e+01
4.416671e+00 1.350000e+01 2.117099e+01
4.414409e+00 1.450000e+01 2.039026e+01
4.415045e+00 1.550000e+01 1.816483e+01
4.415637e+00 1.650000e+01 1.278375e+01
4.415520e+00 1.750000e+01 8.300409e+00
4.413197e+00 1.850000e+01 4.957945e+00
4.414343e+00 1.950000e+01 1.698103e+00
4.415756e+00 2.050000e+01 2.531383e-01
4.416970e+00 2.150000e+01 4.662256e-01
4.416068e+00 2.250000e+01 9.692026e-01
4.412956e+00 2.350000e+01 1.000000e+00
4.412715e+00 2.450000e+01 1.000000e+00
5.084852e+00 5.000000e-01 5.380900e+01
5.082903e+00 1.500000e+00 5.352293e+01
5.082662e+00 2.500000e+00 4.359469e+01
5.084206e+00 3.500000e+00 4.082446e+01
5.084084e+00 4.500000e+00 3.377786e+01
5.083771e+00 5.500000e+00 3.191938e+01
5.084040e+00 6.500000e+00 2.581009e+01
5.084255e+00 7.500000e+00 2.340105e+01
5.082147e+00 8.500000e+00 2.145472e+01
5.085248e+00 9.500000e+00 2.143866e+01
5.086026e+00 1.050000e+01 2.483939e+01
5.083389e+00 1.150000e+01 2.255505e+01
5.082049e+00 1.250000e+01 1.836985e+01
5.082209e+00 1.350000e+01 2.112115e+01
5.085223e+00 1.450000e+01 1.955770e+01
5.083169e+00 1.550000e+01 1.748111e+01
5.082533e+00 1.650000e+01 1.257294e+01
5.084858e+00 1.750000e+01 8.443250e+00
5.083086e+00 1.850000e+01 4.258430e+00
5.084328e+00 1.950000e+01 1.691001e+00
5.083996e+00 2.050000e+01 4.138039e-02
5.083155e+00 2.150000e+01 3.752250e-01
5.084012e+00 2.250000e+01 8.906829e-01
5.081087e+00 2.350000e+01 1.000000e+00
5.083712e+00 2.450000e+01 1.000000e+00
5.853325e+00 5.000000e-01 5.084255e+01
5.853675e+00 1.500000e+00 4.902400e+01
5.852945e+00 2.500000e+00 4.470295e+01
5.852413e+00 3.500000e+00 3.869963e+01
5.854220e+00 4.500000e+00 3.165735e+01
5.853203e+00 5.500000e+00 2.793331e+01
5.854664e+00 6.500000e+00 2.691353e+01
5.854227e+00 7.500000e+00 2.395373e+01
5.853758e+00 8.500000e+00 2.214012e+01
5.853783e+00 9.500000e+00 2.227072e+01
5.853352e+00 1.050000e+01 2.287188e+01
5.854207e+00 1.150000e+01 2.179965e+01
5.855406e+00 1.250000e+01 2.073449e+01
5.851846e+00 1.350000e+01 1.791353e+01
5.853145e+00 1.450000e+01 1.959748e+01
5.854537e+00 1.550000e+01 1.517383e+01
5.853450e+00 1.650000e+01 1.239862e+01
5.852083e+00 1.750000e+01 7.657955e+00
5.852190e+00 1.850000e+01 3.536406e+00
5.853342e+00 1.950000e+01 1.541924e+00
5.856395e+00 2.050000e+01 -1.918147e-01
5.853799e+00 2.150000e+01 3.512450e-01
5.853285e+00 2.250000e+01 6.022129e-01
5.852763e+00 2.350000e+01 9.746381e-01
5.854704e+00 2.450000e+01 1.000000e+00
6.740388e+00 5.000000e-01 4.171448e+01
6.740095e+00 1.500000e+00 3.838141e+01
6.739626e+00 2.500000e+00 4.024480e+01
6.739939e+00 3.500000e+00 3.441690e+01
6.739389e+00 4.500000e+00 2.789646e+01
6.740480e+00 5.500000e+00 2.534729e+01
6.740716e+00 6.500000e+00 2.741962e+01
6.739469e+00 7.500000e+00 2.594786e+01
6.738592e+00 8.500000e+00 2.075821e+01
6.738337e+00 9.500000e+00 2.218258e+01
6.740226e+00 1.050000e+01 2.137760e+01
6.740415e+00 1.150000e+01 2.122190e+01
6.740558e+00 1.250000e+01 2.027994e+01
6.741484e+00 1.350000e+01 1.712718e+01
6.738694e+00 1.450000e+01 1.644332e+01
6.739870e+00 1.550000e+01 1.418582e+01
6.739207e+00 1.650000e+01 1.076394e+01
6.737721e+00 1.750000e+01 7.885771e+00
6.739795e+00 1.850000e+01 3.167205e+00
6.739789e+00 1.950000e+01 5.293802e-01
6.740492e+00 2.050000e+01 -2.271644e-01
6.738672e+00 2.150000e+01 7.633405e-02
6.739401e+00 2.250000e+01 5.019017e-01
6.738571e+00 2.350000e+01 8.237912e-01
6.740152e+00 2.450000e+01 9.955985e-01
7.760534e+00 5.000000e-01 3.605119e+01
7.760384e+00 1.500000e+00 3.892633e+01
7.758213e+00 2.500000e+00 3.526711e+01
7.762115e+00 3.500000e+00 3.186485e+01
7.760557e+00 4.500000e+00 2.524112e+01
7.763108e+00 5.500000e+00 2.429189e+01
7.759483e+00 6.500000e+00 2.420166e+01
7.762909e+00 7.500000e+00 2.386742e+01
7.761858e+00 8.500000e+00 2.094339e+01
7.760805e+00 9.500000e+00 1.852508e+01
7.761792e+00 1.050000e+01 1.849139e+01
7.761978e+00 1.150000e+01 1.953354e+01
7.763177e+00 1.250000e+01 1.746153e+01
7.760408e+00 1.350000e+01 1.711647e+01
7.761226e+00 1.450000e+01 1.309309e+01
7.759618e+00 1.550000e+01 1.171604e+01
7.762014e+00 1.650000e+01 9.006741e+00
7.759040e+00 1.750000e+01 7.067326e+00
7.762243e+00 1.850000e+01 2.462628e+00
7.761452e+00 1.950000e+01 1.319430e-01
7.761561e+00 2.050000e+01 -7.276178e-01
7.762542e+00 2.150000e+01 1.631349e-02
7.758408e+00 2.250000e+01 3.308484e-01
7.761158e+00 2.350000e+01 6.178805e-01
7.762760e+00 2.450000e+01 9.375835e-01
8.937140e+00 5.000000e-01 3.794842e+01
8.936817e+00 1.500000e+00 3.418806e+01
8.937398e+00 2.500000e+00 2.892789e+01
8.937583e+00 3.500000e+00 2.744732e+01
8.937027e+00 4.500000e+00 2.576259e+01
8.933884e+00 5.500000e+00 2.272636e+01
8.936760e+00 6.500000e+00 2.023587e+01
8.936128e+00 7.500000e+00 2.116595e+01
8.936665e+00 8.500000e+00 1.975769e+01
8.936935e+00 9.500000e+00 1.885193e+01
8.936694e+00 1.050000e+01 1.779103e+01
8.934406e+00 1.150000e+01 1.703443e+01
8.936234e+00 1.250000e+01 1.619038e+01
8.936727e+00 1.350000e+01 1.398771e+01
8.934146e+00 1.450000e+01 1.174425e+01
8.936280e+00 1.550000e+01 8.425827e+00
8.935040e+00 1.650000e+01 7.692629e+00
8.936831e+00 1.750000e+01 5.166955e+00
8.936133e+00 1.850000e+01 2.556415e+00
8.937109e+00 1.950000e+01 -3.729395e-01
8.938437e+00 2.050000e+01 -1.104515e+00
8.937011e+00 2.150000e+01 -3.649010e-01
8.934936e+00 2.250000e+01 1.651405e-01
8.935236e+00 2.350000e+01 4.715247e-01
8.936740e+00 2.450000e+01 7.077684e-01
1.029000e+01 5.000000e-01 3.220805e+01
1.028882e+01 1.500000e+00 2.756600e+01
1.028997e+01 2.500000e+00 2.630283e+01
1.028985e+01 3.500000e+00 2.477968e+01
1.029105e+01 4.500000e+00 2.325657e+01
1.028943e+01 5.500000e+00 2.030222e+01
1.028991e+01 6.500000e+00 1.804134e+01
1.028963e+01 7.500000e+00 1.686894e+01
1.028979e+01 8.500000e+00 1.625473e+01
1.029000e+01 9.500000e+00 1.527166e+01
1.029010e+01 1.050000e+01 1.458795e+01
1.029256e+01 1.150000e+01 1.422948e+01
1.029059e+01 1.250000e+01 1.178382e+01
1.029090e+01 1.350000e+01 1.179622e+01
1.028869e+01 1.450000e+01 1.004486e+01
1.029293e+01 1.550000e+01 7.498039e+00
1.029004e+01 1.650000e+01 4.576850e+00
1.028933e+01 1.750000e+01 3.964631e+00
1.028881e+01 1.850000e+01 1.343574e+00
1.029218e+01 1.950000e+01 1.046179e-01
1.029083e+01 2.050000e+01 -1.442633e+00
1.029010e+01 2.150000e+01 -8.807050e-01
1.029044e+01 2.250000e+01 -1.843175e-01
1.028832e+01 2.350000e+01 3.116312e-01
1.028997e+01 2.450000e+01 5.543778e-01
1.184733e+01 5.000000e-01 2.556348e+01
1.184957e+01 1.500000e+00 2.491526e+01
1.184879e+01 2.500000e+00 2.345459e+01
1.184724e+01 3.500000e+00 2.138130e+01
1.185008e+01 4.500000e+00 1.823706e+01
1.184749e+01 5.500000e+00 1.607836e+01
1.184744e+01 6.500000e+00 1.482718e+01
1.184821e+01 7.500000e+00 1.408729e+01
1.184891e+01 8.500000e+00 1.271305e+01
1.184992e+01 9.500000e+00 1.178095e+01
1.184898e+01 1.050000e+01 1.097363e+01
1.184845e+01 1.150000e+01 9.469949e+00
1.184936e+01 1.250000e+01 8.104043e+00
1.184869e+01 1.350000e+01 7.431108e+00
1.185037e+01 1.450000e+01 8.099999e+00
1.184799e+01 1.550000e+01 5.976683e+00
1.185021e+01 1.650000e+01 3.736676e+00
1.184885e+01 1.750000e+01 1.336154e+00
1.184955e+01 1.850000e+01 7.680916e-01
1.184809e+01 1.950000e+01 -4.622146e-01
1.185040e+01 2.050000e+01 -1.241804e+00
1.184855e+01 2.150000e+01 -1.118432e+00
1.184874e+01 2.250000e+01 -6.745048e-01
1.184876e+01 2.350000e+01 -9.968983e-02
1.184840e+01 2.450000e+01 3.880978e-01
1.364437e+01 5.000000e-01 2.094594e+01
1.364230e+01 1.500000e+00 2.053626e+01
1.364285e+01 2.500000e+00 1.880880e+01
1.364402e+01 3.500000e+00 1.665691e+01
1.364268e+01 4.500000e+00 1.535415e+01
1.364321e+01 5.500000e+00 1.388181e+01
1.364193e+01 6.500000e+00 1.282864e+01
1.364150e+01 7.500000e+00 1.200679e+01
1.364208e+01 8.500000e+00 9.594407e+00
1.364278e+01 9.500000e+00 8.535833e+00
1.364463e+01 1.050000e+01 7.401147e+00
1.364249e+01 1.150000e+01 6.978885e+00
1.364442e+01 1.250000e+01 5.330391e+00
1.364329e+01 1.350000e+01 4.642863e+00
1.364329e+01 1.450000e+01 3.491735e+00
1.364150e+01 1.550000e+01 2.631855e+00
1.364350e+01 1.650000e+01 2.162366e+00
1.364323e+01 1.750000e+01 9.010029e-01
1.364394e+01 1.850000e+01 -1.035470e+00
1.364153e+01 1.950000e+01 -1.604324e+00
1.364446e+01 2.050000e+01 -1.434958e+00
1.364299e+01 2.150000e+01 -1.151631e+00
1.364323e+01 2.250000e+01 -8.167023e-01
1.364458e+01 2.350000e+01 -5.698478e-01
1.364316e+01 2.450000e+01 -9.165028e-02
1.571071e+01 5.000000e-01 1.631912e+01
1.570974e+01 1.500000e+00 1.394122e+01
1.571004e+01 2.500000e+00 1.283345e+01
1.571059e+01 3.500000e+00 1.259087e+01
1.571008e+01 4.500000e+00 1.238822e+01
1.570949e+01 5.500000e+00 1.153719e+01
1.570889e+01 6.500000e+00 9.903822e+00
1.571066e+01 7.500000e+00 7.890084e+00
1.571129e+01 8.500000e+00 6.501546e+00
1.571135e+01 9.500000e+00 5.190689e+00
1.570865e+01 1.050000e+01 3.521356e+00
1.571008e+01 1.150000e+01 2.258370e+00
1.570876e+01 1.250000e+01 2.118742e+00
1.571052e+01 1.350000e+01 1.695932e+00
1.571115e+01 1.450000e+01 3.928275e-01
1.570917e+01 1.550000e+01 -5.690575e-01
1.571134e+01 1.650000e+01 -1.343753e+00
1.570843e+01 1.750000e+01 -1.097258e+00
1.570962e+01 1.850000e+01 -1.893869e+00
1.570833e+01 1.950000e+01 -2.703151e+00
1.570946e+01 2.050000e+01 -2.730249e+00
1.570978e+01 2.150000e+01 -1.400897e+00
1.570985e+01 2.250000e+01 -1.038306e+00
1.570794e+01 2.350000e+01 -7.074675e-01
1.570961e+01 2.450000e+01 -4.914663e-01
1.808883e+01 5.000000e-01 9.852637e+00
1.808889e+01 1.500000e+00 9.652245e+00
1.808761e+01 2.500000e+00 8.566723e+00
1.808974e+01 3.500000e+00 7.164167e+00
1.808936e+01 4.500000e+00 6.164711e+00
1.809099e+01 5.500000e+00 5.579418e+00
1.808968e+01 6.500000e+00 4.721482e+00
1.809040e+01 7.500000e+00 4.094428e+00
1.808864e+01 8.500000e+00 2.933799e+00
1.809010e+01 9.500000e+00 1.858845e+00
1.808962e+01 1.050000e+01 1.171527e+00
1.808860e+01 1.150000e+01 3.604765e-02
1.808749e+01 1.250000e+01 -9.765946e-01
1.808995e+01 1.350000e+01 -1.091767e+00
1.808943e+01 1.450000e+01 -1.209706e+00
1.808918e+01 1.550000e+01 -2.009303e+00
1.808946e+01 1.650000e+01 -2.619997e+00
1.808828e+01 1.750000e+01 -3.037893e+00
1.808953e+01 1.850000e+01 -3.439019e+00
1.809045e+01 1.950000e+01 -3.211514e+00
1.809067e+01 2.050000e+01 -3.086764e+00
1.808872e+01 2.150000e+01 -2.765208e+00
1.808949e+01 2.250000e+01 -1.920829e+00
1.808893e+01 2.350000e+01 -9.222238e-01
1.808958e+01 2.450000e+01 -6.659050e-01
2.082872e+01 5.000000e-01 3.859255e+00
2.082725e+01 1.500000e+00 3.393862e+00
2.082931e+01 2.500000e+00 2.829098e+00
2.082978e+01 3.500000e+00 2.239440e+00
2.082849e+01 4.500000e+00 1.089666e+00
2.082987e+01 5.500000e+00 -1.771532e-01
2.082988e+01 6.500000e+00 -5.774434e-01
2.083083e+01 7.500000e+00 -6.201823e-01
2.083017e+01 8.500000e+00 -9.954445e-01
2.083185e+01 9.500000e+00 -1.385634e+00
2.082757e+01 1.050000e+01 -1.759787e+00
2.082937e+01 1.150000e+01 -2.343384e+00
2.082893e+01 1.250000e+01 -2.780278e+00
2.082913e+01 1.350000e+01 -3.213043e+00
2.082874e+01 1.450000e+01 -3.765982e+00
2.082742e+01 1.550000e+01 -3.563928e+00
2.082782e+01 1.650000e+01 -3.435957e+00
2.083071e+01 1.750000e+01 -3.673405e+00
2.082829e+01 1.850000e+01 -3.923356e+00
2.082844e+01 1.950000e+01 -3.974672e+00
2.082979e+01 2.050000e+01 -3.625341e+00
2.082936e+01 2.150000e+01 -3.020007e+00
2.082872e+01 2.250000e+01 -2.632262e+00
2.082861e+01 2.350000e+01 -2.297834e+00
2.082756e+01 2.450000e+01 -1.495172e+00
2.398436e+01 5.000000e-01 1.260081e+00
2.398517e+01 1.500000e+00 1.065035e+00
2.398355e+01 2.500000e+00 7.280384e-01
2.398550e+01 3.500000e+00 1.837656e-01
2.398451e+01 4.500000e+00 -1.971795e-01
2.398516e+01 5.500000e+00 -6.069927e-01
2.398519e+01 6.500000e+00 -1.196667e+00
2.398415e+01 7.500000e+00 -2.012300e+00
2.398476e+01 8.500000e+00 -2.418981e+00
2.398647e+01 9.500000e+00 -2.442692e+00
2.398494e+01 1.050000e+01 -2.582354e+00
2.398389e+01 1.150000e+01 -2.661872e+00
2.398398e+01 1.250000e+01 -2.763716e+00
2.398314e+01 1.350000e+01 -3.056203e+00
2.398276e+01 1.450000e+01 -3.202623e+00
2.398369e+01 1.550000e+01 -3.611808e+00
2.398586e+01 1.650000e+01 -3.867213e+00
2.398373e+01 1.750000e+01 -3.681196e+00
2.398431e+01 1.850000e+01 -3.431661e+00
2.398325e+01 1.950000e+01 -3.358237e+00
2.398496e+01 2.050000e+01 -3.488779e+00
2.398357e+01 2.150000e+01 -3.416367e+00
2.398467e+01 2.250000e+01 -2.998485e+00
2.398280e+01 2.350000e+01 -2.638502e+00
2.398652e+01 2.450000e+01 -2.189457e+00
2.761535e+01 5.000000e-01 9.709263e-01
2.761656e+01 1.500000e+00 8.994447e-01
2.761566e+01 2.500000e+00 8.049015e-01
2.761567e+01 3.500000e+00 6.410246e-01
2.761637e+01 4.500000e+00 4.015490e-01
2.761740e+01 5.500000e+00 4.372878e-02
2.761610e+01 6.500000e+00 -2.945404e-01
2.761763e+01 7.500000e+00 -5.934871e-01
2.761755e+01 8.500000e+00 -9.924859e-01
2.761599e+01 9.500000e+00 -1.532217e+00
2.761586e+01 1.050000e+01 -2.062947e+00
2.761665e+01 1.150000e+01 -2.241672e+00
2.761736e+01 1.250000e+01 -2.330070e+00
2.761616e+01 1.350000e+01 -2.368482e+00
2.761812e+01 1.450000e+01 -2.488118e+00
2.761659e+01 1.550000e+01 -2.552698e+00
2.761625e+01 1.650000e+01 -2.659821e+00
2.761655e+01 1.750000e+01 -2.940091e+00
2.761706e+01 1.850000e+01 -3.154071e+00
2.761703e+01 1.950000e+01 -3.295017e+00
2.761817e+01 2.050000e+01 -2.963607e+00
2.761646e+01 2.150000e+01 -2.767843e+00
2.761525e+01 2.250000e+01 -2.755958e+00
2.761743e+01 2.350000e+01 -2.806274e+00
2.761659e+01 2.450000e+01 -2.701572e+00
