8.660215e-02 5.000000e-01 5.695300e+01
6.643244e-01 1.500000e+00 1.874112e+02
6.665545e-01 2.500000e+00 1.238929e+02
6.684933e-01 3.500000e+00 1.172446e+02
6.732237e-01 4.500000e+00 1.149371e+02
6.635373e-01 5.500000e+00 9.762115e+01
6.675918e-01 6.500000e+00 6.924664e+01
6.702347e-01 7.500000e+00 5.845198e+01
6.719353e-01 8.500000e+00 7.022318e+01
6.669668e-01 9.500000e+00 5.541834e+01
6.706450e-01 1.050000e+01 4.190049e+01
6.683491e-01 1.150000e+01 2.992607e+01
6.705849e-01 1.250000e+01 2.648492e+01
6.670824e-01 1.350000e+01 2.365446e+01
6.631138e-01 1.450000e+01 1.675817e+01
6.702476e-01 1.550000e+01 9.030867e+00
6.704907e-01 1.650000e+01 5.170448e+00
6.708666e-01 1.750000e+01 1.000000e+00
6.637589e-01 1.850000e+01 1.000000e+00
6.637492e-01 1.950000e+01 1.000000e+00
6.649701e-01 2.050000e+01 1.000000e+00
6.653185e-01 2.150000e+01 1.000000e+00
6.636475e-01 2.250000e+01 1.000000e+00
6.719445e-01 2.350000e+01 1.000000e+00
6.688756e-01 2.450000e+01 1.000000e+00
1.553623e+00 5.000000e-01 1.894651e+02
1.553078e+00 1.500000e+00 1.394695e+02
1.556326e+00 2.500000e+00 1.158794e+02
1.556919e+00 3.500000e+00 1.034157e+02
1.560047e+00 4.500000e+00 9.872744e+01
1.562890e+00 5.500000e+00 8.179930e+01
1.561102e+00 6.500000e+00 6.781316e+01
1.551689e+00 7.500000e+00 5.406763e+01
1.552056e+00 8.500000e+00 4.931362e+01
1.561472e+00 9.500000e+00 5.233912e+01
1.555311e+00 1.050000e+01 3.443789e+01
1.561129e+00 1.150000e+01 3.284693e+01
1.561047e+00 1.250000e+01 3.674667e+01
1.561083e+00 1.350000e+01 2.793612e+01
1.551569e+00 1.450000e+01 2.184537e+01
1.547475e+00 1.550000e+01 1.005634e+01
1.553719e+00 1.650000e+01 2.026152e+00
1.554416e+00 1.750000e+01 1.000000e+00
1.557277e+00 1.850000e+01 1.000000e+00
1.551897e+00 1.950000e+01 1.000000e+00
1.553122e+00 2.050000e+01 1.000000e+00
1.549635e+00 2.150000e+01 1.000000e+00
1.551937e+00 2.250000e+01 1.000000e+00
1.553801e+00 2.350000e+01 1.000000e+00
1.553954e+00 2.450000e+01 1.000000e+00
2.528880e+00 5.000000e-01 1.411114e+02
2.531248e+00 1.500000e+00 1.084259e+02
2.530821e+00 2.500000e+00 1.016834e+02
2.528469e+00 3.500000e+00 9.059402e+01
2.536271e+00 4.500000e+00 8.097288e+01
2.529949e+00 5.500000e+00 6.977830e+01
2.533321e+00 6.500000e+00 5.832010e+01
2.527862e+00 7.500000e+00 5.658325e+01
2.533317e+00 8.500000e+00 4.319122e+01
2.532263e+00 9.500000e+00 3.558822e+01
2.532835e+00 1.050000e+01 3.940946e+01
2.533079e+00 1.150000e+01 3.874631e+01
2.539515e+00 1.250000e+01 3.946198e+01
2.535446e+00 1.350000e+01 2.926783e+01
2.536688e+00 1.450000e+01 2.097401e+01
2.536566e+00 1.550000e+01 8.484150e+00
2.535314e+00 1.650000e+01 9.476285e-01
2.534223e+00 1.750000e+01 7.014360e-01
2.536709e+00 1.850000e+01 1.000000e+00
2.527680e+00 1.950000e+01 1.000000e+00
2.528672e+00 2.050000e+01 1.000000e+00
2.527817e+00 2.150000e+01 1.000000e+00
2.534634e+00 2.250000e+01 1.000000e+00
2.534722e+00 2.350000e+01 1.000000e+00
2.532062e+00 2.450000e+01 1.000000e+00
3.522827e+00 5.000000e-01 1.133741e+02
3.525712e+00 1.500000e+00 1.121080e+02
3.522978e+00 2.500000e+00 9.059014e+01
3.522732e+00 3.500000e+00 8.056646e+01
3.519937e+00 4.500000e+00 6.800158e+01
3.522556e+00 5.500000e+00 5.606628e+01
3.524474e+00 6.500000e+00 5.448705e+01
3.525299e+00 7.500000e+00 5.314502e+01
3.519223e+00 8.500000e+00 4.582926e+01
3.522111e+00 9.500000e+00 4.005167e+01
3.524434e+00 1.050000e+01 3.626570e+01
3.522549e+00 1.150000e+01 3.950044e+01
3.523089e+00 1.250000e+01 3.484655e+01
3.525724e+00 1.350000e+01 2.565689e+01
3.521774e+00 1.450000e+01 1.463817e+01
3.523629e+00 1.550000e+01 7.509198e+00
3.526260e+00 1.650000e+01 5.741784e-01
3.520998e+00 1.750000e+01 2.972028e-02
3.524409e+00 1.850000e+01 9.502894e-01
3.522769e+00 1.950000e+01 1.000000e+00
3.526504e+00 2.050000e+01 1.000000e+00
3.522917e+00 2.150000e+01 1.000000e+00
3.525399e+00 2.250000e+01 1.000000e+00
3.522096e+00 2.350000e+01 1.000000e+00
3.525946e+00 2.450000e+01 1.000000e+00
4.520286e+00 5.000000e-01 1.025257e+02
4.517331e+00 1.500000e+00 1.001542e+02
4.517133e+00 2.500000e+00 8.696909e+01
4.517684e+00 3.500000e+00 6.802142e+01
4.522496e+00 4.500000e+00 6.249197e+01
4.518022e+00 5.500000e+00 5.310125e+01
4.519588e+00 6.500000e+00 4.725419e+01
4.521292e+00 7.500000e+00 4.414102e+01
4.520270e+00 8.500000e+00 4.653648e+01
4.522489e+00 9.500000e+00 4.095077e+01
4.518389e+00 1.050000e+01 3.565306e+01
4.518547e+00 1.150000e+01 3.622921e+01
4.518541e+00 1.250000e+01 3.133654e+01
4.519358e+00 1.350000e+01 2.335477e+01
4.517529e+00 1.450000e+01 1.318117e+01
4.519003e+00 1.550000e+01 5.010466e+00
4.522101e+00 1.650000e+01 7.409016e-01
4.518120e+00 1.750000e+01 -1.514038e-01
4.517473e+00 1.850000e+01 4.022473e-01
4.517705e+00 1.950000e+01 9.968317e-01
4.518700e+00 2.050000e+01 1.000000e+00
4.518273e+00 2.150000e+01 1.000000e+00
4.514190e+00 2.250000e+01 1.000000e+00
4.514714e+00 2.350000e+01 1.000000e+00
4.515365e+00 2.450000e+01 1.000000e+00
5.511829e+00 5.000000e-01 8.134128e+01
5.514328e+00 1.500000e+00 8.178826e+01
5.513418e+00 2.500000e+00 7.577483e+01
5.517657e+00 3.500000e+00 6.105566e+01
5.514146e+00 4.500000e+00 5.550707e+01
5.515029e+00 5.500000e+00 5.567595e+01
5.517026e+00 6.500000e+00 4.782819e+01
5.517809e+00 7.500000e+00 4.228679e+01
5.513855e+00 8.500000e+00 3.990707e+01
5.514504e+00 9.500000e+00 4.001727e+01
5.515280e+00 1.050000e+01 3.573440e+01
5.515082e+00 1.150000e+01 2.979517e+01
5.515845e+00 1.250000e+01 2.603213e+01
5.512853e+00 1.350000e+01 2.052722e+01
5.517647e+00 1.450000e+01 1.175824e+01
5.515920e+00 1.550000e+01 3.978543e+00
5.518979e+00 1.650000e+01 -2.224333e-01
5.511374e+00 1.750000e+01 -2.500748e-01
5.517991e+00 1.850000e+01 1.749695e-01
5.517579e+00 1.950000e+01 7.678195e-01
5.517989e+00 2.050000e+01 1.000000e+00
5.517840e+00 2.150000e+01 1.000000e+00
5.512438e+00 2.250000e+01 1.000000e+00
5.515703e+00 2.350000e+01 1.000000e+00
5.516051e+00 2.450000e+01 1.000000e+00
6.513244e+00 5.000000e-01 7.439903e+01
6.514422e+00 1.500000e+00 7.256714e+01
6.515320e+00 2.500000e+00 6.618582e+01
6.511116e+00 3.500000e+00 5.775136e+01
6.510911e+00 4.500000e+00 5.057427e+01
6.511566e+00 5.500000e+00 4.950175e+01
6.513065e+00 6.500000e+00 4.703947e+01
6.512690e+00 7.500000e+00 3.817274e+01
6.514415e+00 8.500000e+00 3.592910e+01
6.514905e+00 9.500000e+00 3.602378e+01
6.515582e+00 1.050000e+01 3.146882e+01
6.512853e+00 1.150000e+01 2.609159e+01
6.512084e+00 1.250000e+01 1.937928e+01
6.513286e+00 1.350000e+01 1.634644e+01
6.513469e+00 1.450000e+01 1.069091e+01
6.511662e+00 1.550000e+01 2.697649e+00
6.514485e+00 1.650000e+01 -1.371673e+00
6.513550e+00 1.750000e+01 -5.111688e-01
6.509575e+00 1.850000e+01 -3.145224e-02
6.510896e+00 1.950000e+01 3.878485e-01
6.510057e+00 2.050000e+01 9.400716e-01
6.513365e+00 2.150000e+01 1.000000e+00
6.509871e+00 2.250000e+01 1.000000e+00
6.513755e+00 2.350000e+01 1.000000e+00
6.515670e+00 2.450000e+01 1.000000e+00
7.511011e+00 5.000000e-01 7.165766e+01
7.509228e+00 1.500000e+00 6.486848e+01
7.513896e+00 2.500000e+00 5.601735e+01
7.510329e+00 3.500000e+00 5.316204e+01
7.508631e+00 4.500000e+00 4.947678e+01
7.508318e+00 5.500000e+00 4.365758e+01
7.510755e+00 6.500000e+00 4.267589e+01
7.512569e+00 7.500000e+00 3.771105e+01
7.509502e+00 8.500000e+00 3.566580e+01
7.508596e+00 9.500000e+00 3.228469e+01
7.512655e+00 1.050000e+01 2.869764e+01
7.511773e+00 1.150000e+01 2.231108e+01
7.514889e+00 1.250000e+01 1.661246e+01
7.511371e+00 1.350000e+01 1.348105e+01
7.510247e+00 1.450000e+01 8.058520e+00
7.512294e+00 1.550000e+01 2.579150e+00
7.509954e+00 1.650000e+01 -1.868306e+00
7.510536e+00 1.750000e+01 -1.449131e+00
7.510547e+00 1.850000e+01 -5.439930e-02
7.510173e+00 1.950000e+01 2.525849e-01
7.512544e+00 2.050000e+01 6.013723e-01
7.511281e+00 2.150000e+01 9.951245e-01
7.511674e+00 2.250000e+01 1.000000e+00
7.509791e+00 2.350000e+01 1.000000e+00
7.511539e+00 2.450000e+01 1.000000e+00
8.509554e+00 5.000000e-01 6.116025e+01
8.511199e+00 1.500000e+00 5.440431e+01
8.511031e+00 2.500000e+00 5.047342e+01
8.510722e+00 3.500000e+00 4.858290e+01
8.509286e+00 4.500000e+00 4.147473e+01
8.512709e+00 5.500000e+00 3.834876e+01
8.507316e+00 6.500000e+00 3.529909e+01
8.508691e+00 7.500000e+00 3.264623e+01
8.511096e+00 8.500000e+00 2.906206e+01
8.509482e+00 9.500000e+00 2.729231e+01
8.511845e+00 1.050000e+01 2.122275e+01
8.507456e+00 1.150000e+01 2.054739e+01
8.508583e+00 1.250000e+01 1.460749e+01
8.510771e+00 1.350000e+01 9.638161e+00
8.511078e+00 1.450000e+01 6.382019e+00
8.512358e+00 1.550000e+01 1.423964e+00
8.510979e+00 1.650000e+01 -1.832032e+00
8.508761e+00 1.750000e+01 -1.828302e+00
8.507179e+00 1.850000e+01 -7.654001e-01
8.512972e+00 1.950000e+01 1.609074e-01
8.512515e+00 2.050000e+01 4.282580e-01
8.508241e+00 2.150000e+01 7.766930e-01
8.507585e+00 2.250000e+01 1.000000e+00
8.507648e+00 2.350000e+01 1.000000e+00
8.508630e+00 2.450000e+01 1.000000e+00
9.512724e+00 5.000000e-01 5.182328e+01
9.508499e+00 1.500000e+00 4.844657e+01
9.508886e+00 2.500000e+00 4.654859e+01
9.511510e+00 3.500000e+00 4.094145e+01
9.509560e+00 4.500000e+00 3.525961e+01
9.510523e+00 5.500000e+00 3.184904e+01
9.507678e+00 6.500000e+00 3.063955e+01
9.509192e+00 7.500000e+00 2.691314e+01
9.509127e+00 8.500000e+00 2.442751e+01
9.509482e+00 9.500000e+00 2.089043e+01
9.507708e+00 1.050000e+01 1.757712e+01
9.511571e+00 1.150000e+01 1.550364e+01
9.508249e+00 1.250000e+01 1.305667e+01
9.510136e+00 1.350000e+01 7.552204e+00
9.510079e+00 1.450000e+01 3.279380e+00
9.506454e+00 1.550000e+01 1.416384e+00
9.508951e+00 1.650000e+01 -1.849765e+00
9.509838e+00 1.750000e+01 -2.202780e+00
9.508896e+00 1.850000e+01 -1.361618e+00
9.505671e+00 1.950000e+01 -1.992797e-01
9.508645e+00 2.050000e+01 3.040907e-01
9.509659e+00 2.150000e+01 5.411683e-01
9.508803e+00 2.250000e+01 9.287753e-01
9.508767e+00 2.350000e+01 1.000000e+00
9.506838e+00 2.450000e+01 1.000000e+00
1.051091e+01 5.000000e-01 4.508420e+01
1.050845e+01 1.500000e+00 4.459597e+01
1.050658e+01 2.500000e+00 3.903566e+01
1.050591e+01 3.500000e+00 3.537422e+01
1.050655e+01 4.500000e+00 2.921857e+01
1.050833e+01 5.500000e+00 2.878896e+01
1.050796e+01 6.500000e+00 2.415953e+01
1.051011e+01 7.500000e+00 2.259294e+01
1.050702e+01 8.500000e+00 2.055189e+01
1.050798e+01 9.500000e+00 1.642089e+01
1.050763e+01 1.050000e+01 1.254916e+01
1.050553e+01 1.150000e+01 1.276052e+01
1.050706e+01 1.250000e+01 1.021392e+01
1.050665e+01 1.350000e+01 6.898318e+00
1.050964e+01 1.450000e+01 1.880095e+00
1.050706e+01 1.550000e+01 -5.988367e-01
1.050780e+01 1.650000e+01 -2.056189e+00
1.050590e+01 1.750000e+01 -2.130222e+00
1.050691e+01 1.850000e+01 -1.762765e+00
1.051001e+01 1.950000e+01 -8.922305e-01
1.050917e+01 2.050000e+01 1.722829e-01
1.050796e+01 2.150000e+01 3.976390e-01
1.050795e+01 2.250000e+01 6.588061e-01
1.050801e+01 2.350000e+01 9.858509e-01
1.050839e+01 2.450000e+01 1.000000e+00
1.150711e+01 5.000000e-01 3.859104e+01
1.150819e+01 1.500000e+00 3.763609e+01
1.150621e+01 2.500000e+00 3.263311e+01
1.150993e+01 3.500000e+00 2.950709e+01
1.150734e+01 4.500000e+00 2.961286e+01
1.150919e+01 5.500000e+00 2.479125e+01
1.150813e+01 6.500000e+00 2.229546e+01
1.150610e+01 7.500000e+00 1.777907e+01
1.150576e+01 8.500000e+00 1.513187e+01
1.150599e+01 9.500000e+00 1.358889e+01
1.150793e+01 1.050000e+01 1.046055e+01
1.150812e+01 1.150000e+01 7.922431e+00
1.150532e+01 1.250000e+01 4.967187e+00
1.150624e+01 1.350000e+01 4.310061e+00
1.150726e+01 1.450000e+01 1.284292e+00
1.150474e+01 1.550000e+01 -2.571861e+00
1.150568e+01 1.650000e+01 -2.767496e+00
1.150646e+01 1.750000e+01 -2.244573e+00
1.150812e+01 1.850000e+01 -1.811429e+00
1.150890e+01 1.950000e+01 -1.307864e+00
1.150718e+01 2.050000e+01 -4.809981e-01
1.150724e+01 2.150000e+01 3.542421e-01
1.150896e+01 2.250000e+01 5.051891e-01
1.150612e+01 2.350000e+01 7.666683e-01
1.150809e+01 2.450000e+01 9.995640e-01
1.251007e+01 5.000000e-01 3.256441e+01
1.250427e+01 1.500000e+00 2.869949e+01
1.250568e+01 2.500000e+00 2.656637e+01
1.250786e+01 3.500000e+00 2.644422e+01
1.250613e+01 4.500000e+00 2.585406e+01
1.250675e+01 5.500000e+00 2.112188e+01
1.250945e+01 6.500000e+00 1.637277e+01
1.250523e+01 7.500000e+00 1.404081e+01
1.250574e+01 8.500000e+00 1.001965e+01
1.250596e+01 9.500000e+00 7.394262e+00
1.250706e+01 1.050000e+01 6.921966e+00
1.250890e+01 1.150000e+01 4.119141e+00
1.250451e+01 1.250000e+01 2.468898e+00
1.250782e+01 1.350000e+01 -2.524369e-01
1.250374e+01 1.450000e+01 -4.484784e-01
1.250736e+01 1.550000e+01 -3.204044e+00
1.250573e+01 1.650000e+01 -4.811928e+00
1.250706e+01 1.750000e+01 -2.340622e+00
1.250663e+01 1.850000e+01 -1.983769e+00
1.250592e+01 1.950000e+01 -1.538977e+00
1.250906e+01 2.050000e+01 -8.071898e-01
1.250659e+01 2.150000e+01 -6.445369e-02
1.250577e+01 2.250000e+01 4.276793e-01
1.250615e+01 2.350000e+01 6.233072e-01
1.250642e+01 2.450000e+01 9.128103e-01
1.350418e+01 5.000000e-01 2.751061e+01
1.350584e+01 1.500000e+00 2.293291e+01
1.350638e+01 2.500000e+00 2.091338e+01
1.350509e+01 3.500000e+00 2.193422e+01
1.350651e+01 4.500000e+00 1.981236e+01
1.350725e+01 5.500000e+00 1.719409e+01
1.350841e+01 6.500000e+00 1.219842e+01
1.350626e+01 7.500000e+00 1.007953e+01
1.350760e+01 8.500000e+00 6.777190e+00
1.350710e+01 9.500000e+00 4.298459e+00
1.350541e+01 1.050000e+01 3.352093e+00
1.350726e+01 1.150000e+01 2.285124e+00
1.350638e+01 1.250000e+01 -8.030642e-01
1.350738e+01 1.350000e+01 -9.235619e-01
1.350445e+01 1.450000e+01 -2.909001e+00
1.350462e+01 1.550000e+01 -3.838628e+00
1.350639e+01 1.650000e+01 -4.919938e+00
1.350797e+01 1.750000e+01 -3.975447e+00
1.350681e+01 1.850000e+01 -1.828313e+00
1.350688e+01 1.950000e+01 -1.604841e+00
1.350564e+01 2.050000e+01 -1.204347e+00
1.350694e+01 2.150000e+01 -5.912208e-01
1.350450e+01 2.250000e+01 2.442490e-01
1.350628e+01 2.350000e+01 5.167918e-01
1.350675e+01 2.450000e+01 7.188780e-01
1.450659e+01 5.000000e-01 2.115145e+01
1.450606e+01 1.500000e+00 2.043302e+01
1.450560e+01 2.500000e+00 1.647072e+01
1.450634e+01 3.500000e+00 1.513897e+01
1.450537e+01 4.500000e+00 1.374803e+01
1.450475e+01 5.500000e+00 1.164452e+01
1.450621e+01 6.500000e+00 9.952184e+00
1.450658e+01 7.500000e+00 6.238761e+00
1.450446e+01 8.500000e+00 5.216337e+00
1.450446e+01 9.500000e+00 1.732519e+00
1.450723e+01 1.050000e+01 9.378073e-01
1.450562e+01 1.150000e+01 3.257969e-01
1.450539e+01 1.250000e+01 -1.336614e+00
1.450456e+01 1.350000e+01 -2.474228e+00
1.450542e+01 1.450000e+01 -4.279704e+00
1.450544e+01 1.550000e+01 -4.624456e+00
1.450612e+01 1.650000e+01 -5.208331e+00
1.450559e+01 1.750000e+01 -4.792019e+00
1.450517e+01 1.850000e+01 -2.776923e+00
1.450593e+01 1.950000e+01 -1.597659e+00
1.450639e+01 2.050000e+01 -1.341057e+00
1.450696e+01 2.150000e+01 -1.014785e+00
1.450237e+01 2.250000e+01 -3.363883e-01
1.450500e+01 2.350000e+01 4.510574e-01
1.450378e+01 2.450000e+01 6.177715e-01
1.550651e+01 5.000000e-01 1.546782e+01
1.550513e+01 1.500000e+00 1.533409e+01
1.550450e+01 2.500000e+00 1.269419e+01
1.550496e+01 3.500000e+00 8.312359e+00
1.550507e+01 4.500000e+00 7.461823e+00
1.550579e+01 5.500000e+00 6.339764e+00
1.550630e+01 6.500000e+00 5.963633e+00
1.550560e+01 7.500000e+00 3.916183e+00
1.550521e+01 8.500000e+00 1.439543e+00
1.550477e+01 9.500000e+00 9.854239e-01
1.550713e+01 1.050000e+01 -2.581767e+00
1.550650e+01 1.150000e+01 -2.393506e+00
1.550556e+01 1.250000e+01 -3.032239e+00
1.550661e+01 1.350000e+01 -4.395309e+00
1.550561e+01 1.450000e+01 -4.629765e+00
1.550396e+01 1.550000e+01 -6.020824e+00
1.550519e+01 1.650000e+01 -5.339443e+00
1.550620e+01 1.750000e+01 -4.826873e+00
1.550834e+01 1.850000e+01 -4.280401e+00
1.550503e+01 1.950000e+01 -1.861404e+00
1.550387e+01 2.050000e+01 -1.401854e+00
1.550406e+01 2.150000e+01 -1.237188e+00
1.550416e+01 2.250000e+01 -6.303046e-01
1.550660e+01 2.350000e+01 4.859349e-02
1.550550e+01 2.450000e+01 5.594182e-01
1.650442e+01 5.000000e-01 9.226000e+00
1.650673e+01 1.500000e+00 8.605070e+00
1.650547e+01 2.500000e+00 7.348937e+00
1.650485e+01 3.500000e+00 4.441267e+00
1.650332e+01 4.500000e+00 2.303132e+00
1.650384e+01 5.500000e+00 2.301988e+00
1.650359e+01 6.500000e+00 1.145543e+00
1.650689e+01 7.500000e+00 6.329005e-01
1.650672e+01 8.500000e+00 -1.415947e+00
1.650661e+01 9.500000e+00 -2.674599e+00
1.650524e+01 1.050000e+01 -3.603099e+00
1.650535e+01 1.150000e+01 -4.889762e+00
1.650528e+01 1.250000e+01 -4.955159e+00
1.650523e+01 1.350000e+01 -5.040363e+00
1.650535e+01 1.450000e+01 -5.978573e+00
1.650637e+01 1.550000e+01 -5.644555e+00
1.650653e+01 1.650000e+01 -6.084065e+00
1.650485e+01 1.750000e+01 -4.840277e+00
1.650298e+01 1.850000e+01 -4.527951e+00
1.650377e+01 1.950000e+01 -3.531824e+00
1.650622e+01 2.050000e+01 -1.358866e+00
1.650376e+01 2.150000e+01 -1.208728e+00
1.650499e+01 2.250000e+01 -9.890915e-01
1.650368e+01 2.350000e+01 -3.408073e-01
1.650580e+01 2.450000e+01 3.272874e-01
1.750359e+01 5.000000e-01 5.101720e+00
1.750378e+01 1.500000e+00 3.813064e+00
1.750479e+01 2.500000e+00 2.974546e+00
1.750496e+01 3.500000e+00 1.713483e+00
1.750424e+01 4.500000e+00 -9.408735e-01
1.750437e+01 5.500000e+00 -1.941781e+00
1.750453e+01 6.500000e+00 -1.726278e+00
1.750426e+01 7.500000e+00 -2.584106e+00
1.750585e+01 8.500000e+00 -2.641113e+00
1.750365e+01 9.500000e+00 -4.395223e+00
1.750370e+01 1.050000e+01 -4.522580e+00
1.750498e+01 1.150000e+01 -5.836022e+00
1.750620e+01 1.250000e+01 -5.909081e+00
1.750292e+01 1.350000e+01 -5.412327e+00
1.750581e+01 1.450000e+01 -5.618255e+00
1.750552e+01 1.550000e+01 -6.265511e+00
1.750497e+01 1.650000e+01 -5.869362e+00
1.750619e+01 1.750000e+01 -5.256530e+00
1.750643e+01 1.850000e+01 -4.513736e+00
1.750483e+01 1.950000e+01 -4.141984e+00
1.750355e+01 2.050000e+01 -2.593316e+00
1.750491e+01 2.150000e+01 -1.171483e+00
1.750374e+01 2.250000e+01 -1.011649e+00
1.750391e+01 2.350000e+01 -6.880077e-01
1.750435e+01 2.450000e+01 -7.724604e-02
1.850446e+01 5.000000e-01 2.829976e+00
1.850521e+01 1.500000e+00 2.316661e+00
1.850243e+01 2.500000e+00 5.653415e-01
1.850130e+01 3.500000e+00 2.731519e-01
1.850587e+01 4.500000e+00 -1.029096e+00
1.850381e+01 5.500000e+00 -3.202240e+00
1.850521e+01 6.500000e+00 -3.538035e+00
1.850411e+01 7.500000e+00 -3.325017e+00
1.850598e+01 8.500000e+00 -3.997525e+00
1.850462e+01 9.500000e+00 -3.881804e+00
1.850748e+01 1.050000e+01 -5.424251e+00
1.850395e+01 1.150000e+01 -4.653820e+00
1.850574e+01 1.250000e+01 -6.880362e+00
1.850431e+01 1.350000e+01 -5.935066e+00
1.850432e+01 1.450000e+01 -5.397415e+00
1.850470e+01 1.550000e+01 -5.788010e+00
1.850287e+01 1.650000e+01 -5.863344e+00
1.850230e+01 1.750000e+01 -5.676435e+00
1.850389e+01 1.850000e+01 -4.554689e+00
1.850529e+01 1.950000e+01 -4.255371e+00
1.850691e+01 2.050000e+01 -3.809030e+00
1.850266e+01 2.150000e+01 -1.699762e+00
1.850627e+01 2.250000e+01 -1.024325e+00
1.850381e+01 2.350000e+01 -8.266205e-01
1.850540e+01 2.450000e+01 -3.196414e-01
1.950463e+01 5.000000e-01 1.800563e+00
1.950394e+01 1.500000e+00 1.037265e+00
1.950421e+01 2.500000e+00 3.384190e-01
1.950387e+01 3.500000e+00 -7.530105e-01
1.950251e+01 4.500000e+00 -1.000270e+00
1.950492e+01 5.500000e+00 -2.576069e+00
1.950329e+01 6.500000e+00 -4.069430e+00
1.950265e+01 7.500000e+00 -4.188491e+00
1.950393e+01 8.500000e+00 -4.082584e+00
1.950528e+01 9.500000e+00 -4.253709e+00
1.950422e+01 1.050000e+01 -4.585513e+00
1.950480e+01 1.150000e+01 -5.531001e+00
1.950564e+01 1.250000e+01 -4.931863e+00
1.950336e+01 1.350000e+01 -6.529946e+00
1.950457e+01 1.450000e+01 -5.474444e+00
1.950838e+01 1.550000e+01 -5.422344e+00
1.950270e+01 1.650000e+01 -5.778898e+00
1.950438e+01 1.750000e+01 -5.144616e+00
1.950447e+01 1.850000e+01 -5.265691e+00
1.950611e+01 1.950000e+01 -3.944036e+00
1.950435e+01 2.050000e+01 -3.883895e+00
1.950295e+01 2.150000e+01 -3.238916e+00
1.950451e+01 2.250000e+01 -1.164051e+00
1.950466e+01 2.350000e+01 -8.834749e-01
1.950475e+01 2.450000e+01 -6.239271e-01
2.050464e+01 5.000000e-01 9.572553e-01
2.050431e+01 1.500000e+00 8.507440e-01
2.050212e+01 2.500000e+00 1.934710e-01
2.050482e+01 3.500000e+00 -6.904101e-01
2.050321e+01 4.500000e+00 -1.372155e+00
2.050316e+01 5.500000e+00 -1.809664e+00
2.050488e+01 6.500000e+00 -3.413078e+00
2.050232e+01 7.500000e+00 -4.488328e+00
2.050438e+01 8.500000e+00 -4.159306e+00
2.050397e+01 9.500000e+00 -4.409792e+00
2.050564e+01 1.050000e+01 -4.096220e+00
2.050454e+01 1.150000e+01 -4.847649e+00
2.050444e+01 1.250000e+01 -5.213243e+00
2.050405e+01 1.350000e+01 -5.412396e+00
2.050544e+01 1.450000e+01 -6.191816e+00
2.050196e+01 1.550000e+01 -5.094281e+00
2.050358e+01 1.650000e+01 -5.202862e+00
2.050514e+01 1.750000e+01 -5.440851e+00
2.050392e+01 1.850000e+01 -4.733530e+00
2.050453e+01 1.950000e+01 -4.568913e+00
2.050470e+01 2.050000e+01 -3.752660e+00
2.050377e+01 2.150000e+01 -3.661769e+00
2.050480e+01 2.250000e+01 -2.420002e+00
2.050522e+01 2.350000e+01 -8.734334e-01
2.050385e+01 2.450000e+01 -7.036837e-01
2.150317e+01 5.000000e-01 8.483391e-01
2.150541e+01 1.500000e+00 8.187886e-01
2.150556e+01 2.500000e+00 4.082417e-01
2.150255e+01 3.500000e+00 -2.178751e-01
2.150420e+01 4.500000e+00 -1.224690e+00
2.150239e+01 5.500000e+00 -1.533598e+00
2.150575e+01 6.500000e+00 -2.312267e+00
2.150385e+01 7.500000e+00 -3.825225e+00
2.150342e+01 8.500000e+00 -4.467247e+00
2.150423e+01 9.500000e+00 -3.953164e+00
2.150338e+01 1.050000e+01 -4.411918e+00
2.150493e+01 1.150000e+01 -3.955894e+00
2.150422e+01 1.250000e+01 -4.948075e+00
2.150437e+01 1.350000e+01 -4.689427e+00
2.150364e+01 1.450000e+01 -5.777555e+00
2.150216e+01 1.550000e+01 -5.737324e+00
2.150299e+01 1.650000e+01 -4.604743e+00
2.150189e+01 1.750000e+01 -4.888555e+00
2.150307e+01 1.850000e+01 -4.909360e+00
2.150364e+01 1.950000e+01 -4.661933e+00
2.150457e+01 2.050000e+01 -3.871881e+00
2.150354e+01 2.150000e+01 -3.598980e+00
2.150430e+01 2.250000e+01 -3.319994e+00
2.150352e+01 2.350000e+01 -1.608131e+00
2.150284e+01 2.450000e+01 -7.062254e-01
2.250251e+01 5.000000e-01 9.072036e-01
2.250368e+01 1.500000e+00 7.572697e-01
2.250467e+01 2.500000e+00 6.583796e-01
2.250552e+01 3.500000e+00 1.329559e-01
2.250329e+01 4.500000e+00 -4.352855e-01
2.250245e+01 5.500000e+00 -1.354566e+00
2.250485e+01 6.500000e+00 -1.611066e+00
2.250310e+01 7.500000e+00 -2.685493e+00
2.250427e+01 8.500000e+00 -3.998756e+00
2.250382e+01 9.500000e+00 -4.216378e+00
2.250347e+01 1.050000e+01 -3.748913e+00
2.250299e+01 1.150000e+01 -4.071940e+00
2.250519e+01 1.250000e+01 -3.998190e+00
2.250284e+01 1.350000e+01 -4.817664e+00
2.250397e+01 1.450000e+01 -4.267202e+00
2.250532e+01 1.550000e+01 -5.748461e+00
2.250496e+01 1.650000e+01 -5.138117e+00
2.250198e+01 1.750000e+01 -4.426646e+00
2.250392e+01 1.850000e+01 -4.706361e+00
2.250307e+01 1.950000e+01 -4.329549e+00
2.250231e+01 2.050000e+01 -4.495232e+00
2.250426e+01 2.150000e+01 -3.314548e+00
2.250422e+01 2.250000e+01 -3.396420e+00
2.250504e+01 2.350000e+01 -2.918153e+00
2.250565e+01 2.450000e+01 -9.457207e-01
2.350332e+01 5.000000e-01 9.960466e-01
2.350438e+01 1.500000e+00 8.416973e-01
2.350244e+01 2.500000e+00 7.359789e-01
2.350272e+01 3.500000e+00 5.628970e-01
2.350358e+01 4.500000e+00 1.694975e-03
2.350402e+01 5.500000e+00 -5.487818e-01
2.350323e+01 6.500000e+00 -1.287771e+00
2.350362e+01 7.500000e+00 -1.648767e+00
2.350391e+01 8.500000e+00 -2.967203e+00
2.350333e+01 9.500000e+00 -3.839642e+00
2.350222e+01 1.050000e+01 -3.792353e+00
2.350330e+01 1.150000e+01 -3.626432e+00
2.350367e+01 1.250000e+01 -3.695273e+00
2.350130e+01 1.350000e+01 -4.009941e+00
2.350517e+01 1.450000e+01 -4.691713e+00
2.350120e+01 1.550000e+01 -4.312618e+00
2.350477e+01 1.650000e+01 -5.428839e+00
2.350406e+01 1.750000e+01 -4.538735e+00
2.350470e+01 1.850000e+01 -4.257066e+00
2.350454e+01 1.950000e+01 -4.557642e+00
2.350471e+01 2.050000e+01 -3.956857e+00
2.350241e+01 2.150000e+01 -4.087575e+00
2.350260e+01 2.250000e+01 -3.097207e+00
2.350341e+01 2.350000e+01 -3.092541e+00
2.350409e+01 2.450000e+01 -2.317932e+00
2.450268e+01 5.000000e-01 1.000000e+00
2.450446e+01 1.500000e+00 9.731794e-01
2.450495e+01 2.500000e+00 8.004848e-01
2.450523e+01 3.500000e+00 7.205559e-01
2.450557e+01 4.500000e+00 4.478596e-01
2.450374e+01 5.500000e+00 -1.045928e-01
2.450198e+01 6.500000e+00 -7.081739e-01
2.450373e+01 7.500000e+00 -1.287495e+00
2.450456e+01 8.500000e+00 -1.755109e+00
2.450142e+01 9.500000e+00 -3.065766e+00
2.450274e+01 1.050000e+01 -3.604718e+00
2.450274e+01 1.150000e+01 -3.483346e+00
2.450397e+01 1.250000e+01 -3.656252e+00
2.450313e+01 1.350000e+01 -3.495525e+00
2.450392e+01 1.450000e+01 -4.132333e+00
2.450393e+01 1.550000e+01 -4.148005e+00
2.450297e+01 1.650000e+01 -4.662067e+00
2.450395e+01 1.750000e+01 -4.973301e+00
2.450399e+01 1.850000e+01 -3.895713e+00
2.450302e+01 1.950000e+01 -4.159236e+00
2.450385e+01 2.050000e+01 -4.290893e+00
2.450288e+01 2.150000e+01 -3.873475e+00
2.450409e+01 2.250000e+01 -3.450320e+00
2.450456e+01 2.350000e+01 -2.881332e+00
2.450194e+01 2.450000e+01 -2.871516e+00
