2.982104e-03 5.000000e-01 3.982709e+00
0.000000e+00 1.500000e+00 nan
0.000000e+00 2.500000e+00 nan
6.320944e-01 3.500000e+00 1.000000e+00
0.000000e+00 4.500000e+00 nan
9.781439e-01 5.500000e+00 -5.000000e+00
6.578699e-01 6.500000e+00 -3.500000e+00
0.000000e+00 7.500000e+00 nan
0.000000e+00 8.500000e+00 nan
0.000000e+00 9.500000e+00 nan
0.000000e+00 1.050000e+01 nan
0.000000e+00 1.150000e+01 nan
0.000000e+00 1.250000e+01 nan
0.000000e+00 1.350000e+01 nan
0.000000e+00 1.450000e+01 nan
0.000000e+00 1.550000e+01 nan
0.000000e+00 1.650000e+01 nan
0.000000e+00 1.750000e+01 nan
0.000000e+00 1.850000e+01 nan
0.000000e+00 1.950000e+01 nan
0.000000e+00 2.050000e+01 nan
0.000000e+00 2.150000e+01 nan
6.505486e-01 2.250000e+01 1.000000e+00
0.000000e+00 2.350000e+01 nan
0.000000e+00 2.450000e+01 nan
1.057724e+00 5.000000e-01 1.000000e+01
0.000000e+00 1.500000e+00 nan
1.415916e+00 2.500000e+00 4.000000e+00
0.000000e+00 3.500000e+00 nan
0.000000e+00 4.500000e+00 nan
0.000000e+00 5.500000e+00 nan
0.000000e+00 6.500000e+00 nan
1.272884e+00 7.500000e+00 1.000000e+00
1.321839e+00 8.500000e+00 1.000000e+00
0.000000e+00 9.500000e+00 nan
1.197369e+00 1.050000e+01 1.000000e+00
1.063649e+00 1.150000e+01 1.000000e+00
1.062529e+00 1.250000e+01 1.000000e+01
1.124380e+00 1.350000e+01 1.000000e+00
0.000000e+00 1.450000e+01 nan
0.000000e+00 1.550000e+01 nan
0.000000e+00 1.650000e+01 nan
0.000000e+00 1.750000e+01 nan
1.801426e+00 1.850000e+01 1.000000e+00
0.000000e+00 1.950000e+01 nan
1.225472e+00 2.050000e+01 -5.000000e+00
1.714833e+00 2.150000e+01 1.000000e+00
1.186126e+00 2.250000e+01 -2.000000e+00
1.816550e+00 2.350000e+01 1.000000e+00
0.000000e+00 2.450000e+01 nan
2.213719e+00 5.000000e-01 5.500000e+00
2.254398e+00 1.500000e+00 1.450000e+01
2.452559e+00 2.500000e+00 1.000000e+00
0.000000e+00 3.500000e+00 nan
2.352863e+00 4.500000e+00 -2.000000e+00
2.592532e+00 5.500000e+00 2.500000e-01
2.257176e+00 6.500000e+00 1.000000e+00
2.746420e+00 7.500000e+00 -2.000000e+01
2.684164e+00 8.500000e+00 4.000000e-01
0.000000e+00 9.500000e+00 nan
2.267245e+00 1.050000e+01 1.000000e+00
2.623143e+00 1.150000e+01 1.000000e+00
2.984931e+00 1.250000e+01 1.000000e+00
2.567974e+00 1.350000e+01 1.000000e+01
2.452549e+00 1.450000e+01 1.000000e+00
0.000000e+00 1.550000e+01 nan
0.000000e+00 1.650000e+01 nan
0.000000e+00 1.750000e+01 nan
0.000000e+00 1.850000e+01 nan
2.623116e+00 1.950000e+01 -2.000000e+00
2.785200e+00 2.050000e+01 1.000000e+00
0.000000e+00 2.150000e+01 nan
0.000000e+00 2.250000e+01 nan
2.678449e+00 2.350000e+01 -1.100000e+01
2.095794e+00 2.450000e+01 1.000000e+00
3.656603e+00 5.000000e-01 1.000000e+00
3.512381e+00 1.500000e+00 1.000000e+01
3.442485e+00 2.500000e+00 1.000000e+00
3.445509e+00 3.500000e+00 0.000000e+00
3.787978e+00 4.500000e+00 -4.000000e+00
3.268961e+00 5.500000e+00 -2.000000e+00
3.612734e+00 6.500000e+00 1.000000e+00
3.358521e+00 7.500000e+00 -5.000000e-01
3.388220e+00 8.500000e+00 7.000000e+00
3.358823e+00 9.500000e+00 1.000000e+00
3.888875e+00 1.050000e+01 1.000000e+00
3.335679e+00 1.150000e+01 1.000000e+00
3.462253e+00 1.250000e+01 5.500000e+00
3.625519e+00 1.350000e+01 4.000000e+00
3.298895e+00 1.450000e+01 1.000000e+00
0.000000e+00 1.550000e+01 nan
3.362048e+00 1.650000e+01 1.000000e+00
3.306761e+00 1.750000e+01 1.000000e+00
3.676277e+00 1.850000e+01 -1.000000e+00
3.104591e+00 1.950000e+01 -5.000000e+00
3.495828e+00 2.050000e+01 1.000000e+00
3.412882e+00 2.150000e+01 1.000000e+00
3.885128e+00 2.250000e+01 1.000000e+01
3.204695e+00 2.350000e+01 -5.000000e-01
3.507429e+00 2.450000e+01 4.000000e+00
4.476020e+00 5.000000e-01 2.800000e+00
4.742401e+00 1.500000e+00 7.000000e+00
4.622893e+00 2.500000e+00 4.000000e-01
4.314259e+00 3.500000e+00 4.000000e+00
0.000000e+00 4.500000e+00 nan
4.509624e+00 5.500000e+00 1.000000e+00
4.378063e+00 6.500000e+00 1.000000e+00
0.000000e+00 7.500000e+00 nan
4.564861e+00 8.500000e+00 3.000000e+00
4.591648e+00 9.500000e+00 5.714286e-01
4.720736e+00 1.050000e+01 5.500000e+00
4.495479e+00 1.150000e+01 1.000000e+00
4.319360e+00 1.250000e+01 1.000000e+00
4.512411e+00 1.350000e+01 1.000000e+00
4.475402e+00 1.450000e+01 -1.000000e+00
4.528356e+00 1.550000e+01 -8.000000e-01
4.302873e+00 1.650000e+01 1.000000e+00
4.439362e+00 1.750000e+01 2.500000e-01
4.434973e+00 1.850000e+01 -7.142857e-01
4.383619e+00 1.950000e+01 1.000000e+00
4.749597e+00 2.050000e+01 -1.000000e+00
4.604554e+00 2.150000e+01 0.000000e+00
4.511743e+00 2.250000e+01 1.000000e+00
0.000000e+00 2.350000e+01 nan
4.453773e+00 2.450000e+01 -2.000000e+00
5.339727e+00 5.000000e-01 2.800000e+00
5.778259e+00 1.500000e+00 7.000000e+00
5.510983e+00 2.500000e+00 -3.800000e+00
5.668195e+00 3.500000e+00 1.000000e+00
0.000000e+00 4.500000e+00 nan
5.380287e+00 5.500000e+00 -1.250000e+00
5.362205e+00 6.500000e+00 3.250000e+00
0.000000e+00 7.500000e+00 nan
5.751930e+00 8.500000e+00 -2.000000e+00
5.555796e+00 9.500000e+00 1.600000e+00
5.659899e+00 1.050000e+01 -5.000000e-01
5.414509e+00 1.150000e+01 1.000000e+00
5.545765e+00 1.250000e+01 1.000000e+00
5.585672e+00 1.350000e+01 -8.000000e-01
5.474961e+00 1.450000e+01 1.000000e+00
5.316871e+00 1.550000e+01 -2.000000e+00
5.489433e+00 1.650000e+01 -2.000000e+00
5.718814e+00 1.750000e+01 -2.000000e+00
5.470543e+00 1.850000e+01 2.285714e+00
5.623005e+00 1.950000e+01 -3.200000e+00
5.425375e+00 2.050000e+01 0.000000e+00
5.367414e+00 2.150000e+01 -8.000000e-01
5.728707e+00 2.250000e+01 -2.600000e+00
5.480547e+00 2.350000e+01 1.857143e+00
5.788468e+00 2.450000e+01 5.500000e+00
6.470118e+00 5.000000e-01 1.300000e+01
6.557451e+00 1.500000e+00 -2.500000e+00
6.477983e+00 2.500000e+00 4.000000e+00
6.428793e+00 3.500000e+00 3.000000e+00
6.759390e+00 4.500000e+00 -2.000000e-01
6.634021e+00 5.500000e+00 -5.000000e-01
6.561427e+00 6.500000e+00 1.000000e+00
6.424221e+00 7.500000e+00 7.000000e+00
6.445993e+00 8.500000e+00 1.000000e+00
6.243678e+00 9.500000e+00 6.250000e-01
6.521304e+00 1.050000e+01 1.300000e+00
6.370345e+00 1.150000e+01 -2.750000e+00
6.647858e+00 1.250000e+01 1.000000e+00
6.494982e+00 1.350000e+01 1.000000e+00
6.471236e+00 1.450000e+01 -2.000000e-01
6.993075e+00 1.550000e+01 -1.100000e+01
6.360442e+00 1.650000e+01 -6.500000e+00
6.608434e+00 1.750000e+01 -3.200000e+00
6.536040e+00 1.850000e+01 -1.250000e+00
6.741163e+00 1.950000e+01 -2.857143e-01
6.486701e+00 2.050000e+01 -1.250000e+00
6.445399e+00 2.150000e+01 2.500000e-01
6.579827e+00 2.250000e+01 -1.000000e+00
6.217608e+00 2.350000e+01 0.000000e+00
6.537947e+00 2.450000e+01 -2.000000e+00
7.617790e+00 5.000000e-01 -1.142857e+00
7.453611e+00 1.500000e+00 -1.625000e+00
7.694484e+00 2.500000e+00 -8.000000e+00
7.579924e+00 3.500000e+00 -5.000000e-01
7.420926e+00 4.500000e+00 -3.000000e+00
7.589689e+00 5.500000e+00 5.000000e+00
7.361168e+00 6.500000e+00 3.250000e+00
7.732403e+00 7.500000e+00 2.000000e+00
7.599237e+00 8.500000e+00 1.000000e+00
7.549390e+00 9.500000e+00 4.000000e-01
7.414834e+00 1.050000e+01 5.714286e-01
7.467502e+00 1.150000e+01 -8.000000e-01
7.673364e+00 1.250000e+01 -2.000000e+00
7.627273e+00 1.350000e+01 1.500000e+00
7.578463e+00 1.450000e+01 1.000000e+00
7.472324e+00 1.550000e+01 -3.285714e+00
7.547285e+00 1.650000e+01 -9.000000e+00
7.440488e+00 1.750000e+01 -4.400000e+00
7.069744e+00 1.850000e+01 -2.000000e+00
7.406961e+00 1.950000e+01 2.500000e+00
7.463142e+00 2.050000e+01 2.200000e+00
7.279493e+00 2.150000e+01 -2.000000e+00
7.390383e+00 2.250000e+01 5.000000e-01
7.388925e+00 2.350000e+01 -1.142857e+00
7.423338e+00 2.450000e+01 1.333333e+00
8.579821e+00 5.000000e-01 -9.125000e+00
8.499482e+00 1.500000e+00 2.714286e+00
8.421843e+00 2.500000e+00 3.250000e+00
8.469487e+00 3.500000e+00 7.000000e+00
8.501851e+00 4.500000e+00 6.250000e-01
8.617228e+00 5.500000e+00 4.000000e-01
8.633524e+00 6.500000e+00 2.500000e-01
8.473056e+00 7.500000e+00 5.714286e+00
8.660388e+00 8.500000e+00 1.000000e-01
8.401789e+00 9.500000e+00 2.500000e-01
8.495316e+00 1.050000e+01 -2.375000e+00
8.609660e+00 1.150000e+01 -4.250000e+00
8.403702e+00 1.250000e+01 4.000000e-01
8.379220e+00 1.350000e+01 1.000000e+00
8.609966e+00 1.450000e+01 1.857143e+00
8.640516e+00 1.550000e+01 -4.400000e+00
8.376562e+00 1.650000e+01 -2.000000e-01
8.315798e+00 1.750000e+01 -5.000000e-01
8.771671e+00 1.850000e+01 -2.000000e+00
8.402969e+00 1.950000e+01 -2.000000e+00
8.412616e+00 2.050000e+01 -6.500000e+00
8.582761e+00 2.150000e+01 -2.000000e+00
8.467360e+00 2.250000e+01 -1.400000e+00
8.449123e+00 2.350000e+01 -1.307692e+00
8.464741e+00 2.450000e+01 -2.333333e+00
9.456478e+00 5.000000e-01 -1.333333e+00
9.297696e+00 1.500000e+00 -6.363636e-01
9.413833e+00 2.500000e+00 1.428571e-01
9.571227e+00 3.500000e+00 2.800000e+00
9.721043e+00 4.500000e+00 1.000000e+00
9.382075e+00 5.500000e+00 1.600000e+00
9.544720e+00 6.500000e+00 -1.333333e+00
9.576968e+00 7.500000e+00 -1.000000e+00
9.489138e+00 8.500000e+00 -2.000000e+00
9.455026e+00 9.500000e+00 -2.000000e+00
9.401896e+00 1.050000e+01 -2.375000e+00
9.540146e+00 1.150000e+01 -1.500000e+00
9.461029e+00 1.250000e+01 -2.000000e-01
9.349921e+00 1.350000e+01 -2.000000e-01
9.633534e+00 1.450000e+01 -2.000000e+00
9.324967e+00 1.550000e+01 1.428571e-01
9.595776e+00 1.650000e+01 1.000000e+00
9.525880e+00 1.750000e+01 4.000000e+00
9.526570e+00 1.850000e+01 2.000000e+00
9.619102e+00 1.950000e+01 -1.300000e+01
9.467185e+00 2.050000e+01 -7.142857e-01
9.514468e+00 2.150000e+01 2.500000e-01
9.692912e+00 2.250000e+01 2.500000e-01
9.650073e+00 2.350000e+01 -2.857143e+00
9.586464e+00 2.450000e+01 -2.000000e+00
1.057949e+01 5.000000e-01 4.600000e+00
1.059318e+01 1.500000e+00 -2.000000e+00
1.057784e+01 2.500000e+00 1.230769e+00
1.064522e+01 3.500000e+00 7.750000e+00
1.046966e+01 4.500000e+00 6.142857e+00
1.053385e+01 5.500000e+00 -1.000000e+00
1.055980e+01 6.500000e+00 -8.750000e-01
1.064780e+01 7.500000e+00 -2.428571e+00
1.053839e+01 8.500000e+00 3.142857e+00
1.045633e+01 9.500000e+00 -5.000000e+00
1.057122e+01 1.050000e+01 -1.000000e+00
1.047298e+01 1.150000e+01 -2.000000e+00
1.049288e+01 1.250000e+01 0.000000e+00
1.066331e+01 1.350000e+01 -4.625000e+00
1.035117e+01 1.450000e+01 2.500000e-01
1.059951e+01 1.550000e+01 2.000000e+00
1.047923e+01 1.650000e+01 1.666667e+00
1.038950e+01 1.750000e+01 -5.000000e-01
1.063793e+01 1.850000e+01 -1.333333e+00
1.071015e+01 1.950000e+01 -2.000000e+00
1.052386e+01 2.050000e+01 -3.928571e+00
1.060652e+01 2.150000e+01 -1.700000e+00
1.034914e+01 2.250000e+01 4.000000e-01
1.043206e+01 2.350000e+01 -1.625000e+00
1.049204e+01 2.450000e+01 -8.000000e-01
1.141632e+01 5.000000e-01 2.125000e+00
1.140175e+01 1.500000e+00 -1.400000e+00
1.154091e+01 2.500000e+00 -5.000000e+00
1.164088e+01 3.500000e+00 -2.000000e+00
1.153788e+01 4.500000e+00 3.250000e+00
1.146045e+01 5.500000e+00 2.125000e+00
1.156099e+01 6.500000e+00 1.000000e+00
1.149307e+01 7.500000e+00 -2.000000e+00
1.146349e+01 8.500000e+00 -8.461538e-01
1.166518e+01 9.500000e+00 1.000000e+00
1.145873e+01 1.050000e+01 1.818182e+00
1.161657e+01 1.150000e+01 -2.000000e+00
1.160407e+01 1.250000e+01 -3.909091e+00
1.143895e+01 1.350000e+01 1.600000e+00
1.167275e+01 1.450000e+01 -6.666667e-01
1.149537e+01 1.550000e+01 3.400000e+00
1.136797e+01 1.650000e+01 -3.500000e+00
1.165228e+01 1.750000e+01 2.500000e-01
1.145062e+01 1.850000e+01 -2.500000e+00
1.157575e+01 1.950000e+01 -1.250000e-01
1.147263e+01 2.050000e+01 1.000000e+00
1.163641e+01 2.150000e+01 -1.600000e+01
1.140620e+01 2.250000e+01 -2.000000e+00
1.148757e+01 2.350000e+01 1.000000e+00
1.146038e+01 2.450000e+01 -1.538462e-01
1.250408e+01 5.000000e-01 1.000000e+00
1.245365e+01 1.500000e+00 1.250000e+00
1.254611e+01 2.500000e+00 -1.250000e+00
1.255438e+01 3.500000e+00 -4.400000e+00
1.245266e+01 4.500000e+00 -3.125000e+00
1.260927e+01 5.500000e+00 1.000000e+00
1.251552e+01 6.500000e+00 -2.600000e+00
1.248102e+01 7.500000e+00 6.666667e-01
1.254108e+01 8.500000e+00 -3.846154e-01
1.250696e+01 9.500000e+00 -3.636364e-01
1.257400e+01 1.050000e+01 -5.000000e-01
1.243029e+01 1.150000e+01 -6.714286e+00
1.267050e+01 1.250000e+01 -1.250000e+00
1.258348e+01 1.350000e+01 -3.000000e+00
1.249382e+01 1.450000e+01 -2.000000e+00
1.271815e+01 1.550000e+01 -5.375000e+00
1.248856e+01 1.650000e+01 -3.666667e+00
1.245631e+01 1.750000e+01 -1.100000e+00
1.257592e+01 1.850000e+01 -2.857143e-01
1.261347e+01 1.950000e+01 -2.857143e+00
1.261542e+01 2.050000e+01 -3.200000e+00
1.256106e+01 2.150000e+01 -2.900000e+00
1.245277e+01 2.250000e+01 -4.571429e+00
1.248866e+01 2.350000e+01 2.500000e-01
1.260062e+01 2.450000e+01 -5.000000e-01
1.348335e+01 5.000000e-01 3.181818e+00
1.364228e+01 1.500000e+00 2.500000e-01
1.356719e+01 2.500000e+00 1.272727e+00
1.343049e+01 3.500000e+00 1.666667e+00
1.359349e+01 4.500000e+00 -1.181818e+00
1.341975e+01 5.500000e+00 2.500000e-01
1.343056e+01 6.500000e+00 7.857143e-01
1.363993e+01 7.500000e+00 -1.142857e+00
1.348290e+01 8.500000e+00 5.500000e+00
1.350103e+01 9.500000e+00 2.666667e+00
1.347125e+01 1.050000e+01 -2.000000e+00
1.349737e+01 1.150000e+01 -6.000000e-01
1.339027e+01 1.250000e+01 -1.571429e+00
1.367145e+01 1.350000e+01 -1.571429e+00
1.349653e+01 1.450000e+01 6.666667e-01
1.357428e+01 1.550000e+01 -2.214286e+00
1.350189e+01 1.650000e+01 -6.000000e-01
1.341870e+01 1.750000e+01 -7.142857e-01
1.357135e+01 1.850000e+01 1.000000e+00
1.348455e+01 1.950000e+01 -1.142857e+00
1.347037e+01 2.050000e+01 -1.250000e-01
1.333106e+01 2.150000e+01 -1.000000e+00
1.347319e+01 2.250000e+01 -8.600000e+00
1.335710e+01 2.350000e+01 -2.150000e+00
1.357306e+01 2.450000e+01 7.000000e-01
1.452409e+01 5.000000e-01 -3.846154e-01
1.447265e+01 1.500000e+00 1.214286e+00
1.449318e+01 2.500000e+00 3.454545e+00
1.454542e+01 3.500000e+00 -9.090909e-01
1.456452e+01 4.500000e+00 -3.636364e-01
1.453809e+01 5.500000e+00 -2.818182e+00
1.462886e+01 6.500000e+00 1.000000e+00
1.454066e+01 7.500000e+00 2.500000e+00
1.448670e+01 8.500000e+00 1.818182e-01
1.453288e+01 9.500000e+00 1.200000e+00
1.430262e+01 1.050000e+01 -8.500000e+00
1.451059e+01 1.150000e+01 -1.500000e+00
1.449270e+01 1.250000e+01 -2.000000e+00
1.467269e+01 1.350000e+01 -5.000000e+00
1.454126e+01 1.450000e+01 -6.285714e+00
1.459354e+01 1.550000e+01 -2.600000e+00
1.452347e+01 1.650000e+01 -4.181818e+00
1.453790e+01 1.750000e+01 -8.000000e-01
1.458215e+01 1.850000e+01 1.562500e+00
1.448515e+01 1.950000e+01 1.562500e+00
1.442481e+01 2.050000e+01 -6.714286e+00
1.435635e+01 2.150000e+01 -1.666667e+00
1.451105e+01 2.250000e+01 1.000000e+00
1.455825e+01 2.350000e+01 -1.538462e-01
1.440830e+01 2.450000e+01 -2.750000e+00
1.540421e+01 5.000000e-01 1.000000e-01
1.549102e+01 1.500000e+00 2.500000e-01
1.537025e+01 2.500000e+00 -2.500000e-01
1.544982e+01 3.500000e+00 1.642857e+00
1.556235e+01 4.500000e+00 -2.375000e+00
1.551583e+01 5.500000e+00 -1.333333e+00
1.546023e+01 6.500000e+00 -1.625000e+00
1.547222e+01 7.500000e+00 1.250000e+00
1.540784e+01 8.500000e+00 1.666667e+00
1.571544e+01 9.500000e+00 -1.700000e+00
1.549241e+01 1.050000e+01 1.000000e+00
1.526942e+01 1.150000e+01 6.666667e-01
1.555299e+01 1.250000e+01 -2.000000e-01
1.550406e+01 1.350000e+01 -2.600000e+00
1.552196e+01 1.450000e+01 -2.461538e+00
1.546093e+01 1.550000e+01 -4.625000e+00
1.545131e+01 1.650000e+01 -3.285714e+00
1.563131e+01 1.750000e+01 -2.000000e+00
1.547511e+01 1.850000e+01 -2.000000e+00
1.549036e+01 1.950000e+01 -1.100000e+00
1.544542e+01 2.050000e+01 -3.636364e+00
1.546115e+01 2.150000e+01 -6.153846e-01
1.558822e+01 2.250000e+01 -3.800000e+00
1.534338e+01 2.350000e+01 -1.500000e+00
1.557721e+01 2.450000e+01 1.692308e+00
1.650771e+01 5.000000e-01 -2.230769e+00
1.650979e+01 1.500000e+00 -2.300000e+00
1.650335e+01 2.500000e+00 1.529412e+00
1.657407e+01 3.500000e+00 5.000000e-01
1.647876e+01 4.500000e+00 -5.000000e-01
1.659886e+01 5.500000e+00 1.500000e+00
1.653497e+01 6.500000e+00 6.666667e-01
1.673374e+01 7.500000e+00 -3.333333e+00
1.652695e+01 8.500000e+00 -2.000000e-01
1.650235e+01 9.500000e+00 -6.000000e-01
1.653889e+01 1.050000e+01 -6.875000e-01
1.656134e+01 1.150000e+01 -1.357143e+00
1.642660e+01 1.250000e+01 -1.250000e+00
1.633652e+01 1.350000e+01 1.428571e+00
1.652674e+01 1.450000e+01 -6.666667e-01
1.648228e+01 1.550000e+01 -7.500000e-01
1.652987e+01 1.650000e+01 -4.625000e+00
1.650476e+01 1.750000e+01 -4.625000e+00
1.645857e+01 1.850000e+01 -3.500000e+00
1.658034e+01 1.950000e+01 -2.900000e+00
1.648963e+01 2.050000e+01 -7.142857e-02
1.661973e+01 2.150000e+01 -2.000000e+00
1.654782e+01 2.250000e+01 2.500000e-01
1.661414e+01 2.350000e+01 1.818182e+00
1.659414e+01 2.450000e+01 2.000000e+00
1.762871e+01 5.000000e-01 -2.500000e-01
1.753962e+01 1.500000e+00 -3.636364e-01
1.752707e+01 2.500000e+00 -1.727273e+00
1.750922e+01 3.500000e+00 -3.000000e+00
1.745350e+01 4.500000e+00 -1.181818e+00
1.762930e+01 5.500000e+00 -2.666667e+00
1.744416e+01 6.500000e+00 -2.631579e-01
1.748322e+01 7.500000e+00 -2.600000e+00
1.737785e+01 8.500000e+00 -9.090909e-02
1.753324e+01 9.500000e+00 -3.333333e-01
1.762447e+01 1.050000e+01 2.333333e+00
1.753468e+01 1.150000e+01 -1.000000e+00
1.748473e+01 1.250000e+01 7.272727e-01
1.732405e+01 1.350000e+01 -9.090909e-02
1.745132e+01 1.450000e+01 -4.117647e-01
1.762644e+01 1.550000e+01 2.125000e+00
1.754270e+01 1.650000e+01 -6.666667e-01
1.758696e+01 1.750000e+01 -9.285714e-01
1.741687e+01 1.850000e+01 -2.428571e+00
1.748914e+01 1.950000e+01 -1.454545e+00
1.751208e+01 2.050000e+01 -6.000000e-01
1.755392e+01 2.150000e+01 2.000000e-01
1.748279e+01 2.250000e+01 1.000000e+00
1.748307e+01 2.350000e+01 1.428571e-01
1.753950e+01 2.450000e+01 1.000000e+00
1.848849e+01 5.000000e-01 -2.500000e+00
1.844131e+01 1.500000e+00 -5.000000e-01
1.864201e+01 2.500000e+00 -3.333333e-01
1.848517e+01 3.500000e+00 -2.857143e+00
1.854719e+01 4.500000e+00 7.692308e-02
1.852496e+01 5.500000e+00 -1.823529e+00
1.854378e+01 6.500000e+00 7.857143e-01
1.853986e+01 7.500000e+00 -2.000000e+00
1.842779e+01 8.500000e+00 -3.941176e+00
1.852369e+01 9.500000e+00 -4.000000e-01
1.846680e+01 1.050000e+01 1.818182e-01
1.849828e+01 1.150000e+01 -3.875000e+00
1.846196e+01 1.250000e+01 4.705882e-01
1.862896e+01 1.350000e+01 2.250000e+00
1.833383e+01 1.450000e+01 2.333333e+00
1.862347e+01 1.550000e+01 8.695652e-02
1.856031e+01 1.650000e+01 -3.333333e+00
1.857286e+01 1.750000e+01 -5.000000e-01
1.842571e+01 1.850000e+01 -2.000000e+00
1.853637e+01 1.950000e+01 -3.846154e-01
1.845206e+01 2.050000e+01 4.545455e-01
1.848111e+01 2.150000e+01 -9.090909e-02
1.863127e+01 2.250000e+01 3.100000e+00
1.846726e+01 2.350000e+01 8.000000e-01
1.845175e+01 2.450000e+01 -1.625000e+00
1.949913e+01 5.000000e-01 1.214286e+00
1.954383e+01 1.500000e+00 2.857143e-01
1.954873e+01 2.500000e+00 -1.666667e-01
1.947347e+01 3.500000e+00 -6.875000e-01
1.945356e+01 4.500000e+00 3.684211e-01
1.933802e+01 5.500000e+00 7.000000e-01
1.956366e+01 6.500000e+00 -4.500000e+00
1.936999e+01 7.500000e+00 -3.846154e+00
1.964244e+01 8.500000e+00 3.333333e-01
1.940910e+01 9.500000e+00 -3.125000e+00
1.932517e+01 1.050000e+01 -1.571429e+00
1.952358e+01 1.150000e+01 1.000000e+00
1.968337e+01 1.250000e+01 2.000000e+00
1.946082e+01 1.350000e+01 2.363636e+00
1.956099e+01 1.450000e+01 2.800000e+00
1.958374e+01 1.550000e+01 -8.750000e-01
1.950055e+01 1.650000e+01 -1.100000e+00
1.947310e+01 1.750000e+01 1.176471e-01
1.943941e+01 1.850000e+01 -8.461538e-01
1.947864e+01 1.950000e+01 -2.176471e+00
1.937609e+01 2.050000e+01 6.666667e-01
1.956296e+01 2.150000e+01 -4.000000e-01
1.950801e+01 2.250000e+01 -2.857143e-01
1.950729e+01 2.350000e+01 1.428571e+00
1.959993e+01 2.450000e+01 -3.714286e+00
2.041980e+01 5.000000e-01 -5.000000e-01
2.050198e+01 1.500000e+00 -6.153846e-01
2.059245e+01 2.500000e+00 1.600000e+00
2.056754e+01 3.500000e+00 4.705882e-01
2.055541e+01 4.500000e+00 3.538462e+00
2.044937e+01 5.500000e+00 -1.800000e+00
2.044004e+01 6.500000e+00 -2.000000e+00
2.054876e+01 7.500000e+00 -1.538462e+00
2.038704e+01 8.500000e+00 -2.666667e+00
2.038686e+01 9.500000e+00 5.000000e-01
2.052049e+01 1.050000e+01 -1.250000e-01
2.060985e+01 1.150000e+01 1.000000e+00
2.055726e+01 1.250000e+01 1.000000e+00
2.041138e+01 1.350000e+01 4.428571e+00
2.043626e+01 1.450000e+01 -5.000000e-01
2.045128e+01 1.550000e+01 6.666667e-01
2.046752e+01 1.650000e+01 1.000000e+00
2.051899e+01 1.750000e+01 3.454545e+00
2.051558e+01 1.850000e+01 2.333333e+00
2.041341e+01 1.950000e+01 3.333333e-01
2.046145e+01 2.050000e+01 4.705882e-01
2.059606e+01 2.150000e+01 -2.000000e-01
2.064026e+01 2.250000e+01 6.842105e-01
2.051018e+01 2.350000e+01 -6.666667e-01
2.061862e+01 2.450000e+01 1.461538e+00
2.156404e+01 5.000000e-01 1.142857e+00
2.148332e+01 1.500000e+00 4.705882e-01
2.153966e+01 2.500000e+00 2.500000e-01
2.151657e+01 3.500000e+00 1.214286e+00
2.148714e+01 4.500000e+00 -7.142857e-02
2.151891e+01 5.500000e+00 -6.153846e-01
2.148567e+01 6.500000e+00 6.250000e-01
2.153833e+01 7.500000e+00 5.384615e-01
2.156644e+01 8.500000e+00 -3.200000e+00
2.153621e+01 9.500000e+00 7.692308e-02
2.168078e+01 1.050000e+01 -2.000000e-01
2.151079e+01 1.150000e+01 8.064516e-01
2.151608e+01 1.250000e+01 3.076923e-01
2.136039e+01 1.350000e+01 -2.500000e+00
2.140808e+01 1.450000e+01 2.090909e+00
2.150919e+01 1.550000e+01 -3.500000e-01
2.150138e+01 1.650000e+01 1.428571e-01
2.159867e+01 1.750000e+01 1.176471e-01
2.142560e+01 1.850000e+01 -6.000000e-01
2.158291e+01 1.950000e+01 1.176471e+00
2.148083e+01 2.050000e+01 -1.250000e+00
2.160062e+01 2.150000e+01 -3.750000e-01
2.136412e+01 2.250000e+01 1.692308e+00
2.149130e+01 2.350000e+01 1.545455e+00
2.148936e+01 2.450000e+01 -2.214286e+00
2.240122e+01 5.000000e-01 -4.210526e-01
2.261625e+01 1.500000e+00 1.705882e+00
2.246640e+01 2.500000e+00 2.312500e+00
2.252182e+01 3.500000e+00 2.941176e-01
2.236571e+01 4.500000e+00 1.250000e+00
2.257839e+01 5.500000e+00 4.000000e-01
2.243343e+01 6.500000e+00 1.176471e-01
2.250829e+01 7.500000e+00 -2.545455e+00
2.262517e+01 8.500000e+00 1.166667e+00
2.248375e+01 9.500000e+00 -2.857143e+00
2.245330e+01 1.050000e+01 2.857143e-01
2.255218e+01 1.150000e+01 6.470588e-01
2.239138e+01 1.250000e+01 -4.000000e-01
2.251278e+01 1.350000e+01 2.500000e-01
2.255090e+01 1.450000e+01 -8.461538e-01
2.252229e+01 1.550000e+01 7.142857e-01
2.258002e+01 1.650000e+01 1.333333e+00
2.246245e+01 1.750000e+01 3.571429e-01
2.249571e+01 1.850000e+01 1.400000e+00
2.260290e+01 1.950000e+01 8.235294e-01
2.252908e+01 2.050000e+01 1.000000e+00
2.247735e+01 2.150000e+01 -9.411765e-01
2.261181e+01 2.250000e+01 -9.615385e-01
2.245875e+01 2.350000e+01 -4.000000e-01
2.245078e+01 2.450000e+01 -6.153846e-01
2.351254e+01 5.000000e-01 1.315789e+00
2.351590e+01 1.500000e+00 1.200000e+00
2.360961e+01 2.500000e+00 2.500000e-01
2.340491e+01 3.500000e+00 -7.727273e-01
2.342004e+01 4.500000e+00 -1.333333e+00
2.352595e+01 5.500000e+00 1.000000e+00
2.350015e+01 6.500000e+00 7.500000e-01
2.351914e+01 7.500000e+00 -2.000000e-01
2.349853e+01 8.500000e+00 1.529412e+00
2.359247e+01 9.500000e+00 1.529412e+00
2.357800e+01 1.050000e+01 -1.250000e-01
2.339748e+01 1.150000e+01 -2.529412e+00
2.349433e+01 1.250000e+01 -1.478261e+00
2.353758e+01 1.350000e+01 8.695652e-02
2.334862e+01 1.450000e+01 -1.400000e+00
2.357627e+01 1.550000e+01 -5.300000e+00
2.345707e+01 1.650000e+01 -7.647059e-01
2.349284e+01 1.750000e+01 1.166667e+00
2.358764e+01 1.850000e+01 1.529412e+00
2.352815e+01 1.950000e+01 5.263158e-01
2.342102e+01 2.050000e+01 2.500000e+00
2.341088e+01 2.150000e+01 1.166667e+00
2.343581e+01 2.250000e+01 -8.000000e-01
2.352921e+01 2.350000e+01 2.857143e-01
2.348910e+01 2.450000e+01 5.263158e-01
2.444234e+01 5.000000e-01 1.230769e+00
2.451962e+01 1.500000e+00 2.105263e-01
2.449452e+01 2.500000e+00 -1.428571e+00
2.453623e+01 3.500000e+00 5.000000e-01
2.443291e+01 4.500000e+00 0.000000e+00
2.441151e+01 5.500000e+00 6.250000e-02
2.453964e+01 6.500000e+00 -2.000000e-01
2.446148e+01 7.500000e+00 2.384615e+00
2.444104e+01 8.500000e+00 1.000000e+00
2.433523e+01 9.500000e+00 7.857143e-01
2.455546e+01 1.050000e+01 5.384615e-01
2.458377e+01 1.150000e+01 -1.500000e+00
2.443479e+01 1.250000e+01 -8.333333e-01
2.449193e+01 1.350000e+01 -2.428571e+00
2.438295e+01 1.450000e+01 1.705882e+00
2.446400e+01 1.550000e+01 1.352941e+00
2.446441e+01 1.650000e+01 -3.125000e-01
2.448493e+01 1.750000e+01 -3.043478e-01
2.451463e+01 1.850000e+01 1.000000e+00
2.448189e+01 1.950000e+01 1.176471e-01
2.440354e+01 2.050000e+01 -5.000000e-02
2.452552e+01 2.150000e+01 -7.142857e-02
2.448668e+01 2.250000e+01 2.090909e+00
2.443467e+01 2.350000e+01 -3.500000e-01
2.451756e+01 2.450000e+01 -6.000000e-01
