8.660215e-02 5.000000e-01 5.913336e+01
6.643244e-01 1.500000e+00 2.367533e+02
6.665545e-01 2.500000e+00 1.361238e+02
6.684932e-01 3.500000e+00 1.029552e+02
6.732237e-01 4.500000e+00 8.850963e+01
6.635373e-01 5.500000e+00 7.724394e+01
6.675918e-01 6.500000e+00 5.692450e+01
6.702347e-01 7.500000e+00 4.287407e+01
6.719354e-01 8.500000e+00 3.053261e+01
6.669667e-01 9.500000e+00 4.518937e+01
6.706450e-01 1.050000e+01 4.421370e+01
6.683491e-01 1.150000e+01 3.328961e+01
6.705849e-01 1.250000e+01 3.093799e+01
6.670823e-01 1.350000e+01 3.267162e+01
6.631140e-01 1.450000e+01 3.017647e+01
6.702476e-01 1.550000e+01 2.279191e+01
6.704907e-01 1.650000e+01 1.301162e+01
6.708666e-01 1.750000e+01 5.578320e+00
6.637591e-01 1.850000e+01 1.930454e+00
6.637491e-01 1.950000e+01 1.251397e+00
6.649701e-01 2.050000e+01 1.148108e+00
6.653185e-01 2.150000e+01 1.014770e+00
6.636474e-01 2.250000e+01 1.000000e+00
6.719445e-01 2.350000e+01 1.000000e+00
6.688755e-01 2.450000e+01 1.000000e+00
1.553623e+00 5.000000e-01 2.355423e+02
1.553077e+00 1.500000e+00 1.618569e+02
1.556326e+00 2.500000e+00 1.153909e+02
1.556919e+00 3.500000e+00 8.730340e+01
1.560046e+00 4.500000e+00 7.840696e+01
1.562890e+00 5.500000e+00 6.258183e+01
1.561102e+00 6.500000e+00 5.241902e+01
1.551689e+00 7.500000e+00 4.045011e+01
1.552056e+00 8.500000e+00 3.652958e+01
1.561472e+00 9.500000e+00 3.867953e+01
1.555311e+00 1.050000e+01 3.731656e+01
1.561129e+00 1.150000e+01 3.453000e+01
1.561047e+00 1.250000e+01 3.506929e+01
1.561083e+00 1.350000e+01 3.514368e+01
1.551569e+00 1.450000e+01 3.256845e+01
1.547474e+00 1.550000e+01 2.125815e+01
1.553720e+00 1.650000e+01 1.061524e+01
1.554417e+00 1.750000e+01 3.815213e+00
1.557277e+00 1.850000e+01 1.472637e+00
1.551898e+00 1.950000e+01 1.178283e+00
1.553121e+00 2.050000e+01 1.038961e+00
1.549635e+00 2.150000e+01 1.001656e+00
1.551937e+00 2.250000e+01 1.000000e+00
1.553801e+00 2.350000e+01 1.001670e+00
1.553955e+00 2.450000e+01 1.000000e+00
2.528880e+00 5.000000e-01 1.673348e+02
2.531248e+00 1.500000e+00 1.297983e+02
2.530821e+00 2.500000e+00 9.746549e+01
2.528469e+00 3.500000e+00 8.127539e+01
2.536271e+00 4.500000e+00 6.846214e+01
2.529949e+00 5.500000e+00 5.786245e+01
2.533322e+00 6.500000e+00 4.521942e+01
2.527862e+00 7.500000e+00 3.962380e+01
2.533317e+00 8.500000e+00 3.801460e+01
2.532263e+00 9.500000e+00 3.478096e+01
2.532835e+00 1.050000e+01 3.545768e+01
2.533079e+00 1.150000e+01 3.891735e+01
2.539515e+00 1.250000e+01 3.792308e+01
2.535446e+00 1.350000e+01 3.500486e+01
2.536688e+00 1.450000e+01 2.819489e+01
2.536566e+00 1.550000e+01 1.729092e+01
2.535313e+00 1.650000e+01 8.272727e+00
2.534223e+00 1.750000e+01 2.691194e+00
2.536709e+00 1.850000e+01 1.369148e+00
2.527680e+00 1.950000e+01 1.043033e+00
2.528672e+00 2.050000e+01 1.024958e+00
2.527816e+00 2.150000e+01 1.002010e+00
2.534634e+00 2.250000e+01 1.000000e+00
2.534722e+00 2.350000e+01 1.000000e+00
2.532062e+00 2.450000e+01 1.000000e+00
3.522827e+00 5.000000e-01 1.374058e+02
3.525712e+00 1.500000e+00 1.153946e+02
3.522978e+00 2.500000e+00 8.913225e+01
3.522733e+00 3.500000e+00 7.535811e+01
3.519936e+00 4.500000e+00 6.302868e+01
3.522557e+00 5.500000e+00 4.922923e+01
3.524474e+00 6.500000e+00 3.701244e+01
3.525299e+00 7.500000e+00 4.079802e+01
3.519223e+00 8.500000e+00 4.171781e+01
3.522111e+00 9.500000e+00 4.068258e+01
3.524433e+00 1.050000e+01 3.736879e+01
3.522548e+00 1.150000e+01 3.652421e+01
3.523089e+00 1.250000e+01 3.573111e+01
3.525723e+00 1.350000e+01 3.161326e+01
3.521774e+00 1.450000e+01 2.200426e+01
3.523628e+00 1.550000e+01 1.278890e+01
3.526259e+00 1.650000e+01 5.223239e+00
3.520998e+00 1.750000e+01 2.016052e+00
3.524409e+00 1.850000e+01 1.125823e+00
3.522769e+00 1.950000e+01 1.023044e+00
3.526504e+00 2.050000e+01 9.620498e-01
3.522917e+00 2.150000e+01 1.002839e+00
3.525399e+00 2.250000e+01 1.000000e+00
3.522096e+00 2.350000e+01 1.000000e+00
3.525947e+00 2.450000e+01 1.000000e+00
4.520286e+00 5.000000e-01 1.144986e+02
4.517329e+00 1.500000e+00 1.058619e+02
4.517134e+00 2.500000e+00 9.037042e+01
4.517684e+00 3.500000e+00 6.876449e+01
4.522496e+00 4.500000e+00 5.500646e+01
4.518022e+00 5.500000e+00 4.093951e+01
4.519588e+00 6.500000e+00 3.603902e+01
4.521293e+00 7.500000e+00 3.468173e+01
4.520270e+00 8.500000e+00 3.838833e+01
4.522489e+00 9.500000e+00 4.228034e+01
4.518390e+00 1.050000e+01 4.053700e+01
4.518547e+00 1.150000e+01 3.651465e+01
4.518540e+00 1.250000e+01 3.404038e+01
4.519358e+00 1.350000e+01 2.667158e+01
4.517529e+00 1.450000e+01 1.777380e+01
4.519004e+00 1.550000e+01 9.206023e+00
4.522100e+00 1.650000e+01 3.906416e+00
4.518120e+00 1.750000e+01 1.545913e+00
4.517472e+00 1.850000e+01 1.004605e+00
4.517704e+00 1.950000e+01 9.196745e-01
4.518700e+00 2.050000e+01 9.663271e-01
4.518273e+00 2.150000e+01 9.831855e-01
4.514189e+00 2.250000e+01 1.001677e+00
4.514715e+00 2.350000e+01 1.000000e+00
4.515366e+00 2.450000e+01 1.000000e+00
5.511828e+00 5.000000e-01 8.527017e+01
5.514329e+00 1.500000e+00 8.686752e+01
5.513420e+00 2.500000e+00 7.840715e+01
5.517656e+00 3.500000e+00 6.587321e+01
5.514147e+00 4.500000e+00 4.872436e+01
5.515030e+00 5.500000e+00 4.362377e+01
5.517027e+00 6.500000e+00 3.814352e+01
5.517808e+00 7.500000e+00 3.481508e+01
5.513855e+00 8.500000e+00 3.748631e+01
5.514503e+00 9.500000e+00 3.897309e+01
5.515280e+00 1.050000e+01 3.854495e+01
5.515081e+00 1.150000e+01 3.488633e+01
5.515847e+00 1.250000e+01 2.886897e+01
5.512853e+00 1.350000e+01 2.320451e+01
5.517647e+00 1.450000e+01 1.431505e+01
5.515919e+00 1.550000e+01 7.448912e+00
5.518980e+00 1.650000e+01 2.095871e+00
5.511373e+00 1.750000e+01 6.362549e-01
5.517991e+00 1.850000e+01 7.470008e-01
5.517579e+00 1.950000e+01 7.706767e-01
5.517990e+00 2.050000e+01 9.301380e-01
5.517841e+00 2.150000e+01 9.576072e-01
5.512438e+00 2.250000e+01 9.929210e-01
5.515703e+00 2.350000e+01 1.000000e+00
5.516049e+00 2.450000e+01 1.000000e+00
6.513244e+00 5.000000e-01 7.879651e+01
6.514422e+00 1.500000e+00 7.637508e+01
6.515320e+00 2.500000e+00 6.950420e+01
6.511116e+00 3.500000e+00 5.559635e+01
6.510909e+00 4.500000e+00 4.649957e+01
6.511566e+00 5.500000e+00 3.862439e+01
6.513067e+00 6.500000e+00 3.742837e+01
6.512690e+00 7.500000e+00 3.573649e+01
6.514415e+00 8.500000e+00 3.383075e+01
6.514904e+00 9.500000e+00 3.439674e+01
6.515582e+00 1.050000e+01 3.555370e+01
6.512853e+00 1.150000e+01 3.184906e+01
6.512084e+00 1.250000e+01 2.382382e+01
6.513285e+00 1.350000e+01 1.681550e+01
6.513470e+00 1.450000e+01 1.112124e+01
6.511661e+00 1.550000e+01 5.168705e+00
6.514485e+00 1.650000e+01 1.330946e+00
6.513549e+00 1.750000e+01 5.863081e-02
6.509577e+00 1.850000e+01 2.017862e-01
6.510894e+00 1.950000e+01 7.117193e-01
6.510056e+00 2.050000e+01 7.901866e-01
6.513365e+00 2.150000e+01 9.518533e-01
6.509871e+00 2.250000e+01 9.676402e-01
6.513755e+00 2.350000e+01 1.000000e+00
6.515670e+00 2.450000e+01 1.000000e+00
7.511012e+00 5.000000e-01 7.475564e+01
7.509227e+00 1.500000e+00 7.111114e+01
7.513896e+00 2.500000e+00 5.979978e+01
7.510328e+00 3.500000e+00 4.706753e+01
7.508632e+00 4.500000e+00 4.243437e+01
7.508318e+00 5.500000e+00 3.596977e+01
7.510755e+00 6.500000e+00 3.381181e+01
7.512569e+00 7.500000e+00 3.503008e+01
7.509501e+00 8.500000e+00 3.440606e+01
7.508596e+00 9.500000e+00 3.355519e+01
7.512654e+00 1.050000e+01 3.287138e+01
7.511774e+00 1.150000e+01 2.836845e+01
7.514888e+00 1.250000e+01 2.066698e+01
7.511370e+00 1.350000e+01 1.289284e+01
7.510248e+00 1.450000e+01 8.778251e+00
7.512293e+00 1.550000e+01 3.983905e+00
7.509953e+00 1.650000e+01 8.877219e-01
7.510537e+00 1.750000e+01 -5.833211e-01
7.510548e+00 1.850000e+01 -2.876335e-01
7.510175e+00 1.950000e+01 3.395908e-01
7.512542e+00 2.050000e+01 7.503320e-01
7.511281e+00 2.150000e+01 8.801064e-01
7.511674e+00 2.250000e+01 9.731011e-01
7.509789e+00 2.350000e+01 9.851218e-01
7.511539e+00 2.450000e+01 1.000000e+00
8.509554e+00 5.000000e-01 6.540827e+01
8.511198e+00 1.500000e+00 6.117361e+01
8.511030e+00 2.500000e+00 5.291758e+01
8.510721e+00 3.500000e+00 4.397015e+01
8.509284e+00 4.500000e+00 3.383965e+01
8.512708e+00 5.500000e+00 2.877075e+01
8.507316e+00 6.500000e+00 2.706342e+01
8.508690e+00 7.500000e+00 2.845139e+01
8.511096e+00 8.500000e+00 3.061787e+01
8.509480e+00 9.500000e+00 2.915641e+01
8.511845e+00 1.050000e+01 2.714354e+01
8.507453e+00 1.150000e+01 2.368656e+01
8.508584e+00 1.250000e+01 1.694801e+01
8.510772e+00 1.350000e+01 1.153431e+01
8.511077e+00 1.450000e+01 6.139625e+00
8.512358e+00 1.550000e+01 2.972345e+00
8.510979e+00 1.650000e+01 5.726325e-02
8.508762e+00 1.750000e+01 -6.907807e-01
8.507179e+00 1.850000e+01 -8.850933e-01
8.512971e+00 1.950000e+01 -1.051126e-01
8.512514e+00 2.050000e+01 6.201487e-01
8.508242e+00 2.150000e+01 7.973332e-01
8.507586e+00 2.250000e+01 9.303064e-01
8.507645e+00 2.350000e+01 9.740842e-01
8.508628e+00 2.450000e+01 9.918747e-01
9.512724e+00 5.000000e-01 5.557527e+01
9.508496e+00 1.500000e+00 5.322538e+01
9.508890e+00 2.500000e+00 4.900262e+01
9.511509e+00 3.500000e+00 4.127612e+01
9.509560e+00 4.500000e+00 2.921701e+01
9.510522e+00 5.500000e+00 2.244776e+01
9.507676e+00 6.500000e+00 2.048298e+01
9.509190e+00 7.500000e+00 2.118745e+01
9.509127e+00 8.500000e+00 2.435685e+01
9.509480e+00 9.500000e+00 2.591568e+01
9.507707e+00 1.050000e+01 2.277328e+01
9.511567e+00 1.150000e+01 1.824963e+01
9.508251e+00 1.250000e+01 1.324516e+01
9.510138e+00 1.350000e+01 9.748966e+00
9.510078e+00 1.450000e+01 5.352268e+00
9.506454e+00 1.550000e+01 1.393037e+00
9.508949e+00 1.650000e+01 -1.990066e-01
9.509834e+00 1.750000e+01 -1.264714e+00
9.508897e+00 1.850000e+01 -9.750740e-01
9.505671e+00 1.950000e+01 -5.575791e-01
9.508644e+00 2.050000e+01 1.739041e-01
9.509658e+00 2.150000e+01 7.569969e-01
9.508804e+00 2.250000e+01 8.367513e-01
9.508768e+00 2.350000e+01 9.548807e-01
9.506838e+00 2.450000e+01 9.769062e-01
1.051092e+01 5.000000e-01 4.890063e+01
1.050845e+01 1.500000e+00 4.698156e+01
1.050658e+01 2.500000e+00 4.173690e+01
1.050591e+01 3.500000e+00 3.420543e+01
1.050655e+01 4.500000e+00 2.767949e+01
1.050833e+01 5.500000e+00 2.074929e+01
1.050797e+01 6.500000e+00 1.668723e+01
1.051011e+01 7.500000e+00 1.677468e+01
1.050702e+01 8.500000e+00 1.736980e+01
1.050798e+01 9.500000e+00 2.008785e+01
1.050763e+01 1.050000e+01 1.896792e+01
1.050553e+01 1.150000e+01 1.414975e+01
1.050706e+01 1.250000e+01 1.046903e+01
1.050665e+01 1.350000e+01 7.837299e+00
1.050964e+01 1.450000e+01 5.239574e+00
1.050706e+01 1.550000e+01 2.684248e-01
1.050780e+01 1.650000e+01 -1.399222e+00
1.050590e+01 1.750000e+01 -1.556645e+00
1.050691e+01 1.850000e+01 -1.351415e+00
1.051001e+01 1.950000e+01 -8.344969e-01
1.050917e+01 2.050000e+01 -1.730739e-01
1.050796e+01 2.150000e+01 4.141182e-01
1.050795e+01 2.250000e+01 7.989478e-01
1.050801e+01 2.350000e+01 8.868075e-01
1.050839e+01 2.450000e+01 9.763008e-01
1.150711e+01 5.000000e-01 4.172403e+01
1.150818e+01 1.500000e+00 3.953485e+01
1.150622e+01 2.500000e+00 3.535437e+01
1.150993e+01 3.500000e+00 3.012193e+01
1.150733e+01 4.500000e+00 2.495011e+01
1.150919e+01 5.500000e+00 2.025367e+01
1.150813e+01 6.500000e+00 1.585400e+01
1.150611e+01 7.500000e+00 1.314237e+01
1.150576e+01 8.500000e+00 1.297641e+01
1.150599e+01 9.500000e+00 1.275045e+01
1.150792e+01 1.050000e+01 1.393093e+01
1.150812e+01 1.150000e+01 1.165420e+01
1.150532e+01 1.250000e+01 7.828700e+00
1.150624e+01 1.350000e+01 4.806837e+00
1.150727e+01 1.450000e+01 2.782365e+00
1.150474e+01 1.550000e+01 -3.466917e-02
1.150568e+01 1.650000e+01 -2.771561e+00
1.150645e+01 1.750000e+01 -2.017650e+00
1.150812e+01 1.850000e+01 -1.763852e+00
1.150890e+01 1.950000e+01 -1.020851e+00
1.150718e+01 2.050000e+01 -5.684284e-01
1.150724e+01 2.150000e+01 5.699079e-02
1.150896e+01 2.250000e+01 6.175339e-01
1.150612e+01 2.350000e+01 8.229598e-01
1.150809e+01 2.450000e+01 9.238501e-01
1.251007e+01 5.000000e-01 3.502313e+01
1.250427e+01 1.500000e+00 3.276017e+01
1.250568e+01 2.500000e+00 2.895662e+01
1.250786e+01 3.500000e+00 2.594555e+01
1.250613e+01 4.500000e+00 2.095863e+01
1.250675e+01 5.500000e+00 1.768359e+01
1.250945e+01 6.500000e+00 1.381050e+01
1.250523e+01 7.500000e+00 9.060830e+00
1.250574e+01 8.500000e+00 6.997384e+00
1.250596e+01 9.500000e+00 6.905711e+00
1.250706e+01 1.050000e+01 6.940549e+00
1.250890e+01 1.150000e+01 7.323024e+00
1.250450e+01 1.250000e+01 5.519968e+00
1.250782e+01 1.350000e+01 2.389552e+00
1.250373e+01 1.450000e+01 -2.105089e-01
1.250735e+01 1.550000e+01 -1.770268e+00
1.250573e+01 1.650000e+01 -3.106109e+00
1.250706e+01 1.750000e+01 -3.494428e+00
1.250663e+01 1.850000e+01 -1.945628e+00
1.250592e+01 1.950000e+01 -1.514782e+00
1.250906e+01 2.050000e+01 -6.810037e-01
1.250659e+01 2.150000e+01 -3.238926e-01
1.250577e+01 2.250000e+01 2.629623e-01
1.250615e+01 2.350000e+01 7.801639e-01
1.250641e+01 2.450000e+01 8.647965e-01
1.350419e+01 5.000000e-01 3.041484e+01
1.350584e+01 1.500000e+00 2.706747e+01
1.350638e+01 2.500000e+00 2.330173e+01
1.350509e+01 3.500000e+00 2.041551e+01
1.350651e+01 4.500000e+00 1.697077e+01
1.350725e+01 5.500000e+00 1.325121e+01
1.350841e+01 6.500000e+00 1.027375e+01
1.350626e+01 7.500000e+00 6.072457e+00
1.350760e+01 8.500000e+00 3.604419e+00
1.350709e+01 9.500000e+00 3.210999e+00
1.350541e+01 1.050000e+01 3.344074e+00
1.350726e+01 1.150000e+01 3.198524e+00
1.350638e+01 1.250000e+01 3.262198e+00
1.350738e+01 1.350000e+01 1.229560e+00
1.350445e+01 1.450000e+01 -1.213194e+00
1.350462e+01 1.550000e+01 -3.535948e+00
1.350638e+01 1.650000e+01 -3.659631e+00
1.350797e+01 1.750000e+01 -3.992638e+00
1.350681e+01 1.850000e+01 -2.852569e+00
1.350687e+01 1.950000e+01 -1.694661e+00
1.350564e+01 2.050000e+01 -1.157237e+00
1.350694e+01 2.150000e+01 -5.144392e-01
1.350450e+01 2.250000e+01 -3.481363e-02
1.350628e+01 2.350000e+01 4.685824e-01
1.350675e+01 2.450000e+01 8.547608e-01
1.450660e+01 5.000000e-01 2.503854e+01
1.450606e+01 1.500000e+00 2.168815e+01
1.450560e+01 2.500000e+00 1.840923e+01
1.450634e+01 3.500000e+00 1.462768e+01
1.450537e+01 4.500000e+00 1.181390e+01
1.450476e+01 5.500000e+00 8.734669e+00
1.450621e+01 6.500000e+00 6.237989e+00
1.450657e+01 7.500000e+00 4.787486e+00
1.450446e+01 8.500000e+00 2.077075e+00
1.450446e+01 9.500000e+00 9.735420e-01
1.450723e+01 1.050000e+01 7.254865e-01
1.450562e+01 1.150000e+01 1.025615e+00
1.450539e+01 1.250000e+01 7.826820e-01
1.450456e+01 1.350000e+01 1.628802e-01
1.450542e+01 1.450000e+01 -2.384385e+00
1.450544e+01 1.550000e+01 -3.853497e+00
1.450613e+01 1.650000e+01 -4.704406e+00
1.450559e+01 1.750000e+01 -3.933759e+00
1.450517e+01 1.850000e+01 -3.849526e+00
1.450593e+01 1.950000e+01 -2.210945e+00
1.450639e+01 2.050000e+01 -1.485946e+00
1.450696e+01 2.150000e+01 -8.287385e-01
1.450237e+01 2.250000e+01 -3.502219e-01
1.450500e+01 2.350000e+01 1.754883e-01
1.450378e+01 2.450000e+01 6.680966e-01
1.550651e+01 5.000000e-01 1.831810e+01
1.550514e+01 1.500000e+00 1.686284e+01
1.550450e+01 2.500000e+00 1.265561e+01
1.550496e+01 3.500000e+00 9.398495e+00
1.550507e+01 4.500000e+00 5.855339e+00
1.550579e+01 5.500000e+00 4.176184e+00
1.550630e+01 6.500000e+00 3.140820e+00
1.550560e+01 7.500000e+00 1.889994e+00
1.550521e+01 8.500000e+00 9.702379e-01
1.550477e+01 9.500000e+00 -1.400772e+00
1.550713e+01 1.050000e+01 -2.399066e+00
1.550650e+01 1.150000e+01 -2.282953e+00
1.550556e+01 1.250000e+01 -1.437691e+00
1.550661e+01 1.350000e+01 -2.023724e+00
1.550562e+01 1.450000e+01 -3.252059e+00
1.550396e+01 1.550000e+01 -4.714709e+00
1.550520e+01 1.650000e+01 -5.119371e+00
1.550620e+01 1.750000e+01 -4.696561e+00
1.550834e+01 1.850000e+01 -3.738488e+00
1.550503e+01 1.950000e+01 -3.221079e+00
1.550387e+01 2.050000e+01 -1.625509e+00
1.550406e+01 2.150000e+01 -1.294897e+00
1.550416e+01 2.250000e+01 -5.097809e-01
1.550660e+01 2.350000e+01 -7.992279e-02
1.550550e+01 2.450000e+01 3.800167e-01
1.650442e+01 5.000000e-01 1.057746e+01
1.650673e+01 1.500000e+00 1.015200e+01
1.650547e+01 2.500000e+00 7.881336e+00
1.650485e+01 3.500000e+00 4.062449e+00
1.650332e+01 4.500000e+00 1.295290e+00
1.650384e+01 5.500000e+00 6.070979e-02
1.650359e+01 6.500000e+00 8.285382e-03
1.650689e+01 7.500000e+00 -1.559642e-01
1.650672e+01 8.500000e+00 -8.351147e-01
1.650661e+01 9.500000e+00 -2.691743e+00
1.650524e+01 1.050000e+01 -4.747364e+00
1.650535e+01 1.150000e+01 -5.354486e+00
1.650528e+01 1.250000e+01 -4.660487e+00
1.650523e+01 1.350000e+01 -3.878844e+00
1.650535e+01 1.450000e+01 -4.460499e+00
1.650638e+01 1.550000e+01 -4.929845e+00
1.650653e+01 1.650000e+01 -5.273325e+00
1.650485e+01 1.750000e+01 -5.140186e+00
1.650298e+01 1.850000e+01 -4.180402e+00
1.650377e+01 1.950000e+01 -3.521787e+00
1.650621e+01 2.050000e+01 -2.554565e+00
1.650376e+01 2.150000e+01 -1.273755e+00
1.650499e+01 2.250000e+01 -9.620640e-01
1.650368e+01 2.350000e+01 -2.697821e-01
1.650580e+01 2.450000e+01 1.377760e-01
1.750359e+01 5.000000e-01 5.470055e+00
1.750379e+01 1.500000e+00 4.744087e+00
1.750478e+01 2.500000e+00 3.372660e+00
1.750495e+01 3.500000e+00 7.388217e-01
1.750424e+01 4.500000e+00 -1.642999e+00
1.750438e+01 5.500000e+00 -2.839922e+00
1.750453e+01 6.500000e+00 -2.608435e+00
1.750426e+01 7.500000e+00 -2.116764e+00
1.750586e+01 8.500000e+00 -2.211693e+00
1.750364e+01 9.500000e+00 -3.074800e+00
1.750371e+01 1.050000e+01 -5.215368e+00
1.750499e+01 1.150000e+01 -6.440434e+00
1.750620e+01 1.250000e+01 -6.492263e+00
1.750292e+01 1.350000e+01 -5.471292e+00
1.750581e+01 1.450000e+01 -4.828804e+00
1.750552e+01 1.550000e+01 -5.146570e+00
1.750498e+01 1.650000e+01 -5.329535e+00
1.750618e+01 1.750000e+01 -4.901627e+00
1.750644e+01 1.850000e+01 -4.750095e+00
1.750483e+01 1.950000e+01 -3.642158e+00
1.750355e+01 2.050000e+01 -3.304077e+00
1.750491e+01 2.150000e+01 -1.860942e+00
1.750375e+01 2.250000e+01 -1.098591e+00
1.750391e+01 2.350000e+01 -5.732791e-01
1.750435e+01 2.450000e+01 -7.895069e-02
1.850446e+01 5.000000e-01 3.155423e+00
1.850520e+01 1.500000e+00 2.258972e+00
1.850243e+01 2.500000e+00 1.118454e+00
1.850131e+01 3.500000e+00 -2.789006e-02
1.850587e+01 4.500000e+00 -2.361372e+00
1.850381e+01 5.500000e+00 -3.594741e+00
1.850521e+01 6.500000e+00 -3.958719e+00
1.850412e+01 7.500000e+00 -3.141305e+00
1.850598e+01 8.500000e+00 -2.965894e+00
1.850462e+01 9.500000e+00 -3.474717e+00
1.850748e+01 1.050000e+01 -4.281289e+00
1.850396e+01 1.150000e+01 -6.156623e+00
1.850574e+01 1.250000e+01 -6.776057e+00
1.850431e+01 1.350000e+01 -6.593672e+00
1.850431e+01 1.450000e+01 -5.466335e+00
1.850469e+01 1.550000e+01 -5.009677e+00
1.850286e+01 1.650000e+01 -5.108359e+00
1.850230e+01 1.750000e+01 -5.102565e+00
1.850389e+01 1.850000e+01 -4.492905e+00
1.850529e+01 1.950000e+01 -4.347199e+00
1.850690e+01 2.050000e+01 -3.233201e+00
1.850267e+01 2.150000e+01 -2.869613e+00
1.850627e+01 2.250000e+01 -1.317212e+00
1.850380e+01 2.350000e+01 -8.809674e-01
1.850540e+01 2.450000e+01 -2.697797e-01
1.950464e+01 5.000000e-01 1.866255e+00
1.950394e+01 1.500000e+00 1.172493e+00
1.950421e+01 2.500000e+00 2.641734e-01
1.950387e+01 3.500000e+00 -5.273709e-01
1.950251e+01 4.500000e+00 -1.683348e+00
1.950492e+01 5.500000e+00 -3.486722e+00
1.950329e+01 6.500000e+00 -4.181795e+00
1.950264e+01 7.500000e+00 -4.364023e+00
1.950393e+01 8.500000e+00 -3.679560e+00
1.950529e+01 9.500000e+00 -3.422797e+00
1.950423e+01 1.050000e+01 -3.850134e+00
1.950480e+01 1.150000e+01 -4.776779e+00
1.950564e+01 1.250000e+01 -6.203760e+00
1.950335e+01 1.350000e+01 -6.606700e+00
1.950457e+01 1.450000e+01 -6.310959e+00
1.950838e+01 1.550000e+01 -5.070305e+00
1.950270e+01 1.650000e+01 -4.809845e+00
1.950438e+01 1.750000e+01 -4.831981e+00
1.950446e+01 1.850000e+01 -4.775398e+00
1.950610e+01 1.950000e+01 -4.164976e+00
1.950434e+01 2.050000e+01 -3.715994e+00
1.950295e+01 2.150000e+01 -2.960990e+00
1.950452e+01 2.250000e+01 -2.256915e+00
1.950465e+01 2.350000e+01 -9.388964e-01
1.950475e+01 2.450000e+01 -6.937987e-01
2.050465e+01 5.000000e-01 1.129566e+00
2.050431e+01 1.500000e+00 6.900131e-01
2.050212e+01 2.500000e+00 1.280724e-02
2.050482e+01 3.500000e+00 -6.309308e-01
2.050321e+01 4.500000e+00 -1.262261e+00
2.050316e+01 5.500000e+00 -2.650173e+00
2.050488e+01 6.500000e+00 -3.950420e+00
2.050232e+01 7.500000e+00 -4.461301e+00
2.050437e+01 8.500000e+00 -4.156231e+00
2.050397e+01 9.500000e+00 -3.675263e+00
2.050564e+01 1.050000e+01 -3.482038e+00
2.050454e+01 1.150000e+01 -3.907890e+00
2.050444e+01 1.250000e+01 -5.192199e+00
2.050405e+01 1.350000e+01 -6.277832e+00
2.050544e+01 1.450000e+01 -6.501014e+00
2.050197e+01 1.550000e+01 -5.831790e+00
2.050357e+01 1.650000e+01 -4.613589e+00
2.050514e+01 1.750000e+01 -4.517690e+00
2.050392e+01 1.850000e+01 -4.525988e+00
2.050453e+01 1.950000e+01 -4.256705e+00
2.050470e+01 2.050000e+01 -3.974807e+00
2.050377e+01 2.150000e+01 -3.208972e+00
2.050480e+01 2.250000e+01 -2.779369e+00
2.050522e+01 2.350000e+01 -1.660081e+00
2.050385e+01 2.450000e+01 -7.650828e-01
2.150316e+01 5.000000e-01 9.548401e-01
2.150541e+01 1.500000e+00 6.725694e-01
2.150556e+01 2.500000e+00 2.247252e-01
2.150256e+01 3.500000e+00 -3.639426e-01
2.150420e+01 4.500000e+00 -1.029079e+00
2.150240e+01 5.500000e+00 -1.623622e+00
2.150575e+01 6.500000e+00 -3.150972e+00
2.150384e+01 7.500000e+00 -4.034645e+00
2.150342e+01 8.500000e+00 -4.422576e+00
2.150423e+01 9.500000e+00 -3.891888e+00
2.150338e+01 1.050000e+01 -3.492352e+00
2.150493e+01 1.150000e+01 -3.493181e+00
2.150421e+01 1.250000e+01 -3.976815e+00
2.150437e+01 1.350000e+01 -5.378248e+00
2.150364e+01 1.450000e+01 -6.062475e+00
2.150216e+01 1.550000e+01 -6.207937e+00
2.150299e+01 1.650000e+01 -5.166904e+00
2.150189e+01 1.750000e+01 -4.180458e+00
2.150307e+01 1.850000e+01 -4.297844e+00
2.150363e+01 1.950000e+01 -4.260370e+00
2.150457e+01 2.050000e+01 -3.788104e+00
2.150354e+01 2.150000e+01 -3.689380e+00
2.150430e+01 2.250000e+01 -2.749768e+00
2.150352e+01 2.350000e+01 -2.483978e+00
2.150284e+01 2.450000e+01 -1.097865e+00
2.250251e+01 5.000000e-01 9.013877e-01
2.250368e+01 1.500000e+00 7.891497e-01
2.250467e+01 2.500000e+00 4.520246e-01
2.250552e+01 3.500000e+00 3.726317e-02
2.250329e+01 4.500000e+00 -5.633886e-01
2.250245e+01 5.500000e+00 -1.120712e+00
2.250485e+01 6.500000e+00 -1.911144e+00
2.250311e+01 7.500000e+00 -3.360742e+00
2.250427e+01 8.500000e+00 -4.042255e+00
2.250382e+01 9.500000e+00 -4.167627e+00
2.250347e+01 1.050000e+01 -3.568483e+00
2.250298e+01 1.150000e+01 -3.240316e+00
2.250519e+01 1.250000e+01 -3.403347e+00
2.250284e+01 1.350000e+01 -4.073283e+00
2.250397e+01 1.450000e+01 -5.390375e+00
2.250533e+01 1.550000e+01 -5.833765e+00
2.250495e+01 1.650000e+01 -5.779189e+00
2.250198e+01 1.750000e+01 -4.437518e+00
2.250392e+01 1.850000e+01 -3.902170e+00
2.250307e+01 1.950000e+01 -4.060853e+00
2.250231e+01 2.050000e+01 -3.995622e+00
2.250425e+01 2.150000e+01 -3.458001e+00
2.250422e+01 2.250000e+01 -3.288252e+00
2.250504e+01 2.350000e+01 -2.476178e+00
2.250565e+01 2.450000e+01 -2.014209e+00
2.350333e+01 5.000000e-01 9.372044e-01
2.350438e+01 1.500000e+00 9.069578e-01
2.350243e+01 2.500000e+00 6.969886e-01
2.350272e+01 3.500000e+00 3.973599e-01
2.350358e+01 4.500000e+00 -4.848335e-02
2.350402e+01 5.500000e+00 -6.523215e-01
2.350324e+01 6.500000e+00 -1.134470e+00
2.350362e+01 7.500000e+00 -2.188018e+00
2.350392e+01 8.500000e+00 -3.365326e+00
2.350332e+01 9.500000e+00 -3.846404e+00
2.350222e+01 1.050000e+01 -3.741151e+00
2.350330e+01 1.150000e+01 -3.251295e+00
2.350367e+01 1.250000e+01 -2.999470e+00
2.350130e+01 1.350000e+01 -3.299820e+00
2.350518e+01 1.450000e+01 -4.298246e+00
2.350120e+01 1.550000e+01 -5.387178e+00
2.350476e+01 1.650000e+01 -5.559206e+00
2.350406e+01 1.750000e+01 -5.231520e+00
2.350469e+01 1.850000e+01 -3.875404e+00
2.350454e+01 1.950000e+01 -3.686456e+00
2.350471e+01 2.050000e+01 -3.837757e+00
2.350242e+01 2.150000e+01 -3.725549e+00
2.350260e+01 2.250000e+01 -3.266877e+00
2.350341e+01 2.350000e+01 -2.846196e+00
2.350409e+01 2.450000e+01 -2.267401e+00
2.450267e+01 5.000000e-01 9.727418e-01
2.450446e+01 1.500000e+00 9.296215e-01
2.450496e+01 2.500000e+00 8.972689e-01
2.450524e+01 3.500000e+00 6.202955e-01
2.450558e+01 4.500000e+00 2.991058e-01
2.450374e+01 5.500000e+00 -1.779177e-01
2.450199e+01 6.500000e+00 -7.103687e-01
2.450373e+01 7.500000e+00 -1.219048e+00
2.450457e+01 8.500000e+00 -2.466516e+00
2.450143e+01 9.500000e+00 -3.208369e+00
2.450274e+01 1.050000e+01 -3.637851e+00
2.450277e+01 1.150000e+01 -3.375873e+00
2.450397e+01 1.250000e+01 -3.057620e+00
2.450314e+01 1.350000e+01 -2.938903e+00
2.450392e+01 1.450000e+01 -3.271521e+00
2.450392e+01 1.550000e+01 -4.487074e+00
2.450299e+01 1.650000e+01 -5.192412e+00
2.450396e+01 1.750000e+01 -5.309552e+00
2.450398e+01 1.850000e+01 -4.591514e+00
2.450302e+01 1.950000e+01 -3.451609e+00
2.450385e+01 2.050000e+01 -3.610678e+00
2.450289e+01 2.150000e+01 -3.634523e+00
2.450409e+01 2.250000e+01 -3.302008e+00
2.450456e+01 2.350000e+01 -3.080512e+00
2.450192e+01 2.450000e+01 -2.396156e+00
