0.000000e+00 -1.000000e+00
0.000000e+00 -1.000000e+00
0.000000e+00 -1.000000e+00
0.000000e+00 -1.000000e+00
0.000000e+00 -1.000000e+00
0.000000e+00 -1.000000e+00
0.000000e+00 -1.000000e+00
4.336134e-01 2.137656e+02
5.728742e-01 2.374940e+02
6.684857e-01 6.521102e+01
0.000000e+00 -1.000000e+00
8.886790e-01 1.941248e+01
1.160135e+00 2.166776e+01
1.507467e+00 1.158610e+01
1.693878e+00 1.996502e+01
2.120626e+00 6.760449e+00
2.588846e+00 3.308932e+00
3.107284e+00 7.373758e+00
3.781492e+00 2.321048e+00
4.619007e+00 1.950379e+00
5.652698e+00 1.559650e+00
6.822435e+00 8.760195e-01
8.268463e+00 9.885967e-01
1.009461e+01 6.825197e-01
1.229888e+01 1.774895e-01
1.504150e+01 1.508906e-01
1.833670e+01 2.030442e-01
2.213941e+01 1.660522e-01
2.710619e+01 -2.014668e-03
