1.111514e-01 8.268342e+02
1.343322e-01 4.922385e+02
1.630389e-01 2.777750e+02
1.995878e-01 1.832192e+02
2.431916e-01 1.348775e+02
2.969137e-01 9.393629e+01
3.582414e-01 5.824344e+01
4.371328e-01 4.095989e+01
5.326981e-01 3.009265e+01
6.489958e-01 2.177374e+01
7.871000e-01 1.580377e+01
9.604679e-01 1.142217e+01
1.169626e+00 8.218297e+00
1.422739e+00 6.126585e+00
1.731447e+00 4.611416e+00
2.105554e+00 3.501803e+00
2.564307e+00 2.653770e+00
3.119792e+00 1.955088e+00
3.792685e+00 1.489904e+00
4.619685e+00 1.102017e+00
5.621493e+00 7.764269e-01
6.840350e+00 5.436950e-01
8.331382e+00 3.793580e-01
1.013123e+01 2.515348e-01
1.233291e+01 1.535947e-01
1.501171e+01 8.594948e-02
1.826774e+01 4.170170e-02
2.223567e+01 3.108065e-02
2.704416e+01 1.971726e-02
