1.363900e-01 5.000000e-01 4.860256e+01
6.669380e-01 1.500000e+00 1.436903e+02
6.635540e-01 2.500000e+00 8.473988e+01
6.677338e-01 3.500000e+00 5.643543e+01
6.667937e-01 4.500000e+00 4.911461e+01
6.641220e-01 5.500000e+00 4.622596e+01
6.709158e-01 6.500000e+00 3.793644e+01
6.688014e-01 7.500000e+00 3.522801e+01
6.761802e-01 8.500000e+00 2.434215e+01
6.643587e-01 9.500000e+00 1.788541e+01
6.647116e-01 1.050000e+01 1.586232e+01
6.675779e-01 1.150000e+01 2.609205e+01
6.633582e-01 1.250000e+01 2.637481e+01
6.656318e-01 1.350000e+01 1.893976e+01
6.647718e-01 1.450000e+01 1.825816e+01
6.691658e-01 1.550000e+01 1.526619e+01
6.634286e-01 1.650000e+01 1.546258e+01
6.642283e-01 1.750000e+01 1.695140e+01
6.694744e-01 1.850000e+01 1.422948e+01
6.647292e-01 1.950000e+01 9.675738e+00
6.725256e-01 2.050000e+01 6.298066e+00
6.656485e-01 2.150000e+01 3.178605e+00
6.619155e-01 2.250000e+01 1.670068e+00
6.685892e-01 2.350000e+01 1.187178e+00
6.642668e-01 2.450000e+01 1.020443e+00
1.556558e+00 5.000000e-01 1.231555e+02
1.554989e+00 1.500000e+00 9.118827e+01
1.552254e+00 2.500000e+00 6.158366e+01
1.554794e+00 3.500000e+00 4.426994e+01
1.559693e+00 4.500000e+00 3.861698e+01
1.556693e+00 5.500000e+00 3.628987e+01
1.555643e+00 6.500000e+00 3.358048e+01
1.557012e+00 7.500000e+00 2.670390e+01
1.554436e+00 8.500000e+00 2.299181e+01
1.553939e+00 9.500000e+00 1.756157e+01
1.556231e+00 1.050000e+01 1.769631e+01
1.556820e+00 1.150000e+01 2.051616e+01
1.555352e+00 1.250000e+01 2.168844e+01
1.557736e+00 1.350000e+01 1.952175e+01
1.555609e+00 1.450000e+01 1.584499e+01
1.557761e+00 1.550000e+01 1.639628e+01
1.551323e+00 1.650000e+01 1.625455e+01
1.556966e+00 1.750000e+01 1.649673e+01
1.556048e+00 1.850000e+01 1.389964e+01
1.557983e+00 1.950000e+01 8.873298e+00
1.557485e+00 2.050000e+01 4.703920e+00
1.555050e+00 2.150000e+01 2.582103e+00
1.558190e+00 2.250000e+01 1.450339e+00
1.555055e+00 2.350000e+01 1.100327e+00
1.553658e+00 2.450000e+01 1.023275e+00
2.533506e+00 5.000000e-01 9.407647e+01
2.530323e+00 1.500000e+00 7.379907e+01
2.533314e+00 2.500000e+00 5.783072e+01
2.532066e+00 3.500000e+00 4.722584e+01
2.532357e+00 4.500000e+00 3.889488e+01
2.534029e+00 5.500000e+00 3.428822e+01
2.532477e+00 6.500000e+00 3.017972e+01
2.535871e+00 7.500000e+00 2.482436e+01
2.532010e+00 8.500000e+00 2.136365e+01
2.531922e+00 9.500000e+00 1.879006e+01
2.534792e+00 1.050000e+01 1.974496e+01
2.533116e+00 1.150000e+01 1.896230e+01
2.531375e+00 1.250000e+01 1.896989e+01
2.532228e+00 1.350000e+01 2.096326e+01
2.533912e+00 1.450000e+01 2.003043e+01
2.533318e+00 1.550000e+01 1.912302e+01
2.532071e+00 1.650000e+01 1.884087e+01
2.533452e+00 1.750000e+01 1.641543e+01
2.535273e+00 1.850000e+01 1.214252e+01
2.531512e+00 1.950000e+01 7.806004e+00
2.532348e+00 2.050000e+01 4.035488e+00
2.530545e+00 2.150000e+01 2.041820e+00
2.534814e+00 2.250000e+01 1.420331e+00
2.535472e+00 2.350000e+01 1.140614e+00
2.533674e+00 2.450000e+01 1.037484e+00
3.522913e+00 5.000000e-01 7.760270e+01
3.522028e+00 1.500000e+00 6.677272e+01
3.522749e+00 2.500000e+00 5.177795e+01
3.523391e+00 3.500000e+00 4.368005e+01
3.524075e+00 4.500000e+00 3.801579e+01
3.525461e+00 5.500000e+00 3.117291e+01
3.526580e+00 6.500000e+00 2.556039e+01
3.521333e+00 7.500000e+00 2.247808e+01
3.522822e+00 8.500000e+00 1.931962e+01
3.525385e+00 9.500000e+00 2.114640e+01
3.524601e+00 1.050000e+01 2.079326e+01
3.524935e+00 1.150000e+01 1.862547e+01
3.522942e+00 1.250000e+01 1.802049e+01
3.523511e+00 1.350000e+01 1.886307e+01
3.525956e+00 1.450000e+01 1.997390e+01
3.523273e+00 1.550000e+01 1.920791e+01
3.522285e+00 1.650000e+01 1.742661e+01
3.523270e+00 1.750000e+01 1.338695e+01
3.523458e+00 1.850000e+01 9.517488e+00
3.526360e+00 1.950000e+01 5.791268e+00
3.523073e+00 2.050000e+01 3.180286e+00
3.523745e+00 2.150000e+01 1.739249e+00
3.522525e+00 2.250000e+01 1.283749e+00
3.524754e+00 2.350000e+01 1.142573e+00
3.525979e+00 2.450000e+01 1.038894e+00
4.516803e+00 5.000000e-01 6.559531e+01
4.518927e+00 1.500000e+00 6.036975e+01
4.520790e+00 2.500000e+00 4.902085e+01
4.518121e+00 3.500000e+00 4.006648e+01
4.516604e+00 4.500000e+00 3.458684e+01
4.518895e+00 5.500000e+00 2.840964e+01
4.516144e+00 6.500000e+00 2.313136e+01
4.516169e+00 7.500000e+00 1.812946e+01
4.519290e+00 8.500000e+00 1.813703e+01
4.519118e+00 9.500000e+00 2.042987e+01
4.517591e+00 1.050000e+01 2.167971e+01
4.517633e+00 1.150000e+01 2.166339e+01
4.519971e+00 1.250000e+01 1.949396e+01
4.520104e+00 1.350000e+01 1.856339e+01
4.517514e+00 1.450000e+01 2.039052e+01
4.517194e+00 1.550000e+01 1.937102e+01
4.521314e+00 1.650000e+01 1.593013e+01
4.518754e+00 1.750000e+01 1.178405e+01
4.519042e+00 1.850000e+01 7.271490e+00
4.519228e+00 1.950000e+01 4.143907e+00
4.519911e+00 2.050000e+01 2.227856e+00
4.521235e+00 2.150000e+01 1.365763e+00
4.519392e+00 2.250000e+01 1.068745e+00
4.519870e+00 2.350000e+01 1.082504e+00
4.518035e+00 2.450000e+01 1.021632e+00
5.515412e+00 5.000000e-01 5.782059e+01
5.514481e+00 1.500000e+00 5.485139e+01
5.513759e+00 2.500000e+00 4.953320e+01
5.515699e+00 3.500000e+00 4.039340e+01
5.515558e+00 4.500000e+00 3.171784e+01
5.513838e+00 5.500000e+00 2.608693e+01
5.516890e+00 6.500000e+00 1.943652e+01
5.515575e+00 7.500000e+00 1.637396e+01
5.516383e+00 8.500000e+00 1.725214e+01
5.513847e+00 9.500000e+00 1.700810e+01
5.516679e+00 1.050000e+01 1.909055e+01
5.515728e+00 1.150000e+01 2.221422e+01
5.512839e+00 1.250000e+01 2.233293e+01
5.515116e+00 1.350000e+01 2.073146e+01
5.513229e+00 1.450000e+01 1.969018e+01
5.516154e+00 1.550000e+01 1.822630e+01
5.515593e+00 1.650000e+01 1.464012e+01
5.514343e+00 1.750000e+01 1.033628e+01
5.514989e+00 1.850000e+01 6.384609e+00
5.514460e+00 1.950000e+01 3.179395e+00
5.514749e+00 2.050000e+01 1.619924e+00
5.517036e+00 2.150000e+01 1.188810e+00
5.513383e+00 2.250000e+01 1.044438e+00
5.514116e+00 2.350000e+01 9.610791e-01
5.518371e+00 2.450000e+01 1.021536e+00
6.512396e+00 5.000000e-01 4.610559e+01
6.513258e+00 1.500000e+00 4.587093e+01
6.512640e+00 2.500000e+00 4.313783e+01
6.514475e+00 3.500000e+00 3.859813e+01
6.511177e+00 4.500000e+00 2.883515e+01
6.513581e+00 5.500000e+00 2.262460e+01
6.510072e+00 6.500000e+00 2.032495e+01
6.512639e+00 7.500000e+00 1.941621e+01
6.512763e+00 8.500000e+00 1.739487e+01
6.512647e+00 9.500000e+00 1.846897e+01
6.512420e+00 1.050000e+01 2.013522e+01
6.512327e+00 1.150000e+01 2.082366e+01
6.513907e+00 1.250000e+01 2.198457e+01
6.514230e+00 1.350000e+01 2.098450e+01
6.512275e+00 1.450000e+01 1.775308e+01
6.512999e+00 1.550000e+01 1.555736e+01
6.511831e+00 1.650000e+01 1.299779e+01
6.512713e+00 1.750000e+01 9.336698e+00
6.514002e+00 1.850000e+01 5.505467e+00
6.512145e+00 1.950000e+01 2.197685e+00
6.511877e+00 2.050000e+01 8.860628e-01
6.512688e+00 2.150000e+01 7.136864e-01
6.514152e+00 2.250000e+01 8.279554e-01
6.511849e+00 2.350000e+01 9.016936e-01
6.510829e+00 2.450000e+01 9.503228e-01
7.510272e+00 5.000000e-01 4.122958e+01
7.511800e+00 1.500000e+00 3.989555e+01
7.509844e+00 2.500000e+00 3.713013e+01
7.511144e+00 3.500000e+00 3.280516e+01
7.510545e+00 4.500000e+00 2.747601e+01
7.511884e+00 5.500000e+00 2.088480e+01
7.509462e+00 6.500000e+00 1.935451e+01
7.512570e+00 7.500000e+00 1.850291e+01
7.511504e+00 8.500000e+00 1.696860e+01
7.511926e+00 9.500000e+00 1.739720e+01
7.511082e+00 1.050000e+01 1.799918e+01
7.511425e+00 1.150000e+01 1.936123e+01
7.512657e+00 1.250000e+01 2.010965e+01
7.510745e+00 1.350000e+01 1.909923e+01
7.511400e+00 1.450000e+01 1.662266e+01
7.510182e+00 1.550000e+01 1.278426e+01
7.512547e+00 1.650000e+01 1.052537e+01
7.511634e+00 1.750000e+01 7.583304e+00
7.512740e+00 1.850000e+01 4.370621e+00
7.512896e+00 1.950000e+01 2.033598e+00
7.511696e+00 2.050000e+01 3.944235e-01
7.512553e+00 2.150000e+01 3.005693e-01
7.511611e+00 2.250000e+01 6.469903e-01
7.511857e+00 2.350000e+01 8.015895e-01
7.511515e+00 2.450000e+01 9.008639e-01
8.509582e+00 5.000000e-01 4.056419e+01
8.511199e+00 1.500000e+00 3.940003e+01
8.510088e+00 2.500000e+00 3.451521e+01
8.510652e+00 3.500000e+00 2.793411e+01
8.509521e+00 4.500000e+00 2.277965e+01
8.509580e+00 5.500000e+00 2.044836e+01
8.510793e+00 6.500000e+00 1.759960e+01
8.511507e+00 7.500000e+00 1.666653e+01
8.510136e+00 8.500000e+00 1.730623e+01
8.511786e+00 9.500000e+00 1.695342e+01
8.509287e+00 1.050000e+01 1.713116e+01
8.508927e+00 1.150000e+01 1.814499e+01
8.510008e+00 1.250000e+01 1.822999e+01
8.511562e+00 1.350000e+01 1.789168e+01
8.508959e+00 1.450000e+01 1.530356e+01
8.510101e+00 1.550000e+01 1.134990e+01
8.509806e+00 1.650000e+01 7.610605e+00
8.510340e+00 1.750000e+01 6.211565e+00
8.509895e+00 1.850000e+01 3.516030e+00
8.509677e+00 1.950000e+01 1.359845e+00
8.511237e+00 2.050000e+01 3.769592e-01
8.510345e+00 2.150000e+01 -1.859006e-01
8.511131e+00 2.250000e+01 2.498002e-01
8.508545e+00 2.350000e+01 7.042747e-01
8.507972e+00 2.450000e+01 8.499268e-01
9.509839e+00 5.000000e-01 3.717800e+01
9.510463e+00 1.500000e+00 3.522302e+01
9.508069e+00 2.500000e+00 3.105491e+01
9.507704e+00 3.500000e+00 2.505497e+01
9.507974e+00 4.500000e+00 2.087290e+01
9.509836e+00 5.500000e+00 1.932440e+01
9.507557e+00 6.500000e+00 1.604975e+01
9.508921e+00 7.500000e+00 1.475028e+01
9.508353e+00 8.500000e+00 1.568669e+01
9.508641e+00 9.500000e+00 1.624539e+01
9.507176e+00 1.050000e+01 1.670735e+01
9.507627e+00 1.150000e+01 1.683763e+01
9.508562e+00 1.250000e+01 1.644285e+01
9.508561e+00 1.350000e+01 1.524283e+01
9.510482e+00 1.450000e+01 1.270953e+01
9.506482e+00 1.550000e+01 9.622032e+00
9.507926e+00 1.650000e+01 6.312276e+00
9.508232e+00 1.750000e+01 4.217600e+00
9.508786e+00 1.850000e+01 3.058842e+00
9.506540e+00 1.950000e+01 1.132096e+00
9.507962e+00 2.050000e+01 2.236346e-02
9.507963e+00 2.150000e+01 -3.123219e-01
9.509394e+00 2.250000e+01 -1.548082e-01
9.509874e+00 2.350000e+01 4.110464e-01
9.506996e+00 2.450000e+01 7.682070e-01
1.050917e+01 5.000000e-01 3.303398e+01
1.050664e+01 1.500000e+00 3.057651e+01
1.050806e+01 2.500000e+00 2.802786e+01
1.050700e+01 3.500000e+00 2.443563e+01
1.050843e+01 4.500000e+00 2.065027e+01
1.050767e+01 5.500000e+00 1.620599e+01
1.050759e+01 6.500000e+00 1.271079e+01
1.050852e+01 7.500000e+00 1.117083e+01
1.050828e+01 8.500000e+00 1.186067e+01
1.050724e+01 9.500000e+00 1.399569e+01
1.050807e+01 1.050000e+01 1.462257e+01
1.050974e+01 1.150000e+01 1.440413e+01
1.050775e+01 1.250000e+01 1.405687e+01
1.050860e+01 1.350000e+01 1.288946e+01
1.050766e+01 1.450000e+01 1.057033e+01
1.050808e+01 1.550000e+01 8.123278e+00
1.050838e+01 1.650000e+01 6.004189e+00
1.050698e+01 1.750000e+01 3.327985e+00
1.050678e+01 1.850000e+01 1.901631e+00
1.050908e+01 1.950000e+01 8.731112e-01
1.050729e+01 2.050000e+01 -1.984889e-01
1.050850e+01 2.150000e+01 -3.151995e-01
1.050821e+01 2.250000e+01 -3.793681e-01
1.050747e+01 2.350000e+01 9.369045e-02
1.050800e+01 2.450000e+01 5.750086e-01
1.150637e+01 5.000000e-01 2.858716e+01
1.150701e+01 1.500000e+00 2.807818e+01
1.150768e+01 2.500000e+00 2.566125e+01
1.150611e+01 3.500000e+00 2.361295e+01
1.150720e+01 4.500000e+00 1.984340e+01
1.150694e+01 5.500000e+00 1.410369e+01
1.150702e+01 6.500000e+00 1.085913e+01
1.150766e+01 7.500000e+00 8.718164e+00
1.150798e+01 8.500000e+00 8.641698e+00
1.150845e+01 9.500000e+00 1.030120e+01
1.150842e+01 1.050000e+01 1.224896e+01
1.150685e+01 1.150000e+01 1.276290e+01
1.150626e+01 1.250000e+01 1.208835e+01
1.150755e+01 1.350000e+01 1.045475e+01
1.150728e+01 1.450000e+01 8.246709e+00
1.150737e+01 1.550000e+01 6.405319e+00
1.150722e+01 1.650000e+01 5.065080e+00
1.150687e+01 1.750000e+01 3.324462e+00
1.150713e+01 1.850000e+01 9.213807e-01
1.150690e+01 1.950000e+01 2.699369e-01
1.150719e+01 2.050000e+01 -2.997830e-01
1.150683e+01 2.150000e+01 -5.301864e-01
1.150541e+01 2.250000e+01 -3.160706e-01
1.150708e+01 2.350000e+01 -2.235295e-01
1.150714e+01 2.450000e+01 2.906484e-01
1.250694e+01 5.000000e-01 2.561984e+01
1.250724e+01 1.500000e+00 2.530386e+01
1.250719e+01 2.500000e+00 2.362110e+01
1.250553e+01 3.500000e+00 2.092426e+01
1.250531e+01 4.500000e+00 1.650741e+01
1.250721e+01 5.500000e+00 1.310651e+01
1.250785e+01 6.500000e+00 9.641766e+00
1.250685e+01 7.500000e+00 8.062389e+00
1.250563e+01 8.500000e+00 7.201529e+00
1.250739e+01 9.500000e+00 7.290708e+00
1.250631e+01 1.050000e+01 8.793809e+00
1.250654e+01 1.150000e+01 1.031143e+01
1.250597e+01 1.250000e+01 9.664351e+00
1.250696e+01 1.350000e+01 8.282521e+00
1.250652e+01 1.450000e+01 6.365076e+00
1.250791e+01 1.550000e+01 5.109728e+00
1.250595e+01 1.650000e+01 4.271443e+00
1.250824e+01 1.750000e+01 2.950342e+00
1.250717e+01 1.850000e+01 8.213680e-01
1.250698e+01 1.950000e+01 -7.386462e-01
1.250518e+01 2.050000e+01 -4.857893e-01
1.250720e+01 2.150000e+01 -6.461419e-01
1.250655e+01 2.250000e+01 -5.070152e-01
1.250618e+01 2.350000e+01 -2.500775e-01
1.250689e+01 2.450000e+01 -2.284870e-02
1.350624e+01 5.000000e-01 2.291526e+01
1.350631e+01 1.500000e+00 2.197168e+01
1.350654e+01 2.500000e+00 2.105446e+01
1.350759e+01 3.500000e+00 1.804892e+01
1.350492e+01 4.500000e+00 1.512889e+01
1.350593e+01 5.500000e+00 1.261088e+01
1.350509e+01 6.500000e+00 1.069372e+01
1.350499e+01 7.500000e+00 8.780466e+00
1.350700e+01 8.500000e+00 7.428240e+00
1.350592e+01 9.500000e+00 6.334893e+00
1.350691e+01 1.050000e+01 6.016532e+00
1.350623e+01 1.150000e+01 7.214667e+00
1.350709e+01 1.250000e+01 7.813175e+00
1.350595e+01 1.350000e+01 6.686751e+00
1.350720e+01 1.450000e+01 5.321443e+00
1.350607e+01 1.550000e+01 3.577814e+00
1.350575e+01 1.650000e+01 2.769559e+00
1.350592e+01 1.750000e+01 1.789869e+00
1.350659e+01 1.850000e+01 4.518958e-01
1.350584e+01 1.950000e+01 -1.048116e+00
1.350674e+01 2.050000e+01 -1.358895e+00
1.350721e+01 2.150000e+01 -7.691663e-01
1.350542e+01 2.250000e+01 -6.397292e-01
1.350658e+01 2.350000e+01 -3.043451e-01
1.350684e+01 2.450000e+01 -1.396528e-01
1.450543e+01 5.000000e-01 1.990701e+01
1.450614e+01 1.500000e+00 1.905862e+01
1.450574e+01 2.500000e+00 1.761873e+01
1.450640e+01 3.500000e+00 1.587613e+01
1.450492e+01 4.500000e+00 1.392201e+01
1.450453e+01 5.500000e+00 1.144077e+01
1.450579e+01 6.500000e+00 9.714566e+00
1.450678e+01 7.500000e+00 8.082610e+00
1.450550e+01 8.500000e+00 6.369089e+00
1.450509e+01 9.500000e+00 5.019114e+00
1.450516e+01 1.050000e+01 4.207541e+00
1.450635e+01 1.150000e+01 4.015762e+00
1.450639e+01 1.250000e+01 4.454043e+00
1.450527e+01 1.350000e+01 4.656036e+00
1.450580e+01 1.450000e+01 3.651894e+00
1.450593e+01 1.550000e+01 2.651418e+00
1.450552e+01 1.650000e+01 1.140964e+00
1.450535e+01 1.750000e+01 3.187054e-01
1.450615e+01 1.850000e+01 -5.857235e-01
1.450700e+01 1.950000e+01 -1.315561e+00
1.450532e+01 2.050000e+01 -1.914130e+00
1.450553e+01 2.150000e+01 -1.283477e+00
1.450599e+01 2.250000e+01 -7.494162e-01
1.450590e+01 2.350000e+01 -5.197454e-01
1.450582e+01 2.450000e+01 -1.278548e-01
1.550500e+01 5.000000e-01 1.779305e+01
1.550493e+01 1.500000e+00 1.682443e+01
1.550543e+01 2.500000e+00 1.467708e+01
1.550594e+01 3.500000e+00 1.384105e+01
1.550432e+01 4.500000e+00 1.214918e+01
1.550516e+01 5.500000e+00 1.017930e+01
1.550596e+01 6.500000e+00 8.612915e+00
1.550510e+01 7.500000e+00 6.867617e+00
1.550540e+01 8.500000e+00 4.874448e+00
1.550527e+01 9.500000e+00 3.450328e+00
1.550359e+01 1.050000e+01 2.381694e+00
1.550596e+01 1.150000e+01 2.164083e+00
1.550604e+01 1.250000e+01 1.911948e+00
1.550536e+01 1.350000e+01 2.149727e+00
1.550653e+01 1.450000e+01 2.225846e+00
1.550557e+01 1.550000e+01 1.472890e+00
1.550574e+01 1.650000e+01 4.137346e-01
1.550576e+01 1.750000e+01 -9.155014e-01
1.550495e+01 1.850000e+01 -1.499683e+00
1.550718e+01 1.950000e+01 -1.901105e+00
1.550472e+01 2.050000e+01 -2.082322e+00
1.550627e+01 2.150000e+01 -1.977470e+00
1.550488e+01 2.250000e+01 -9.396130e-01
1.550440e+01 2.350000e+01 -6.300953e-01
1.550458e+01 2.450000e+01 -3.740221e-01
1.650417e+01 5.000000e-01 1.589542e+01
1.650560e+01 1.500000e+00 1.418116e+01
1.650613e+01 2.500000e+00 1.272079e+01
1.650522e+01 3.500000e+00 1.068485e+01
1.650321e+01 4.500000e+00 9.730996e+00
1.650465e+01 5.500000e+00 8.797092e+00
1.650456e+01 6.500000e+00 6.819234e+00
1.650329e+01 7.500000e+00 5.062492e+00
1.650518e+01 8.500000e+00 3.595265e+00
1.650376e+01 9.500000e+00 2.244126e+00
1.650449e+01 1.050000e+01 1.448300e+00
1.650408e+01 1.150000e+01 5.952514e-01
1.650614e+01 1.250000e+01 8.770426e-01
1.650583e+01 1.350000e+01 6.021017e-01
1.650618e+01 1.450000e+01 7.316255e-01
1.650457e+01 1.550000e+01 5.754371e-01
1.650364e+01 1.650000e+01 -1.407245e-01
1.650497e+01 1.750000e+01 -1.193529e+00
1.650484e+01 1.850000e+01 -2.234581e+00
1.650411e+01 1.950000e+01 -2.462630e+00
1.650522e+01 2.050000e+01 -2.282314e+00
1.650417e+01 2.150000e+01 -2.196973e+00
1.650463e+01 2.250000e+01 -1.616230e+00
1.650497e+01 2.350000e+01 -7.486425e-01
1.650405e+01 2.450000e+01 -4.795915e-01
1.750395e+01 5.000000e-01 1.378387e+01
1.750473e+01 1.500000e+00 1.182789e+01
1.750460e+01 2.500000e+00 1.033623e+01
1.750528e+01 3.500000e+00 8.649876e+00
1.750433e+01 4.500000e+00 7.207060e+00
1.750429e+01 5.500000e+00 6.187218e+00
1.750435e+01 6.500000e+00 4.932224e+00
1.750384e+01 7.500000e+00 3.499684e+00
1.750504e+01 8.500000e+00 2.458268e+00
1.750430e+01 9.500000e+00 1.327798e+00
1.750485e+01 1.050000e+01 6.190909e-01
1.750350e+01 1.150000e+01 2.174567e-01
1.750415e+01 1.250000e+01 -4.100665e-01
1.750494e+01 1.350000e+01 -1.442278e-01
1.750447e+01 1.450000e+01 -2.584504e-01
1.750418e+01 1.550000e+01 -2.999860e-01
1.750519e+01 1.650000e+01 -8.370427e-01
1.750585e+01 1.750000e+01 -1.626410e+00
1.750567e+01 1.850000e+01 -2.514449e+00
1.750435e+01 1.950000e+01 -2.912540e+00
1.750497e+01 2.050000e+01 -2.769809e+00
1.750502e+01 2.150000e+01 -2.206664e+00
1.750368e+01 2.250000e+01 -2.005548e+00
1.750431e+01 2.350000e+01 -1.177442e+00
1.750439e+01 2.450000e+01 -5.675817e-01
1.850554e+01 5.000000e-01 1.059553e+01
1.850458e+01 1.500000e+00 1.005889e+01
1.850365e+01 2.500000e+00 7.653272e+00
1.850499e+01 3.500000e+00 6.285071e+00
1.850486e+01 4.500000e+00 4.709856e+00
1.850568e+01 5.500000e+00 3.523234e+00
1.850349e+01 6.500000e+00 2.686413e+00
1.850482e+01 7.500000e+00 2.060213e+00
1.850401e+01 8.500000e+00 1.093351e+00
1.850346e+01 9.500000e+00 5.260519e-01
1.850502e+01 1.050000e+01 -2.697901e-01
1.850385e+01 1.150000e+01 -7.093991e-01
1.850334e+01 1.250000e+01 -1.294254e+00
1.850494e+01 1.350000e+01 -1.748678e+00
1.850525e+01 1.450000e+01 -1.236998e+00
1.850574e+01 1.550000e+01 -1.411985e+00
1.850356e+01 1.650000e+01 -1.697190e+00
1.850465e+01 1.750000e+01 -2.264507e+00
1.850483e+01 1.850000e+01 -2.847468e+00
1.850565e+01 1.950000e+01 -3.228253e+00
1.850540e+01 2.050000e+01 -3.069872e+00
1.850416e+01 2.150000e+01 -2.649055e+00
1.850507e+01 2.250000e+01 -1.934853e+00
1.850463e+01 2.350000e+01 -1.676755e+00
1.850532e+01 2.450000e+01 -7.797878e-01
1.950488e+01 5.000000e-01 7.849188e+00
1.950506e+01 1.500000e+00 7.584365e+00
1.950427e+01 2.500000e+00 6.215216e+00
1.950429e+01 3.500000e+00 4.074103e+00
1.950478e+01 4.500000e+00 2.694531e+00
1.950436e+01 5.500000e+00 1.090475e+00
1.950410e+01 6.500000e+00 6.262100e-01
1.950360e+01 7.500000e+00 5.188157e-01
1.950374e+01 8.500000e+00 2.042361e-01
1.950334e+01 9.500000e+00 -3.214206e-01
1.950514e+01 1.050000e+01 -8.322499e-01
1.950495e+01 1.150000e+01 -1.741805e+00
1.950489e+01 1.250000e+01 -2.290814e+00
1.950385e+01 1.350000e+01 -2.962786e+00
1.950434e+01 1.450000e+01 -2.765951e+00
1.950501e+01 1.550000e+01 -2.266381e+00
1.950395e+01 1.650000e+01 -2.441996e+00
1.950425e+01 1.750000e+01 -2.906081e+00
1.950415e+01 1.850000e+01 -3.186344e+00
1.950368e+01 1.950000e+01 -3.402753e+00
1.950372e+01 2.050000e+01 -3.322798e+00
1.950480e+01 2.150000e+01 -2.794795e+00
1.950518e+01 2.250000e+01 -2.242202e+00
1.950571e+01 2.350000e+01 -1.727635e+00
1.950391e+01 2.450000e+01 -1.327863e+00
2.050351e+01 5.000000e-01 4.093900e+00
2.050313e+01 1.500000e+00 4.211778e+00
2.050346e+01 2.500000e+00 3.844272e+00
2.050443e+01 3.500000e+00 2.147331e+00
2.050371e+01 4.500000e+00 4.447510e-01
2.050363e+01 5.500000e+00 -5.135953e-01
2.050282e+01 6.500000e+00 -1.228517e+00
2.050458e+01 7.500000e+00 -1.157341e+00
2.050436e+01 8.500000e+00 -9.875841e-01
2.050383e+01 9.500000e+00 -1.037027e+00
2.050381e+01 1.050000e+01 -1.466018e+00
2.050462e+01 1.150000e+01 -2.182739e+00
2.050492e+01 1.250000e+01 -3.057821e+00
2.050376e+01 1.350000e+01 -3.418072e+00
2.050385e+01 1.450000e+01 -4.012814e+00
2.050452e+01 1.550000e+01 -3.479312e+00
2.050324e+01 1.650000e+01 -3.084144e+00
2.050449e+01 1.750000e+01 -3.226140e+00
2.050365e+01 1.850000e+01 -3.507543e+00
2.050405e+01 1.950000e+01 -3.392244e+00
2.050377e+01 2.050000e+01 -3.373926e+00
2.050472e+01 2.150000e+01 -3.086641e+00
2.050471e+01 2.250000e+01 -2.526290e+00
2.050433e+01 2.350000e+01 -1.903928e+00
2.050405e+01 2.450000e+01 -1.545885e+00
2.150311e+01 5.000000e-01 2.803036e+00
2.150286e+01 1.500000e+00 2.469725e+00
2.150321e+01 2.500000e+00 2.118648e+00
2.150309e+01 3.500000e+00 1.305952e+00
2.150426e+01 4.500000e+00 -4.657906e-01
2.150424e+01 5.500000e+00 -1.355072e+00
2.150322e+01 6.500000e+00 -1.969096e+00
2.150427e+01 7.500000e+00 -2.070597e+00
2.150360e+01 8.500000e+00 -1.780173e+00
2.150284e+01 9.500000e+00 -1.505061e+00
2.150444e+01 1.050000e+01 -1.772229e+00
2.150287e+01 1.150000e+01 -2.306415e+00
2.150277e+01 1.250000e+01 -3.123898e+00
2.150335e+01 1.350000e+01 -3.653254e+00
2.150463e+01 1.450000e+01 -3.924968e+00
2.150348e+01 1.550000e+01 -4.322465e+00
2.150353e+01 1.650000e+01 -3.661575e+00
2.150330e+01 1.750000e+01 -3.450145e+00
2.150389e+01 1.850000e+01 -3.461500e+00
2.150321e+01 1.950000e+01 -3.537414e+00
2.150413e+01 2.050000e+01 -3.304946e+00
2.150452e+01 2.150000e+01 -3.092188e+00
2.150420e+01 2.250000e+01 -2.726233e+00
2.150352e+01 2.350000e+01 -2.238233e+00
2.150332e+01 2.450000e+01 -1.638888e+00
2.250295e+01 5.000000e-01 1.933592e+00
2.250416e+01 1.500000e+00 1.679518e+00
2.250416e+01 2.500000e+00 1.059188e+00
2.250437e+01 3.500000e+00 6.356010e-01
2.250421e+01 4.500000e+00 -1.114757e-01
2.250265e+01 5.500000e+00 -1.539720e+00
2.250379e+01 6.500000e+00 -2.125411e+00
2.250360e+01 7.500000e+00 -2.530397e+00
2.250368e+01 8.500000e+00 -2.306174e+00
2.250309e+01 9.500000e+00 -2.030713e+00
2.250443e+01 1.050000e+01 -1.955707e+00
2.250419e+01 1.150000e+01 -2.312108e+00
2.250391e+01 1.250000e+01 -2.741664e+00
2.250415e+01 1.350000e+01 -3.448757e+00
2.250357e+01 1.450000e+01 -3.788564e+00
2.250360e+01 1.550000e+01 -4.088654e+00
2.250364e+01 1.650000e+01 -4.216978e+00
2.250313e+01 1.750000e+01 -3.533562e+00
2.250444e+01 1.850000e+01 -3.394086e+00
2.250424e+01 1.950000e+01 -3.400102e+00
2.250342e+01 2.050000e+01 -3.289225e+00
2.250379e+01 2.150000e+01 -3.080703e+00
2.250370e+01 2.250000e+01 -2.812977e+00
2.250377e+01 2.350000e+01 -2.392477e+00
2.250390e+01 2.450000e+01 -1.990033e+00
2.350307e+01 5.000000e-01 1.422940e+00
2.350230e+01 1.500000e+00 1.090696e+00
2.350418e+01 2.500000e+00 6.265584e-01
2.350351e+01 3.500000e+00 1.862796e-01
2.350329e+01 4.500000e+00 -2.971788e-02
2.350420e+01 5.500000e+00 -1.038228e+00
2.350338e+01 6.500000e+00 -2.082260e+00
2.350382e+01 7.500000e+00 -2.459385e+00
2.350529e+01 8.500000e+00 -2.721410e+00
2.350355e+01 9.500000e+00 -2.448031e+00
2.350284e+01 1.050000e+01 -2.172087e+00
2.350255e+01 1.150000e+01 -2.075477e+00
2.350393e+01 1.250000e+01 -2.544927e+00
2.350340e+01 1.350000e+01 -2.934545e+00
2.350382e+01 1.450000e+01 -3.528792e+00
2.350367e+01 1.550000e+01 -3.799482e+00
2.350424e+01 1.650000e+01 -4.269416e+00
2.350364e+01 1.750000e+01 -4.002692e+00
2.350428e+01 1.850000e+01 -3.338166e+00
2.350322e+01 1.950000e+01 -3.192795e+00
2.350363e+01 2.050000e+01 -3.283994e+00
2.350328e+01 2.150000e+01 -3.000108e+00
2.350481e+01 2.250000e+01 -2.870786e+00
2.350331e+01 2.350000e+01 -2.558381e+00
2.350475e+01 2.450000e+01 -2.161622e+00
2.450400e+01 5.000000e-01 1.147943e+00
2.450398e+01 1.500000e+00 7.989522e-01
2.450273e+01 2.500000e+00 4.337955e-01
2.450254e+01 3.500000e+00 4.231343e-02
2.450275e+01 4.500000e+00 -1.708814e-01
2.450330e+01 5.500000e+00 -4.235368e-01
2.450396e+01 6.500000e+00 -1.523070e+00
2.450274e+01 7.500000e+00 -2.297821e+00
2.450344e+01 8.500000e+00 -2.606199e+00
2.450374e+01 9.500000e+00 -2.654080e+00
2.450318e+01 1.050000e+01 -2.374833e+00
2.450326e+01 1.150000e+01 -2.196909e+00
2.450260e+01 1.250000e+01 -2.166261e+00
2.450368e+01 1.350000e+01 -2.581384e+00
2.450284e+01 1.450000e+01 -3.099993e+00
2.450298e+01 1.550000e+01 -3.565503e+00
2.450332e+01 1.650000e+01 -3.767304e+00
2.450301e+01 1.750000e+01 -4.205033e+00
2.450338e+01 1.850000e+01 -3.677321e+00
2.450324e+01 1.950000e+01 -3.163583e+00
2.450274e+01 2.050000e+01 -2.957286e+00
2.450374e+01 2.150000e+01 -3.080841e+00
2.450328e+01 2.250000e+01 -2.751861e+00
2.450428e+01 2.350000e+01 -2.646232e+00
2.450347e+01 2.450000e+01 -2.328197e+00
