4.388806e-03 5.000000e-01 4.266129e+00
8.585785e-01 1.500000e+00 1.000000e+01
0.000000e+00 2.500000e+00 nan
0.000000e+00 3.500000e+00 nan
0.000000e+00 4.500000e+00 nan
0.000000e+00 5.500000e+00 nan
0.000000e+00 6.500000e+00 nan
0.000000e+00 7.500000e+00 nan
0.000000e+00 8.500000e+00 nan
0.000000e+00 9.500000e+00 nan
0.000000e+00 1.050000e+01 nan
0.000000e+00 1.150000e+01 nan
0.000000e+00 1.250000e+01 nan
0.000000e+00 1.350000e+01 nan
7.671475e-01 1.450000e+01 1.000000e+00
9.790426e-01 1.550000e+01 1.000000e+00
0.000000e+00 1.650000e+01 nan
9.897040e-01 1.750000e+01 1.000000e+00
0.000000e+00 1.850000e+01 nan
0.000000e+00 1.950000e+01 nan
0.000000e+00 2.050000e+01 nan
8.729462e-01 2.150000e+01 1.000000e+00
0.000000e+00 2.250000e+01 nan
0.000000e+00 2.350000e+01 nan
0.000000e+00 2.450000e+01 nan
1.912879e+00 5.000000e-01 2.800000e+01
1.490000e+00 1.500000e+00 7.000000e+00
0.000000e+00 2.500000e+00 nan
1.048128e+00 3.500000e+00 1.000000e+00
0.000000e+00 4.500000e+00 nan
0.000000e+00 5.500000e+00 nan
1.557049e+00 6.500000e+00 1.000000e+00
1.840862e+00 7.500000e+00 1.000000e+00
0.000000e+00 8.500000e+00 nan
1.457814e+00 9.500000e+00 1.000000e+00
1.813513e+00 1.050000e+01 1.000000e+00
0.000000e+00 1.150000e+01 nan
0.000000e+00 1.250000e+01 nan
0.000000e+00 1.350000e+01 nan
0.000000e+00 1.450000e+01 nan
0.000000e+00 1.550000e+01 nan
0.000000e+00 1.650000e+01 nan
0.000000e+00 1.750000e+01 nan
1.346515e+00 1.850000e+01 1.000000e+00
1.426093e+00 1.950000e+01 1.000000e+00
0.000000e+00 2.050000e+01 nan
1.421662e+00 2.150000e+01 1.000000e+01
1.967631e+00 2.250000e+01 1.000000e+00
1.799114e+00 2.350000e+01 1.000000e+00
0.000000e+00 2.450000e+01 nan
0.000000e+00 5.000000e-01 nan
2.035743e+00 1.500000e+00 7.000000e+00
0.000000e+00 2.500000e+00 nan
2.208540e+00 3.500000e+00 2.500000e+01
2.998781e+00 4.500000e+00 -2.000000e+00
2.755786e+00 5.500000e+00 -2.000000e+00
2.606531e+00 6.500000e+00 1.000000e+00
0.000000e+00 7.500000e+00 nan
2.536427e+00 8.500000e+00 1.000000e+00
2.395773e+00 9.500000e+00 1.000000e+00
0.000000e+00 1.050000e+01 nan
2.707536e+00 1.150000e+01 -5.000000e-01
0.000000e+00 1.250000e+01 nan
2.391623e+00 1.350000e+01 -2.000000e+00
2.491299e+00 1.450000e+01 -5.000000e-01
0.000000e+00 1.550000e+01 nan
2.588685e+00 1.650000e+01 -5.000000e+00
2.471196e+00 1.750000e+01 1.000000e+00
2.169862e+00 1.850000e+01 -2.000000e+00
2.711822e+00 1.950000e+01 1.000000e+01
2.565170e+00 2.050000e+01 1.000000e+00
2.551000e+00 2.150000e+01 1.000000e+00
2.491734e+00 2.250000e+01 1.000000e+01
2.667298e+00 2.350000e+01 1.000000e+00
0.000000e+00 2.450000e+01 nan
3.146268e+00 5.000000e-01 4.000000e+00
3.241773e+00 1.500000e+00 1.900000e+01
0.000000e+00 2.500000e+00 nan
3.281938e+00 3.500000e+00 2.800000e+01
3.533925e+00 4.500000e+00 -1.000000e+00
3.411966e+00 5.500000e+00 1.900000e+01
3.525064e+00 6.500000e+00 1.000000e+01
3.771957e+00 7.500000e+00 1.000000e+01
3.715919e+00 8.500000e+00 1.000000e+01
0.000000e+00 9.500000e+00 nan
3.130000e+00 1.050000e+01 -3.500000e+00
3.258944e+00 1.150000e+01 -1.100000e+01
3.491967e+00 1.250000e+01 1.000000e+00
3.587389e+00 1.350000e+01 1.000000e+00
0.000000e+00 1.450000e+01 nan
3.634704e+00 1.550000e+01 1.000000e+00
3.457552e+00 1.650000e+01 1.000000e+00
3.770494e+00 1.750000e+01 1.000000e+00
0.000000e+00 1.850000e+01 nan
3.603631e+00 1.950000e+01 1.000000e+00
3.088991e+00 2.050000e+01 1.000000e+00
3.656930e+00 2.150000e+01 1.000000e+00
3.391164e+00 2.250000e+01 1.000000e+01
3.606501e+00 2.350000e+01 1.000000e+00
3.433806e+00 2.450000e+01 1.000000e+00
0.000000e+00 5.000000e-01 nan
4.184811e+00 1.500000e+00 1.000000e+00
0.000000e+00 2.500000e+00 nan
4.642746e+00 3.500000e+00 2.000000e+00
4.501309e+00 4.500000e+00 1.000000e+00
4.726058e+00 5.500000e+00 -2.000000e+00
4.418826e+00 6.500000e+00 1.000000e+00
4.649835e+00 7.500000e+00 1.000000e+00
4.241287e+00 8.500000e+00 1.000000e+00
4.613603e+00 9.500000e+00 -1.400000e+01
4.007489e+00 1.050000e+01 -2.000000e+00
4.121560e+00 1.150000e+01 -2.000000e+00
4.503374e+00 1.250000e+01 1.000000e+00
4.627556e+00 1.350000e+01 0.000000e+00
4.739471e+00 1.450000e+01 1.000000e+00
4.620568e+00 1.550000e+01 7.000000e+00
4.639183e+00 1.650000e+01 -2.000000e+00
4.466912e+00 1.750000e+01 -2.000000e+00
4.659367e+00 1.850000e+01 1.000000e+00
4.293303e+00 1.950000e+01 -5.000000e-01
4.920487e+00 2.050000e+01 1.000000e+01
4.688070e+00 2.150000e+01 5.500000e+00
4.894692e+00 2.250000e+01 1.000000e+00
0.000000e+00 2.350000e+01 nan
0.000000e+00 2.450000e+01 nan
5.641142e+00 5.000000e-01 1.000000e+00
5.350428e+00 1.500000e+00 1.000000e+00
5.082961e+00 2.500000e+00 1.000000e+00
5.251217e+00 3.500000e+00 1.000000e+00
0.000000e+00 4.500000e+00 nan
5.449412e+00 5.500000e+00 2.500000e-01
5.599682e+00 6.500000e+00 2.500000e-01
5.813482e+00 7.500000e+00 1.000000e+00
5.159142e+00 8.500000e+00 2.500000e+00
0.000000e+00 9.500000e+00 nan
5.588507e+00 1.050000e+01 5.000000e+00
5.290314e+00 1.150000e+01 1.000000e+00
5.484683e+00 1.250000e+01 0.000000e+00
5.742663e+00 1.350000e+01 1.000000e+00
5.629400e+00 1.450000e+01 1.000000e+00
0.000000e+00 1.550000e+01 nan
5.531060e+00 1.650000e+01 0.000000e+00
5.199946e+00 1.750000e+01 1.000000e+01
5.050700e+00 1.850000e+01 -3.500000e+00
5.457028e+00 1.950000e+01 -2.000000e+00
5.324875e+00 2.050000e+01 -2.000000e+01
0.000000e+00 2.150000e+01 nan
0.000000e+00 2.250000e+01 nan
5.061473e+00 2.350000e+01 4.000000e+00
5.689620e+00 2.450000e+01 1.000000e+00
6.562298e+00 5.000000e-01 4.000000e+00
0.000000e+00 1.500000e+00 nan
6.264700e+00 2.500000e+00 -3.000000e+00
6.672923e+00 3.500000e+00 -8.000000e+00
6.728047e+00 4.500000e+00 1.900000e+01
6.316994e+00 5.500000e+00 7.750000e+00
6.446023e+00 6.500000e+00 -1.250000e+00
6.568740e+00 7.500000e+00 -1.400000e+00
6.348657e+00 8.500000e+00 -2.000000e+00
6.652790e+00 9.500000e+00 -5.000000e+00
6.275980e+00 1.050000e+01 -2.000000e+00
6.412868e+00 1.150000e+01 1.000000e+00
6.124419e+00 1.250000e+01 -8.000000e+00
6.540909e+00 1.350000e+01 1.000000e+00
6.377636e+00 1.450000e+01 1.000000e+00
6.148437e+00 1.550000e+01 -2.000000e+00
6.341977e+00 1.650000e+01 7.000000e+00
6.465222e+00 1.750000e+01 -2.750000e+00
0.000000e+00 1.850000e+01 nan
6.551252e+00 1.950000e+01 2.000000e+00
6.600943e+00 2.050000e+01 -8.000000e-01
6.006806e+00 2.150000e+01 -5.000000e+00
6.509161e+00 2.250000e+01 -1.000000e+00
0.000000e+00 2.350000e+01 nan
6.509303e+00 2.450000e+01 -5.000000e-01
7.808870e+00 5.000000e-01 8.000000e+00
7.559839e+00 1.500000e+00 2.500000e+00
7.425059e+00 2.500000e+00 -8.000000e-01
7.636379e+00 3.500000e+00 0.000000e+00
7.623559e+00 4.500000e+00 4.600000e+00
7.665767e+00 5.500000e+00 1.000000e+00
7.730485e+00 6.500000e+00 1.000000e+00
7.327344e+00 7.500000e+00 -1.700000e+01
7.077793e+00 8.500000e+00 -1.100000e+01
7.195523e+00 9.500000e+00 4.000000e+00
7.473795e+00 1.050000e+01 1.000000e+00
7.357587e+00 1.150000e+01 4.000000e-01
7.695671e+00 1.250000e+01 5.500000e+00
7.633436e+00 1.350000e+01 5.500000e+00
7.760300e+00 1.450000e+01 4.000000e+00
7.074274e+00 1.550000e+01 -5.000000e-01
7.471229e+00 1.650000e+01 1.000000e+00
7.488474e+00 1.750000e+01 4.000000e+00
7.326889e+00 1.850000e+01 1.000000e+00
7.826571e+00 1.950000e+01 -2.000000e-01
7.252337e+00 2.050000e+01 0.000000e+00
7.396071e+00 2.150000e+01 -5.000000e-01
7.651532e+00 2.250000e+01 -2.857143e-01
7.565621e+00 2.350000e+01 -2.000000e+00
7.429880e+00 2.450000e+01 2.500000e+00
8.585743e+00 5.000000e-01 2.500000e-01
8.538022e+00 1.500000e+00 3.142857e+00
8.401570e+00 2.500000e+00 1.000000e+00
8.515181e+00 3.500000e+00 5.200000e+00
8.275214e+00 4.500000e+00 1.000000e+01
8.233661e+00 5.500000e+00 1.000000e+00
8.237049e+00 6.500000e+00 1.000000e+00
8.573918e+00 7.500000e+00 1.000000e+00
8.397403e+00 8.500000e+00 0.000000e+00
8.586686e+00 9.500000e+00 2.500000e-01
8.161612e+00 1.050000e+01 2.500000e+00
8.436415e+00 1.150000e+01 5.500000e+00
8.550941e+00 1.250000e+01 4.000000e+00
8.941154e+00 1.350000e+01 -2.000000e+00
8.437430e+00 1.450000e+01 -8.000000e-01
8.443166e+00 1.550000e+01 -2.000000e+00
8.380840e+00 1.650000e+01 4.000000e+00
8.300403e+00 1.750000e+01 1.000000e+00
8.191154e+00 1.850000e+01 5.500000e+00
8.291136e+00 1.950000e+01 0.000000e+00
8.097672e+00 2.050000e+01 -2.000000e+00
8.509161e+00 2.150000e+01 4.000000e+00
8.411377e+00 2.250000e+01 -2.000000e+00
8.634955e+00 2.350000e+01 -1.000000e+00
8.507370e+00 2.450000e+01 -8.000000e+00
9.336947e+00 5.000000e-01 -4.000000e+00
9.518393e+00 1.500000e+00 1.450000e+01
9.599273e+00 2.500000e+00 2.800000e+00
9.396410e+00 3.500000e+00 1.000000e+00
9.391535e+00 4.500000e+00 2.500000e-01
9.445330e+00 5.500000e+00 5.500000e+00
9.424994e+00 6.500000e+00 1.000000e+00
9.672969e+00 7.500000e+00 -8.000000e-01
9.555168e+00 8.500000e+00 4.428571e+00
9.450030e+00 9.500000e+00 0.000000e+00
9.520868e+00 1.050000e+01 1.600000e+00
9.495392e+00 1.150000e+01 1.000000e+00
9.821610e+00 1.250000e+01 -3.000000e+00
9.494863e+00 1.350000e+01 0.000000e+00
9.535879e+00 1.450000e+01 7.000000e-01
9.379981e+00 1.550000e+01 1.000000e+00
9.334839e+00 1.650000e+01 1.000000e+00
9.729413e+00 1.750000e+01 1.000000e+00
9.097817e+00 1.850000e+01 1.000000e+00
9.648659e+00 1.950000e+01 -2.000000e+00
9.587809e+00 2.050000e+01 -5.000000e-01
9.249427e+00 2.150000e+01 2.500000e+00
9.561512e+00 2.250000e+01 1.750000e+00
9.313405e+00 2.350000e+01 1.000000e+00
9.465030e+00 2.450000e+01 -2.000000e+00
1.054220e+01 5.000000e-01 8.200000e+00
1.040073e+01 1.500000e+00 -2.000000e-01
1.057775e+01 2.500000e+00 7.000000e+00
1.037385e+01 3.500000e+00 3.250000e+00
1.065496e+01 4.500000e+00 0.000000e+00
1.039289e+01 5.500000e+00 -5.000000e-01
1.054446e+01 6.500000e+00 2.500000e-01
1.029832e+01 7.500000e+00 1.000000e+00
1.050627e+01 8.500000e+00 1.000000e+00
1.060849e+01 9.500000e+00 1.000000e+00
1.064102e+01 1.050000e+01 1.000000e+00
1.026357e+01 1.150000e+01 -5.000000e+00
1.062181e+01 1.250000e+01 2.500000e-01
1.069417e+01 1.350000e+01 -1.250000e+00
1.027461e+01 1.450000e+01 1.000000e+00
1.061722e+01 1.550000e+01 1.000000e+00
1.047591e+01 1.650000e+01 1.000000e+00
1.038061e+01 1.750000e+01 1.000000e+00
1.035978e+01 1.850000e+01 4.000000e+00
1.063120e+01 1.950000e+01 4.000000e-01
1.022217e+01 2.050000e+01 -1.000000e+00
1.038030e+01 2.150000e+01 -3.200000e+00
1.046213e+01 2.250000e+01 5.000000e-01
1.061619e+01 2.350000e+01 -3.000000e+00
1.032627e+01 2.450000e+01 1.375000e+00
1.154320e+01 5.000000e-01 2.285714e+00
1.157529e+01 1.500000e+00 4.000000e+00
1.150314e+01 2.500000e+00 1.750000e+00
1.135354e+01 3.500000e+00 2.800000e+00
1.141150e+01 4.500000e+00 1.000000e+00
1.151975e+01 5.500000e+00 2.500000e-01
1.161315e+01 6.500000e+00 1.500000e+00
1.133940e+01 7.500000e+00 2.500000e+00
1.142046e+01 8.500000e+00 -5.000000e-01
1.148613e+01 9.500000e+00 1.428571e-01
1.156450e+01 1.050000e+01 0.000000e+00
1.138646e+01 1.150000e+01 -6.000000e+00
1.142029e+01 1.250000e+01 -1.400000e+00
1.151016e+01 1.350000e+01 -5.000000e-01
1.155722e+01 1.450000e+01 1.000000e+00
1.143988e+01 1.550000e+01 2.500000e+00
1.158482e+01 1.650000e+01 1.000000e+00
1.131183e+01 1.750000e+01 2.800000e+00
1.156360e+01 1.850000e+01 1.750000e+00
1.138183e+01 1.950000e+01 -1.100000e+01
1.152791e+01 2.050000e+01 -9.500000e+00
1.119256e+01 2.150000e+01 -3.000000e+00
1.178249e+01 2.250000e+01 -4.500000e+00
1.152459e+01 2.350000e+01 -2.000000e+00
1.162220e+01 2.450000e+01 -1.100000e+01
1.254149e+01 5.000000e-01 1.450000e+01
1.262423e+01 1.500000e+00 1.000000e+00
1.241253e+01 2.500000e+00 3.000000e+00
1.247751e+01 3.500000e+00 5.000000e-01
1.249914e+01 4.500000e+00 2.200000e+00
1.259609e+01 5.500000e+00 -5.000000e-01
1.237420e+01 6.500000e+00 2.000000e+00
1.245822e+01 7.500000e+00 1.000000e+00
1.279854e+01 8.500000e+00 0.000000e+00
1.264039e+01 9.500000e+00 1.000000e+00
1.237194e+01 1.050000e+01 4.000000e+00
1.243961e+01 1.150000e+01 2.500000e-01
1.270770e+01 1.250000e+01 -8.000000e-01
1.256312e+01 1.350000e+01 -3.333333e-01
1.248763e+01 1.450000e+01 1.428571e-01
1.272326e+01 1.550000e+01 1.000000e+00
1.249011e+01 1.650000e+01 2.200000e+00
1.246554e+01 1.750000e+01 1.250000e+00
1.235625e+01 1.850000e+01 3.400000e+00
1.266266e+01 1.950000e+01 -1.250000e+00
1.242235e+01 2.050000e+01 -8.000000e-01
1.248677e+01 2.150000e+01 -2.000000e-01
1.275389e+01 2.250000e+01 -1.100000e+01
1.262084e+01 2.350000e+01 5.000000e-01
1.242811e+01 2.450000e+01 -2.000000e+00
1.345617e+01 5.000000e-01 1.000000e+00
1.346051e+01 1.500000e+00 4.000000e+00
1.342656e+01 2.500000e+00 5.500000e+00
1.362393e+01 3.500000e+00 4.600000e+00
1.359963e+01 4.500000e+00 1.000000e+00
1.335177e+01 5.500000e+00 1.000000e+00
1.323229e+01 6.500000e+00 2.500000e-01
1.359739e+01 7.500000e+00 -1.000000e+00
1.344462e+01 8.500000e+00 1.000000e+00
1.364919e+01 9.500000e+00 1.000000e+00
1.365135e+01 1.050000e+01 1.000000e+00
1.352924e+01 1.150000e+01 -5.000000e-01
1.364825e+01 1.250000e+01 3.250000e+00
1.332894e+01 1.350000e+01 -2.000000e+00
1.328275e+01 1.450000e+01 2.800000e+00
1.369840e+01 1.550000e+01 -1.400000e+00
1.342069e+01 1.650000e+01 6.666667e-01
1.351741e+01 1.750000e+01 1.000000e+00
1.342650e+01 1.850000e+01 -5.000000e-01
1.320110e+01 1.950000e+01 3.000000e+00
1.358112e+01 2.050000e+01 1.000000e+00
0.000000e+00 2.150000e+01 nan
1.367099e+01 2.250000e+01 3.250000e+00
1.348488e+01 2.350000e+01 1.500000e+00
1.332751e+01 2.450000e+01 4.000000e-01
1.427924e+01 5.000000e-01 1.000000e+00
1.430091e+01 1.500000e+00 1.750000e+00
1.462030e+01 2.500000e+00 -1.000000e+00
1.443813e+01 3.500000e+00 -2.428571e+00
1.454001e+01 4.500000e+00 -3.500000e+00
1.445563e+01 5.500000e+00 1.000000e+00
1.443960e+01 6.500000e+00 -1.250000e-01
1.432736e+01 7.500000e+00 2.285714e+00
1.442459e+01 8.500000e+00 2.200000e+00
1.465894e+01 9.500000e+00 -2.000000e+00
1.449588e+01 1.050000e+01 8.000000e+00
1.440074e+01 1.150000e+01 1.000000e+00
1.433273e+01 1.250000e+01 1.000000e+00
1.458883e+01 1.350000e+01 2.000000e+00
1.452339e+01 1.450000e+01 -1.000000e+00
1.465906e+01 1.550000e+01 1.000000e+00
1.453895e+01 1.650000e+01 -5.750000e+00
1.459046e+01 1.750000e+01 -2.600000e+00
1.465284e+01 1.850000e+01 1.000000e+00
1.456163e+01 1.950000e+01 -2.000000e+00
1.455573e+01 2.050000e+01 -1.400000e+00
1.479826e+01 2.150000e+01 -8.000000e+00
1.450698e+01 2.250000e+01 5.000000e-01
1.456125e+01 2.350000e+01 -1.250000e-01
1.454108e+01 2.450000e+01 0.000000e+00
1.559535e+01 5.000000e-01 2.200000e+00
1.556735e+01 1.500000e+00 -5.000000e-01
1.540964e+01 2.500000e+00 2.800000e+00
1.536626e+01 3.500000e+00 5.000000e-01
1.556203e+01 4.500000e+00 3.400000e+00
1.519807e+01 5.500000e+00 -1.250000e+00
1.542612e+01 6.500000e+00 1.600000e+00
1.553318e+01 7.500000e+00 1.428571e+00
1.556861e+01 8.500000e+00 1.428571e+00
1.554093e+01 9.500000e+00 7.500000e-01
1.561064e+01 1.050000e+01 1.000000e+00
1.552870e+01 1.150000e+01 1.000000e+00
1.548615e+01 1.250000e+01 7.000000e+00
1.554612e+01 1.350000e+01 0.000000e+00
1.554421e+01 1.450000e+01 4.428571e+00
1.557348e+01 1.550000e+01 -2.000000e+00
1.558009e+01 1.650000e+01 1.600000e+00
1.538657e+01 1.750000e+01 -1.250000e-01
1.563672e+01 1.850000e+01 -2.600000e+00
1.574049e+01 1.950000e+01 -2.750000e+00
1.565156e+01 2.050000e+01 -2.000000e+00
1.552728e+01 2.150000e+01 2.000000e+00
1.549389e+01 2.250000e+01 -2.750000e+00
1.561363e+01 2.350000e+01 2.500000e+00
1.557592e+01 2.450000e+01 -5.000000e-01
1.673133e+01 5.000000e-01 5.500000e+00
1.661102e+01 1.500000e+00 4.000000e+00
1.636577e+01 2.500000e+00 -2.000000e-01
1.651954e+01 3.500000e+00 1.000000e+00
1.642886e+01 4.500000e+00 1.642857e+00
1.692471e+01 5.500000e+00 -1.700000e+01
1.642552e+01 6.500000e+00 -5.000000e-01
1.637831e+01 7.500000e+00 -2.000000e+00
1.626319e+01 8.500000e+00 -4.000000e+00
1.652200e+01 9.500000e+00 -7.142857e-01
1.665746e+01 1.050000e+01 1.428571e-01
1.635540e+01 1.150000e+01 -3.000000e+00
1.642006e+01 1.250000e+01 2.500000e+00
1.642109e+01 1.350000e+01 5.000000e-01
1.631958e+01 1.450000e+01 4.000000e+00
1.657103e+01 1.550000e+01 2.000000e+00
1.629917e+01 1.650000e+01 -5.000000e+00
1.665902e+01 1.750000e+01 -3.500000e+00
1.638218e+01 1.850000e+01 -2.750000e+00
1.653799e+01 1.950000e+01 -4.571429e+00
1.658513e+01 2.050000e+01 4.000000e+00
1.653969e+01 2.150000e+01 6.000000e+00
1.653673e+01 2.250000e+01 -1.000000e+00
1.662413e+01 2.350000e+01 -6.363636e-01
1.663571e+01 2.450000e+01 -8.750000e-01
1.763927e+01 5.000000e-01 -8.000000e-01
1.774121e+01 1.500000e+00 -1.400000e+00
1.769329e+01 2.500000e+00 1.000000e+00
1.747843e+01 3.500000e+00 -1.250000e-01
1.740648e+01 4.500000e+00 -8.750000e-01
1.745557e+01 5.500000e+00 4.000000e+00
1.743249e+01 6.500000e+00 -6.666667e-01
1.746979e+01 7.500000e+00 2.200000e+00
1.710766e+01 8.500000e+00 -1.250000e+00
1.751915e+01 9.500000e+00 -8.000000e-01
1.737725e+01 1.050000e+01 -1.400000e+00
1.749624e+01 1.150000e+01 3.333333e-01
1.769169e+01 1.250000e+01 1.000000e+00
1.749492e+01 1.350000e+01 2.125000e+00
1.746562e+01 1.450000e+01 3.076923e-01
1.768574e+01 1.550000e+01 0.000000e+00
1.751767e+01 1.650000e+01 -1.571429e+00
1.777995e+01 1.750000e+01 -1.250000e+01
1.757137e+01 1.850000e+01 -4.000000e+00
1.766910e+01 1.950000e+01 4.000000e-01
1.751534e+01 2.050000e+01 -5.000000e-01
1.745855e+01 2.150000e+01 -5.000000e-01
1.735581e+01 2.250000e+01 5.714286e-01
1.742551e+01 2.350000e+01 -1.000000e+00
1.742641e+01 2.450000e+01 0.000000e+00
1.848855e+01 5.000000e-01 -2.857143e+00
1.811115e+01 1.500000e+00 1.750000e+00
1.847539e+01 2.500000e+00 3.769231e+00
1.870998e+01 3.500000e+00 0.000000e+00
1.858866e+01 4.500000e+00 -5.000000e+00
1.861312e+01 5.500000e+00 6.666667e-01
1.853098e+01 6.500000e+00 2.000000e+00
1.841024e+01 7.500000e+00 1.000000e+00
1.847422e+01 8.500000e+00 3.333333e-01
1.836919e+01 9.500000e+00 3.250000e+00
1.829914e+01 1.050000e+01 -1.500000e+00
1.847882e+01 1.150000e+01 1.818182e-01
1.857445e+01 1.250000e+01 -7.142857e-01
1.862362e+01 1.350000e+01 3.333333e-01
1.841601e+01 1.450000e+01 8.000000e+00
1.846236e+01 1.550000e+01 2.800000e+00
1.856024e+01 1.650000e+01 -2.857143e+00
1.846411e+01 1.750000e+01 -3.333333e+00
1.840831e+01 1.850000e+01 1.000000e+00
1.829160e+01 1.950000e+01 3.000000e+00
1.852428e+01 2.050000e+01 1.375000e+00
1.835580e+01 2.150000e+01 1.000000e+00
1.863598e+01 2.250000e+01 1.000000e+00
1.838401e+01 2.350000e+01 7.272727e-01
1.870527e+01 2.450000e+01 1.000000e+00
1.957319e+01 5.000000e-01 -3.333333e-01
1.935347e+01 1.500000e+00 -3.000000e+00
1.969860e+01 2.500000e+00 -1.571429e+00
1.951771e+01 3.500000e+00 0.000000e+00
1.954731e+01 4.500000e+00 1.000000e+00
1.939931e+01 5.500000e+00 -1.000000e+00
1.931987e+01 6.500000e+00 9.250000e+00
1.950067e+01 7.500000e+00 0.000000e+00
1.953837e+01 8.500000e+00 1.428571e-01
1.941749e+01 9.500000e+00 -1.500000e+00
1.945496e+01 1.050000e+01 0.000000e+00
1.940643e+01 1.150000e+01 5.714286e-01
1.961762e+01 1.250000e+01 5.000000e+00
1.956320e+01 1.350000e+01 -2.857143e-01
1.949658e+01 1.450000e+01 -1.700000e+01
1.953573e+01 1.550000e+01 -1.333333e+00
1.957766e+01 1.650000e+01 6.250000e-01
1.943844e+01 1.750000e+01 -4.000000e+00
1.955437e+01 1.850000e+01 2.000000e+00
1.953498e+01 1.950000e+01 -1.100000e+00
1.960625e+01 2.050000e+01 0.000000e+00
1.947622e+01 2.150000e+01 -1.400000e+00
1.977614e+01 2.250000e+01 -1.100000e+01
1.983884e+01 2.350000e+01 2.200000e+00
1.964560e+01 2.450000e+01 -1.625000e+00
2.044173e+01 5.000000e-01 3.142857e+00
2.056550e+01 1.500000e+00 3.500000e+00
2.076995e+01 2.500000e+00 1.000000e+00
2.062809e+01 3.500000e+00 6.666667e-01
2.058340e+01 4.500000e+00 3.333333e-01
2.045842e+01 5.500000e+00 1.214286e+00
2.039978e+01 6.500000e+00 -2.000000e+00
2.050122e+01 7.500000e+00 4.428571e+00
2.047722e+01 8.500000e+00 4.000000e-01
2.053513e+01 9.500000e+00 1.818182e+00
2.055599e+01 1.050000e+01 2.500000e-01
2.042114e+01 1.150000e+01 3.250000e+00
2.041856e+01 1.250000e+01 -1.142857e+00
2.060859e+01 1.350000e+01 -6.666667e-01
2.039034e+01 1.450000e+01 -5.000000e+00
2.056348e+01 1.550000e+01 4.000000e+00
2.059211e+01 1.650000e+01 -5.600000e+00
2.059891e+01 1.750000e+01 1.818182e-01
2.052995e+01 1.850000e+01 -2.000000e+00
2.043573e+01 1.950000e+01 0.000000e+00
2.048303e+01 2.050000e+01 -2.000000e+00
2.022580e+01 2.150000e+01 -2.750000e+00
2.030313e+01 2.250000e+01 2.500000e+00
2.059306e+01 2.350000e+01 3.333333e-01
2.057144e+01 2.450000e+01 1.000000e+00
2.160068e+01 5.000000e-01 -2.500000e+00
2.133297e+01 1.500000e+00 -2.750000e+00
2.164208e+01 2.500000e+00 4.000000e+00
2.153311e+01 3.500000e+00 2.285714e+00
2.147955e+01 4.500000e+00 -1.500000e+00
2.122923e+01 5.500000e+00 1.428571e-01
2.143175e+01 6.500000e+00 2.058824e+00
2.156022e+01 7.500000e+00 3.333333e-01
2.145887e+01 8.500000e+00 2.333333e+00
2.138968e+01 9.500000e+00 -2.857143e-01
2.170333e+01 1.050000e+01 1.000000e+00
2.138921e+01 1.150000e+01 1.000000e+00
2.151365e+01 1.250000e+01 -3.714286e+00
2.137936e+01 1.350000e+01 -2.300000e+00
2.145226e+01 1.450000e+01 -9.090909e-02
2.155889e+01 1.550000e+01 2.500000e-01
2.145861e+01 1.650000e+01 -6.666667e-01
2.135088e+01 1.750000e+01 4.000000e+00
2.153791e+01 1.850000e+01 -1.454545e+00
2.165489e+01 1.950000e+01 -1.250000e+00
2.151430e+01 2.050000e+01 1.000000e+00
2.141643e+01 2.150000e+01 1.000000e+00
2.149690e+01 2.250000e+01 -8.750000e-01
2.141819e+01 2.350000e+01 1.750000e+00
2.145610e+01 2.450000e+01 3.000000e+00
2.242369e+01 5.000000e-01 -1.000000e+00
2.247826e+01 1.500000e+00 1.000000e+00
2.256117e+01 2.500000e+00 -6.363636e-01
2.252770e+01 3.500000e+00 -6.666667e-01
2.254748e+01 4.500000e+00 2.363636e+00
2.254924e+01 5.500000e+00 5.000000e+00
2.226348e+01 6.500000e+00 -5.000000e-01
2.244753e+01 7.500000e+00 -1.000000e+00
2.239730e+01 8.500000e+00 1.000000e+00
2.260697e+01 9.500000e+00 -1.000000e+00
2.258329e+01 1.050000e+01 1.900000e+00
2.251538e+01 1.150000e+01 -2.000000e+00
2.244159e+01 1.250000e+01 -6.200000e+00
2.257807e+01 1.350000e+01 -1.333333e+00
2.250641e+01 1.450000e+01 -2.000000e+00
2.244425e+01 1.550000e+01 -3.125000e+00
2.234104e+01 1.650000e+01 1.000000e+00
2.251653e+01 1.750000e+01 1.200000e+00
2.253676e+01 1.850000e+01 6.250000e-01
2.247638e+01 1.950000e+01 1.300000e+00
2.243364e+01 2.050000e+01 -2.818182e+00
2.264786e+01 2.150000e+01 -1.571429e+00
2.250245e+01 2.250000e+01 1.000000e+00
2.241688e+01 2.350000e+01 4.000000e-01
2.243366e+01 2.450000e+01 1.857143e+00
2.343760e+01 5.000000e-01 1.500000e+00
2.351238e+01 1.500000e+00 5.285714e+00
2.351042e+01 2.500000e+00 -4.400000e+00
2.348803e+01 3.500000e+00 4.545455e-01
2.342257e+01 4.500000e+00 0.000000e+00
2.352446e+01 5.500000e+00 1.214286e+00
2.357175e+01 6.500000e+00 5.000000e+00
2.366800e+01 7.500000e+00 6.250000e-01
2.343651e+01 8.500000e+00 -5.000000e-01
2.356325e+01 9.500000e+00 -1.400000e+00
2.357073e+01 1.050000e+01 -6.666667e-01
2.348163e+01 1.150000e+01 1.000000e+00
2.355520e+01 1.250000e+01 6.250000e-01
2.351890e+01 1.350000e+01 1.692308e+00
2.355661e+01 1.450000e+01 -1.538462e-01
2.344044e+01 1.550000e+01 3.571429e+00
2.353102e+01 1.650000e+01 -1.400000e+00
2.354292e+01 1.750000e+01 -1.666667e+00
2.364159e+01 1.850000e+01 -1.000000e+00
2.362978e+01 1.950000e+01 1.428571e-01
2.363449e+01 2.050000e+01 5.714286e-01
2.353918e+01 2.150000e+01 -2.500000e-01
2.370812e+01 2.250000e+01 5.714286e-01
2.338941e+01 2.350000e+01 -1.250000e+00
2.363172e+01 2.450000e+01 -5.000000e+00
2.449756e+01 5.000000e-01 2.500000e-01
2.450613e+01 1.500000e+00 1.428571e-01
2.440233e+01 2.500000e+00 5.714286e-01
2.444755e+01 3.500000e+00 5.000000e+00
2.442847e+01 4.500000e+00 7.000000e-01
2.466974e+01 5.500000e+00 1.333333e+00
2.450349e+01 6.500000e+00 -1.500000e+00
2.450037e+01 7.500000e+00 3.333333e-01
2.454301e+01 8.500000e+00 2.500000e+00
2.441711e+01 9.500000e+00 1.000000e+00
2.466631e+01 1.050000e+01 -1.333333e+00
2.459957e+01 1.150000e+01 1.750000e+00
2.455189e+01 1.250000e+01 2.500000e-01
2.452704e+01 1.350000e+01 2.500000e-01
2.452871e+01 1.450000e+01 -2.857143e-01
2.444540e+01 1.550000e+01 1.600000e+00
2.423880e+01 1.650000e+01 4.600000e+00
2.448135e+01 1.750000e+01 -2.000000e-01
2.463218e+01 1.850000e+01 -2.000000e-01
2.451011e+01 1.950000e+01 -1.000000e+00
2.461391e+01 2.050000e+01 7.500000e-01
2.446621e+01 2.150000e+01 2.500000e-01
2.452179e+01 2.250000e+01 -2.300000e+00
2.446210e+01 2.350000e+01 -2.000000e+00
2.463837e+01 2.450000e+01 4.545455e-01
