1.075732e+00 8.097061e+00
1.238665e+00 6.691773e+00
1.426277e+00 5.360831e+00
1.642305e+00 4.313817e+00
1.891054e+00 3.580136e+00
2.177479e+00 2.921000e+00
2.507286e+00 2.340144e+00
2.887047e+00 1.978376e+00
3.324328e+00 1.575659e+00
3.827841e+00 1.253478e+00
4.407617e+00 1.016808e+00
5.075209e+00 8.012622e-01
5.843915e+00 6.347595e-01
6.729052e+00 4.835599e-01
7.748255e+00 3.786965e-01
8.921829e+00 2.878530e-01
1.027316e+01 2.083471e-01
1.182916e+01 1.518964e-01
1.362084e+01 1.052021e-01
1.568389e+01 6.925959e-02
1.805942e+01 4.591671e-02
2.079476e+01 3.647250e-02
2.394440e+01 3.001210e-02
2.757109e+01 1.675279e-02
