1.111063e-01 1.870139e+01
1.351328e-01 1.432613e+01
1.643610e-01 1.070273e+01
1.999687e-01 7.850684e+00
2.432697e-01 5.660295e+00
2.960848e-01 4.055466e+00
3.604119e-01 2.917003e+00
4.387304e-01 2.148017e+00
5.340469e-01 1.601692e+00
6.501057e-01 1.221590e+00
7.912739e-01 9.496170e-01
9.629336e-01 7.490013e-01
1.171892e+00 5.901222e-01
1.426115e+00 4.679765e-01
1.735341e+00 3.718243e-01
2.111636e+00 2.919995e-01
2.569532e+00 2.290928e-01
3.125597e+00 1.786010e-01
3.809108e+00 1.377759e-01
4.614570e+00 1.045166e-01
5.657700e+00 7.695508e-02
6.922931e+00 5.526543e-02
8.219032e+00 3.837907e-02
9.809980e+00 2.549541e-02
1.242447e+01 1.591814e-02
1.377995e+01 9.289861e-03
1.745924e+01 5.319715e-03
1.855479e+01 3.886223e-03
2.167508e+01 2.213478e-03
