1.081195e+00 5.000000e-01 2.326121e+02
1.074895e+00 1.500000e+00 1.636297e+02
1.077985e+00 2.500000e+00 1.075179e+02
1.075354e+00 3.500000e+00 1.008990e+02
1.076407e+00 4.500000e+00 1.216070e+02
1.076637e+00 5.500000e+00 9.612544e+01
1.078788e+00 6.500000e+00 8.641929e+01
1.078662e+00 7.500000e+00 5.240169e+01
1.075900e+00 8.500000e+00 5.595734e+01
1.076784e+00 9.500000e+00 5.963495e+01
1.079418e+00 1.050000e+01 2.225325e+01
1.078545e+00 1.150000e+01 2.850273e+01
1.077568e+00 1.250000e+01 2.983363e+01
1.076462e+00 1.350000e+01 2.570792e+01
1.075585e+00 1.450000e+01 1.926087e+01
1.079978e+00 1.550000e+01 1.161129e+01
1.075223e+00 1.650000e+01 3.656051e+00
1.073113e+00 1.750000e+01 1.000000e+00
1.077477e+00 1.850000e+01 1.000000e+00
1.080225e+00 1.950000e+01 1.000000e+00
1.079187e+00 2.050000e+01 1.000000e+00
1.080789e+00 2.150000e+01 1.000000e+00
1.076993e+00 2.250000e+01 1.000000e+00
1.077346e+00 2.350000e+01 1.000000e+00
1.076813e+00 2.450000e+01 1.000000e+00
1.243035e+00 5.000000e-01 2.181849e+02
1.242131e+00 1.500000e+00 1.488700e+02
1.240775e+00 2.500000e+00 1.082304e+02
1.239501e+00 3.500000e+00 9.919922e+01
1.240196e+00 4.500000e+00 1.035206e+02
1.239576e+00 5.500000e+00 8.092327e+01
1.240053e+00 6.500000e+00 7.161125e+01
1.239218e+00 7.500000e+00 4.954982e+01
1.240534e+00 8.500000e+00 5.209861e+01
1.238835e+00 9.500000e+00 5.612599e+01
1.237598e+00 1.050000e+01 2.509351e+01
1.242670e+00 1.150000e+01 2.978608e+01
1.241113e+00 1.250000e+01 3.390837e+01
1.240647e+00 1.350000e+01 3.176033e+01
1.242151e+00 1.450000e+01 1.783088e+01
1.236510e+00 1.550000e+01 9.309113e+00
1.239463e+00 1.650000e+01 2.775934e+00
1.238306e+00 1.750000e+01 1.000000e+00
1.237411e+00 1.850000e+01 1.000000e+00
1.244196e+00 1.950000e+01 1.000000e+00
1.236906e+00 2.050000e+01 1.000000e+00
1.240255e+00 2.150000e+01 1.000000e+00
1.241832e+00 2.250000e+01 1.000000e+00
1.241376e+00 2.350000e+01 1.000000e+00
1.239995e+00 2.450000e+01 1.000000e+00
1.428264e+00 5.000000e-01 1.978300e+02
1.428372e+00 1.500000e+00 1.368975e+02
1.428753e+00 2.500000e+00 1.152926e+02
1.430503e+00 3.500000e+00 1.064526e+02
1.429699e+00 4.500000e+00 9.268011e+01
1.427624e+00 5.500000e+00 8.870732e+01
1.429693e+00 6.500000e+00 6.428363e+01
1.427490e+00 7.500000e+00 5.311429e+01
1.427649e+00 8.500000e+00 4.701631e+01
1.427445e+00 9.500000e+00 5.945509e+01
1.430108e+00 1.050000e+01 2.887832e+01
1.429927e+00 1.150000e+01 3.272779e+01
1.430811e+00 1.250000e+01 3.544297e+01
1.429103e+00 1.350000e+01 2.864800e+01
1.427177e+00 1.450000e+01 2.068431e+01
1.428105e+00 1.550000e+01 8.898192e+00
1.426473e+00 1.650000e+01 1.988166e+00
1.425820e+00 1.750000e+01 1.000000e+00
1.429685e+00 1.850000e+01 1.000000e+00
1.431523e+00 1.950000e+01 1.000000e+00
1.423329e+00 2.050000e+01 1.000000e+00
1.424029e+00 2.150000e+01 1.000000e+00
1.426980e+00 2.250000e+01 1.000000e+00
1.428425e+00 2.350000e+01 1.000000e+00
1.425383e+00 2.450000e+01 1.000000e+00
1.643032e+00 5.000000e-01 1.779932e+02
1.645957e+00 1.500000e+00 1.386132e+02
1.644671e+00 2.500000e+00 1.207754e+02
1.642426e+00 3.500000e+00 1.039986e+02
1.643208e+00 4.500000e+00 1.011908e+02
1.645496e+00 5.500000e+00 7.935917e+01
1.645027e+00 6.500000e+00 6.293548e+01
1.646471e+00 7.500000e+00 5.686053e+01
1.645308e+00 8.500000e+00 5.229779e+01
1.646556e+00 9.500000e+00 5.173969e+01
1.643204e+00 1.050000e+01 3.947752e+01
1.645730e+00 1.150000e+01 3.415955e+01
1.645819e+00 1.250000e+01 3.844494e+01
1.649084e+00 1.350000e+01 2.550996e+01
1.643326e+00 1.450000e+01 2.335874e+01
1.644724e+00 1.550000e+01 1.053563e+01
1.648400e+00 1.650000e+01 1.687595e+00
1.646370e+00 1.750000e+01 1.000000e+00
1.642699e+00 1.850000e+01 1.000000e+00
1.643323e+00 1.950000e+01 1.000000e+00
1.648107e+00 2.050000e+01 1.000000e+00
1.645275e+00 2.150000e+01 1.000000e+00
1.643310e+00 2.250000e+01 1.000000e+00
1.646636e+00 2.350000e+01 1.000000e+00
1.644126e+00 2.450000e+01 1.000000e+00
1.894151e+00 5.000000e-01 1.621148e+02
1.896045e+00 1.500000e+00 1.268150e+02
1.894900e+00 2.500000e+00 1.179700e+02
1.895354e+00 3.500000e+00 1.037740e+02
1.897068e+00 4.500000e+00 9.014427e+01
1.893131e+00 5.500000e+00 7.554583e+01
1.893920e+00 6.500000e+00 6.542581e+01
1.896581e+00 7.500000e+00 5.560943e+01
1.896408e+00 8.500000e+00 4.418116e+01
1.895695e+00 9.500000e+00 4.447578e+01
1.896523e+00 1.050000e+01 4.229431e+01
1.894294e+00 1.150000e+01 3.514455e+01
1.890945e+00 1.250000e+01 4.029872e+01
1.895058e+00 1.350000e+01 2.892345e+01
1.893073e+00 1.450000e+01 2.399499e+01
1.893861e+00 1.550000e+01 1.012709e+01
1.891824e+00 1.650000e+01 1.403361e+00
1.895049e+00 1.750000e+01 1.000000e+00
1.893400e+00 1.850000e+01 1.000000e+00
1.896358e+00 1.950000e+01 1.000000e+00
1.894696e+00 2.050000e+01 1.000000e+00
1.894422e+00 2.150000e+01 1.000000e+00
1.896738e+00 2.250000e+01 1.000000e+00
1.898009e+00 2.350000e+01 1.000000e+00
1.893760e+00 2.450000e+01 1.000000e+00
2.179532e+00 5.000000e-01 1.470123e+02
2.181653e+00 1.500000e+00 1.105716e+02
2.178266e+00 2.500000e+00 1.081520e+02
2.177980e+00 3.500000e+00 8.982745e+01
2.180248e+00 4.500000e+00 8.864402e+01
2.183555e+00 5.500000e+00 7.481803e+01
2.180234e+00 6.500000e+00 6.146287e+01
2.180283e+00 7.500000e+00 5.632173e+01
2.181312e+00 8.500000e+00 4.608326e+01
2.177129e+00 9.500000e+00 3.592333e+01
2.180487e+00 1.050000e+01 4.146096e+01
2.182388e+00 1.150000e+01 3.850796e+01
2.181344e+00 1.250000e+01 4.238038e+01
2.181347e+00 1.350000e+01 3.040300e+01
2.181092e+00 1.450000e+01 2.264763e+01
2.180337e+00 1.550000e+01 8.797941e+00
2.179563e+00 1.650000e+01 1.355379e+00
2.179552e+00 1.750000e+01 9.567063e-01
2.180396e+00 1.850000e+01 1.000000e+00
2.181347e+00 1.950000e+01 1.000000e+00
2.180706e+00 2.050000e+01 1.000000e+00
2.179602e+00 2.150000e+01 1.000000e+00
2.183383e+00 2.250000e+01 1.000000e+00
2.179913e+00 2.350000e+01 1.000000e+00
2.180820e+00 2.450000e+01 1.000000e+00
2.509245e+00 5.000000e-01 1.385310e+02
2.513970e+00 1.500000e+00 1.088132e+02
2.510903e+00 2.500000e+00 1.013670e+02
2.510254e+00 3.500000e+00 8.971658e+01
2.511615e+00 4.500000e+00 8.253108e+01
2.512910e+00 5.500000e+00 7.014857e+01
2.510519e+00 6.500000e+00 6.195741e+01
2.509120e+00 7.500000e+00 5.547289e+01
2.508446e+00 8.500000e+00 4.307111e+01
2.509005e+00 9.500000e+00 3.281509e+01
2.508532e+00 1.050000e+01 3.889285e+01
2.512918e+00 1.150000e+01 4.026526e+01
2.511313e+00 1.250000e+01 3.949055e+01
2.516397e+00 1.350000e+01 2.849010e+01
2.508825e+00 1.450000e+01 2.192523e+01
2.510545e+00 1.550000e+01 8.711680e+00
2.511069e+00 1.650000e+01 7.166362e-01
2.509078e+00 1.750000e+01 7.624882e-01
2.512483e+00 1.850000e+01 1.000000e+00
2.511262e+00 1.950000e+01 1.000000e+00
2.512310e+00 2.050000e+01 1.000000e+00
2.507052e+00 2.150000e+01 1.000000e+00
2.509156e+00 2.250000e+01 1.000000e+00
2.511473e+00 2.350000e+01 1.000000e+00
2.512141e+00 2.450000e+01 1.000000e+00
2.893619e+00 5.000000e-01 1.347373e+02
2.891033e+00 1.500000e+00 1.086622e+02
2.894027e+00 2.500000e+00 9.515346e+01
2.891817e+00 3.500000e+00 9.157044e+01
2.891792e+00 4.500000e+00 7.393827e+01
2.895633e+00 5.500000e+00 6.339957e+01
2.890893e+00 6.500000e+00 5.349861e+01
2.889447e+00 7.500000e+00 5.779533e+01
2.892024e+00 8.500000e+00 4.057072e+01
2.891954e+00 9.500000e+00 3.837591e+01
2.894001e+00 1.050000e+01 3.736614e+01
2.891145e+00 1.150000e+01 3.805166e+01
2.888500e+00 1.250000e+01 3.704357e+01
2.891236e+00 1.350000e+01 2.909480e+01
2.892688e+00 1.450000e+01 1.837667e+01
2.892241e+00 1.550000e+01 7.772194e+00
2.892556e+00 1.650000e+01 9.604258e-01
2.891097e+00 1.750000e+01 4.108911e-01
2.891403e+00 1.850000e+01 1.000000e+00
2.892638e+00 1.950000e+01 1.000000e+00
2.889273e+00 2.050000e+01 1.000000e+00
2.894256e+00 2.150000e+01 1.000000e+00
2.889427e+00 2.250000e+01 1.000000e+00
2.892849e+00 2.350000e+01 1.000000e+00
2.891166e+00 2.450000e+01 1.000000e+00
3.330353e+00 5.000000e-01 1.165759e+02
3.327490e+00 1.500000e+00 1.128620e+02
3.332226e+00 2.500000e+00 9.353404e+01
3.328028e+00 3.500000e+00 8.458336e+01
3.328014e+00 4.500000e+00 6.868158e+01
3.331385e+00 5.500000e+00 5.983685e+01
3.329665e+00 6.500000e+00 5.710915e+01
3.328614e+00 7.500000e+00 5.632710e+01
3.327927e+00 8.500000e+00 4.664060e+01
3.328099e+00 9.500000e+00 4.047397e+01
3.330098e+00 1.050000e+01 3.628436e+01
3.327051e+00 1.150000e+01 4.083654e+01
3.333599e+00 1.250000e+01 3.498966e+01
3.330187e+00 1.350000e+01 2.546393e+01
3.329566e+00 1.450000e+01 1.469047e+01
3.330162e+00 1.550000e+01 7.553880e+00
3.331230e+00 1.650000e+01 5.532714e-01
3.327306e+00 1.750000e+01 4.314003e-02
3.328136e+00 1.850000e+01 9.930407e-01
3.331455e+00 1.950000e+01 1.000000e+00
3.327926e+00 2.050000e+01 1.000000e+00
3.329558e+00 2.150000e+01 1.000000e+00
3.331334e+00 2.250000e+01 1.000000e+00
3.327910e+00 2.350000e+01 1.000000e+00
3.329520e+00 2.450000e+01 1.000000e+00
3.830926e+00 5.000000e-01 1.087801e+02
3.834515e+00 1.500000e+00 1.112644e+02
3.838423e+00 2.500000e+00 8.782880e+01
3.836987e+00 3.500000e+00 7.358502e+01
3.835448e+00 4.500000e+00 6.588346e+01
3.834584e+00 5.500000e+00 5.195255e+01
3.836619e+00 6.500000e+00 5.137029e+01
3.833349e+00 7.500000e+00 4.937992e+01
3.831311e+00 8.500000e+00 4.695744e+01
3.834094e+00 9.500000e+00 3.949682e+01
3.835333e+00 1.050000e+01 3.610204e+01
3.834305e+00 1.150000e+01 3.783631e+01
3.834137e+00 1.250000e+01 3.400080e+01
3.836045e+00 1.350000e+01 2.520810e+01
3.831884e+00 1.450000e+01 1.431412e+01
3.835076e+00 1.550000e+01 7.239125e+00
3.832948e+00 1.650000e+01 4.587608e-01
3.833296e+00 1.750000e+01 -5.313482e-02
3.837176e+00 1.850000e+01 8.731773e-01
3.834328e+00 1.950000e+01 1.000000e+00
3.833777e+00 2.050000e+01 1.000000e+00
3.831467e+00 2.150000e+01 1.000000e+00
3.837351e+00 2.250000e+01 1.000000e+00
3.833495e+00 2.350000e+01 1.000000e+00
3.839044e+00 2.450000e+01 1.000000e+00
4.416364e+00 5.000000e-01 1.034458e+02
4.415348e+00 1.500000e+00 1.008764e+02
4.416227e+00 2.500000e+00 8.755550e+01
4.415527e+00 3.500000e+00 7.012250e+01
4.416397e+00 4.500000e+00 6.452259e+01
4.415865e+00 5.500000e+00 5.277653e+01
4.416916e+00 6.500000e+00 4.650395e+01
4.413118e+00 7.500000e+00 4.352855e+01
4.415193e+00 8.500000e+00 4.731119e+01
4.415916e+00 9.500000e+00 4.142816e+01
4.416540e+00 1.050000e+01 3.512796e+01
4.412741e+00 1.150000e+01 3.718767e+01
4.415277e+00 1.250000e+01 3.211022e+01
4.414839e+00 1.350000e+01 2.373893e+01
4.411845e+00 1.450000e+01 1.366477e+01
4.417818e+00 1.550000e+01 5.339841e+00
4.413793e+00 1.650000e+01 7.318351e-01
4.411753e+00 1.750000e+01 -1.296107e-01
4.417005e+00 1.850000e+01 4.424084e-01
4.415244e+00 1.950000e+01 1.000000e+00
4.417547e+00 2.050000e+01 1.000000e+00
4.416220e+00 2.150000e+01 1.000000e+00
4.412284e+00 2.250000e+01 1.000000e+00
4.413469e+00 2.350000e+01 1.000000e+00
4.413095e+00 2.450000e+01 1.000000e+00
5.082311e+00 5.000000e-01 9.335589e+01
5.084080e+00 1.500000e+00 9.114362e+01
5.084539e+00 2.500000e+00 8.245300e+01
5.081513e+00 3.500000e+00 6.494671e+01
5.081219e+00 4.500000e+00 5.597029e+01
5.084342e+00 5.500000e+00 5.524573e+01
5.084050e+00 6.500000e+00 4.826240e+01
5.082939e+00 7.500000e+00 4.385964e+01
5.083259e+00 8.500000e+00 4.127770e+01
5.084446e+00 9.500000e+00 4.005938e+01
5.085265e+00 1.050000e+01 3.720072e+01
5.084668e+00 1.150000e+01 3.248018e+01
5.083988e+00 1.250000e+01 2.833872e+01
5.082718e+00 1.350000e+01 2.154741e+01
5.083115e+00 1.450000e+01 1.189985e+01
5.083309e+00 1.550000e+01 4.198400e+00
5.081425e+00 1.650000e+01 4.218703e-01
5.084585e+00 1.750000e+01 -2.134653e-01
5.083432e+00 1.850000e+01 2.097062e-01
5.085970e+00 1.950000e+01 9.541052e-01
5.081635e+00 2.050000e+01 1.000000e+00
5.083125e+00 2.150000e+01 1.000000e+00
5.087912e+00 2.250000e+01 1.000000e+00
5.086427e+00 2.350000e+01 1.000000e+00
5.086161e+00 2.450000e+01 1.000000e+00
5.850024e+00 5.000000e-01 7.592683e+01
5.851705e+00 1.500000e+00 7.716763e+01
5.851891e+00 2.500000e+00 7.251074e+01
5.855225e+00 3.500000e+00 5.733150e+01
5.853880e+00 4.500000e+00 5.503865e+01
5.854719e+00 5.500000e+00 5.489677e+01
5.851659e+00 6.500000e+00 4.819554e+01
5.853029e+00 7.500000e+00 4.078833e+01
5.853098e+00 8.500000e+00 3.933527e+01
5.853915e+00 9.500000e+00 3.965907e+01
5.851647e+00 1.050000e+01 3.430908e+01
5.853879e+00 1.150000e+01 2.824822e+01
5.853699e+00 1.250000e+01 2.376629e+01
5.858253e+00 1.350000e+01 1.916080e+01
5.855548e+00 1.450000e+01 1.155914e+01
5.855196e+00 1.550000e+01 3.631499e+00
5.854548e+00 1.650000e+01 -7.306043e-01
5.851014e+00 1.750000e+01 -2.309731e-01
5.855900e+00 1.850000e+01 1.353915e-01
5.854754e+00 1.950000e+01 5.888768e-01
5.853381e+00 2.050000e+01 1.000000e+00
5.854707e+00 2.150000e+01 1.000000e+00
5.854357e+00 2.250000e+01 1.000000e+00
5.851192e+00 2.350000e+01 1.000000e+00
5.852423e+00 2.450000e+01 1.000000e+00
6.741055e+00 5.000000e-01 7.404666e+01
6.737425e+00 1.500000e+00 6.990902e+01
6.740699e+00 2.500000e+00 6.409723e+01
6.741945e+00 3.500000e+00 5.777784e+01
6.737576e+00 4.500000e+00 4.960902e+01
6.739822e+00 5.500000e+00 4.753669e+01
6.739490e+00 6.500000e+00 4.578719e+01
6.737729e+00 7.500000e+00 3.829666e+01
6.742897e+00 8.500000e+00 3.576257e+01
6.741718e+00 9.500000e+00 3.465708e+01
6.737774e+00 1.050000e+01 3.109014e+01
6.740852e+00 1.150000e+01 2.521664e+01
6.739644e+00 1.250000e+01 1.881660e+01
6.742159e+00 1.350000e+01 1.587746e+01
6.738655e+00 1.450000e+01 1.016307e+01
6.738968e+00 1.550000e+01 2.564637e+00
6.739538e+00 1.650000e+01 -1.443238e+00
6.739886e+00 1.750000e+01 -7.330595e-01
6.742590e+00 1.850000e+01 -4.922074e-02
6.739238e+00 1.950000e+01 3.592573e-01
6.736058e+00 2.050000e+01 8.831694e-01
6.739900e+00 2.150000e+01 1.000000e+00
6.737434e+00 2.250000e+01 1.000000e+00
6.737760e+00 2.350000e+01 1.000000e+00
6.739913e+00 2.450000e+01 1.000000e+00
7.761577e+00 5.000000e-01 6.888278e+01
7.758453e+00 1.500000e+00 6.317890e+01
7.762150e+00 2.500000e+00 5.412936e+01
7.759889e+00 3.500000e+00 5.201948e+01
7.760564e+00 4.500000e+00 4.836253e+01
7.757772e+00 5.500000e+00 4.268708e+01
7.763008e+00 6.500000e+00 4.086195e+01
7.761886e+00 7.500000e+00 3.633025e+01
7.762669e+00 8.500000e+00 3.384334e+01
7.760595e+00 9.500000e+00 3.173854e+01
7.762403e+00 1.050000e+01 2.650178e+01
7.759826e+00 1.150000e+01 2.191953e+01
7.761112e+00 1.250000e+01 1.582485e+01
7.763682e+00 1.350000e+01 1.245482e+01
7.761348e+00 1.450000e+01 7.675785e+00
7.758793e+00 1.550000e+01 2.365348e+00
7.760774e+00 1.650000e+01 -1.985417e+00
7.758302e+00 1.750000e+01 -1.571569e+00
7.761058e+00 1.850000e+01 -1.645735e-01
7.755925e+00 1.950000e+01 1.953048e-01
7.759442e+00 2.050000e+01 5.480719e-01
7.760375e+00 2.150000e+01 9.738244e-01
7.760969e+00 2.250000e+01 1.000000e+00
7.760117e+00 2.350000e+01 1.000000e+00
7.764249e+00 2.450000e+01 1.000000e+00
8.937391e+00 5.000000e-01 5.736778e+01
8.938046e+00 1.500000e+00 5.041114e+01
8.935858e+00 2.500000e+00 4.848497e+01
8.938118e+00 3.500000e+00 4.575553e+01
8.938215e+00 4.500000e+00 3.845860e+01
8.935717e+00 5.500000e+00 3.572957e+01
8.935914e+00 6.500000e+00 3.302257e+01
8.935220e+00 7.500000e+00 3.028770e+01
8.935256e+00 8.500000e+00 2.728816e+01
8.932649e+00 9.500000e+00 2.418159e+01
8.938999e+00 1.050000e+01 1.989854e+01
8.932630e+00 1.150000e+01 1.847885e+01
8.937728e+00 1.250000e+01 1.390926e+01
8.935714e+00 1.350000e+01 8.708565e+00
8.936131e+00 1.450000e+01 5.140770e+00
8.935028e+00 1.550000e+01 1.374991e+00
8.938801e+00 1.650000e+01 -1.696598e+00
8.933278e+00 1.750000e+01 -2.095653e+00
8.936412e+00 1.850000e+01 -1.099544e+00
8.936237e+00 1.950000e+01 1.062034e-01
8.937908e+00 2.050000e+01 3.658549e-01
8.937992e+00 2.150000e+01 6.551604e-01
8.935535e+00 2.250000e+01 9.903853e-01
8.938148e+00 2.350000e+01 1.000000e+00
8.938668e+00 2.450000e+01 1.000000e+00
1.029065e+01 5.000000e-01 4.626559e+01
1.028990e+01 1.500000e+00 4.584502e+01
1.029066e+01 2.500000e+00 4.081949e+01
1.028829e+01 3.500000e+00 3.618850e+01
1.028959e+01 4.500000e+00 3.056792e+01
1.028981e+01 5.500000e+00 2.901937e+01
1.029154e+01 6.500000e+00 2.582451e+01
1.029320e+01 7.500000e+00 2.339090e+01
1.028989e+01 8.500000e+00 2.130273e+01
1.029044e+01 9.500000e+00 1.735755e+01
1.028980e+01 1.050000e+01 1.352783e+01
1.028771e+01 1.150000e+01 1.323646e+01
1.029035e+01 1.250000e+01 1.094598e+01
1.028918e+01 1.350000e+01 6.859652e+00
1.029154e+01 1.450000e+01 2.010683e+00
1.029040e+01 1.550000e+01 -5.344760e-02
1.028864e+01 1.650000e+01 -2.062269e+00
1.028926e+01 1.750000e+01 -2.100801e+00
1.029049e+01 1.850000e+01 -1.658427e+00
1.029217e+01 1.950000e+01 -7.605300e-01
1.029214e+01 2.050000e+01 2.050258e-01
1.028910e+01 2.150000e+01 4.273535e-01
1.029110e+01 2.250000e+01 7.210580e-01
1.028694e+01 2.350000e+01 9.903967e-01
1.029228e+01 2.450000e+01 1.000000e+00
1.184755e+01 5.000000e-01 3.671777e+01
1.185165e+01 1.500000e+00 3.412886e+01
1.184949e+01 2.500000e+00 3.036471e+01
1.185064e+01 3.500000e+00 2.850299e+01
1.184974e+01 4.500000e+00 2.850504e+01
1.184992e+01 5.500000e+00 2.349147e+01
1.184940e+01 6.500000e+00 2.036595e+01
1.184676e+01 7.500000e+00 1.647499e+01
1.184662e+01 8.500000e+00 1.346149e+01
1.184598e+01 9.500000e+00 1.130136e+01
1.184793e+01 1.050000e+01 9.276744e+00
1.185101e+01 1.150000e+01 6.461476e+00
1.184547e+01 1.250000e+01 4.196449e+00
1.184643e+01 1.350000e+01 2.702737e+00
1.185303e+01 1.450000e+01 6.734754e-01
1.184530e+01 1.550000e+01 -2.728114e+00
1.185034e+01 1.650000e+01 -3.567606e+00
1.184673e+01 1.750000e+01 -2.230983e+00
1.184860e+01 1.850000e+01 -1.884141e+00
1.185147e+01 1.950000e+01 -1.399446e+00
1.184704e+01 2.050000e+01 -5.921278e-01
1.185043e+01 2.150000e+01 2.218042e-01
1.185335e+01 2.250000e+01 4.751778e-01
1.185120e+01 2.350000e+01 7.132794e-01
1.185229e+01 2.450000e+01 9.805630e-01
1.363898e+01 5.000000e-01 2.646725e+01
1.364778e+01 1.500000e+00 2.306734e+01
1.364366e+01 2.500000e+00 2.050995e+01
1.364211e+01 3.500000e+00 2.085119e+01
1.364104e+01 4.500000e+00 1.897134e+01
1.364407e+01 5.500000e+00 1.625730e+01
1.364235e+01 6.500000e+00 1.203317e+01
1.364355e+01 7.500000e+00 9.542887e+00
1.364707e+01 8.500000e+00 6.660253e+00
1.364511e+01 9.500000e+00 3.864798e+00
1.364235e+01 1.050000e+01 3.174832e+00
1.364132e+01 1.150000e+01 2.104999e+00
1.364411e+01 1.250000e+01 -5.862021e-01
1.364459e+01 1.350000e+01 -1.337388e+00
1.364160e+01 1.450000e+01 -3.033493e+00
1.364308e+01 1.550000e+01 -3.949146e+00
1.364147e+01 1.650000e+01 -5.055344e+00
1.364305e+01 1.750000e+01 -4.011726e+00
1.364267e+01 1.850000e+01 -2.007214e+00
1.364457e+01 1.950000e+01 -1.609988e+00
1.363989e+01 2.050000e+01 -1.185530e+00
1.364436e+01 2.150000e+01 -6.377102e-01
1.364256e+01 2.250000e+01 1.262494e-01
1.364233e+01 2.350000e+01 5.208209e-01
1.364261e+01 2.450000e+01 7.122247e-01
1.571133e+01 5.000000e-01 1.395712e+01
1.571078e+01 1.500000e+00 1.394003e+01
1.571112e+01 2.500000e+00 1.139245e+01
1.571116e+01 3.500000e+00 7.812725e+00
1.571011e+01 4.500000e+00 6.579675e+00
1.571193e+01 5.500000e+00 5.711435e+00
1.570858e+01 6.500000e+00 4.836704e+00
1.570940e+01 7.500000e+00 3.176151e+00
1.571067e+01 8.500000e+00 9.680478e-01
1.571100e+01 9.500000e+00 -1.585739e-01
1.570882e+01 1.050000e+01 -2.499864e+00
1.570980e+01 1.150000e+01 -2.857483e+00
1.570745e+01 1.250000e+01 -3.422195e+00
1.571256e+01 1.350000e+01 -4.371710e+00
1.571078e+01 1.450000e+01 -5.058914e+00
1.571103e+01 1.550000e+01 -5.707857e+00
1.571021e+01 1.650000e+01 -5.543232e+00
1.571133e+01 1.750000e+01 -4.807418e+00
1.571125e+01 1.850000e+01 -4.195188e+00
1.571010e+01 1.950000e+01 -2.380917e+00
1.570779e+01 2.050000e+01 -1.375032e+00
1.570736e+01 2.150000e+01 -1.207318e+00
1.571142e+01 2.250000e+01 -7.416414e-01
1.571376e+01 2.350000e+01 -2.122402e-02
1.571047e+01 2.450000e+01 4.981829e-01
1.809114e+01 5.000000e-01 3.920013e+00
1.808778e+01 1.500000e+00 2.993490e+00
1.809054e+01 2.500000e+00 1.804154e+00
1.808911e+01 3.500000e+00 9.722784e-01
1.809106e+01 4.500000e+00 -8.824049e-01
1.809069e+01 5.500000e+00 -2.398844e+00
1.809291e+01 6.500000e+00 -2.649158e+00
1.808976e+01 7.500000e+00 -2.958792e+00
1.808874e+01 8.500000e+00 -3.360841e+00
1.808748e+01 9.500000e+00 -4.091340e+00
1.809024e+01 1.050000e+01 -4.859613e+00
1.809068e+01 1.150000e+01 -5.347186e+00
1.808991e+01 1.250000e+01 -6.211012e+00
1.809090e+01 1.350000e+01 -5.750212e+00
1.808908e+01 1.450000e+01 -5.510878e+00
1.808585e+01 1.550000e+01 -5.961685e+00
1.809002e+01 1.650000e+01 -5.942880e+00
1.809202e+01 1.750000e+01 -5.372498e+00
1.809131e+01 1.850000e+01 -4.622265e+00
1.808852e+01 1.950000e+01 -4.155569e+00
1.808765e+01 2.050000e+01 -3.176123e+00
1.808862e+01 2.150000e+01 -1.624019e+00
1.808891e+01 2.250000e+01 -1.018267e+00
1.808839e+01 2.350000e+01 -7.450290e-01
1.808938e+01 2.450000e+01 -2.267454e-01
2.082712e+01 5.000000e-01 1.061483e+00
2.083102e+01 1.500000e+00 8.499563e-01
2.082842e+01 2.500000e+00 3.465099e-01
2.082687e+01 3.500000e+00 -5.248778e-01
2.083026e+01 4.500000e+00 -1.193082e+00
2.082895e+01 5.500000e+00 -1.812709e+00
2.082831e+01 6.500000e+00 -3.025074e+00
2.083136e+01 7.500000e+00 -4.102138e+00
2.082729e+01 8.500000e+00 -4.236850e+00
2.083113e+01 9.500000e+00 -4.231192e+00
2.082947e+01 1.050000e+01 -4.260928e+00
2.083008e+01 1.150000e+01 -4.587304e+00
2.082837e+01 1.250000e+01 -4.922331e+00
2.083000e+01 1.350000e+01 -5.374697e+00
2.082676e+01 1.450000e+01 -5.758161e+00
2.082456e+01 1.550000e+01 -5.438216e+00
2.082801e+01 1.650000e+01 -5.055058e+00
2.082963e+01 1.750000e+01 -5.122160e+00
2.083039e+01 1.850000e+01 -4.943205e+00
2.082940e+01 1.950000e+01 -4.409175e+00
2.083042e+01 2.050000e+01 -3.875886e+00
2.083153e+01 2.150000e+01 -3.545861e+00
2.082932e+01 2.250000e+01 -2.556914e+00
2.082992e+01 2.350000e+01 -1.308553e+00
2.082844e+01 2.450000e+01 -7.009915e-01
2.398305e+01 5.000000e-01 9.818766e-01
2.398391e+01 1.500000e+00 8.960804e-01
2.398200e+01 2.500000e+00 7.756761e-01
2.398529e+01 3.500000e+00 5.757009e-01
2.398271e+01 4.500000e+00 2.021166e-01
2.398269e+01 5.500000e+00 -4.119387e-01
2.398424e+01 6.500000e+00 -9.497096e-01
2.398411e+01 7.500000e+00 -1.600779e+00
2.398612e+01 8.500000e+00 -2.457592e+00
2.398299e+01 9.500000e+00 -3.366953e+00
2.398680e+01 1.050000e+01 -3.593070e+00
2.398220e+01 1.150000e+01 -3.678550e+00
2.398354e+01 1.250000e+01 -3.612926e+00
2.398320e+01 1.350000e+01 -3.924162e+00
2.398563e+01 1.450000e+01 -4.161781e+00
2.398159e+01 1.550000e+01 -4.511777e+00
2.398640e+01 1.650000e+01 -4.768452e+00
2.398586e+01 1.750000e+01 -4.728671e+00
2.398289e+01 1.850000e+01 -4.274741e+00
2.398374e+01 1.950000e+01 -4.239075e+00
2.398537e+01 2.050000e+01 -4.205988e+00
2.398508e+01 2.150000e+01 -3.806978e+00
2.398747e+01 2.250000e+01 -3.427059e+00
2.398542e+01 2.350000e+01 -2.941219e+00
2.397851e+01 2.450000e+01 -2.310070e+00
2.761460e+01 5.000000e-01 1.000000e+00
2.761604e+01 1.500000e+00 1.000000e+00
2.761669e+01 2.500000e+00 9.976193e-01
2.761848e+01 3.500000e+00 9.481088e-01
2.761686e+01 4.500000e+00 8.685009e-01
2.761903e+01 5.500000e+00 7.421461e-01
2.761772e+01 6.500000e+00 5.014421e-01
2.761706e+01 7.500000e+00 9.319304e-02
2.761598e+01 8.500000e+00 -4.154791e-01
2.761729e+01 9.500000e+00 -8.026679e-01
2.762037e+01 1.050000e+01 -1.448840e+00
2.761664e+01 1.150000e+01 -2.219850e+00
2.761691e+01 1.250000e+01 -2.806325e+00
2.761791e+01 1.350000e+01 -3.013896e+00
2.761651e+01 1.450000e+01 -3.017375e+00
2.761819e+01 1.550000e+01 -3.085602e+00
2.761709e+01 1.650000e+01 -3.335658e+00
2.761756e+01 1.750000e+01 -3.546558e+00
2.761460e+01 1.850000e+01 -3.913889e+00
2.761438e+01 1.950000e+01 -3.921983e+00
2.761501e+01 2.050000e+01 -3.747036e+00
2.761629e+01 2.150000e+01 -3.515774e+00
2.761669e+01 2.250000e+01 -3.399285e+00
2.761523e+01 2.350000e+01 -3.297454e+00
2.762220e+01 2.450000e+01 -2.911989e+00
