1.078021e+00 5.000000e-01 7.227614e+01
1.079146e+00 1.500000e+00 4.203561e+01
1.077836e+00 2.500000e+00 3.473884e+01
1.078223e+00 3.500000e+00 2.051121e+01
1.079273e+00 4.500000e+00 1.770376e+01
1.077802e+00 5.500000e+00 2.452052e+01
1.077498e+00 6.500000e+00 2.688949e+01
1.078049e+00 7.500000e+00 2.289066e+01
1.076499e+00 8.500000e+00 2.249394e+01
1.078069e+00 9.500000e+00 1.722060e+01
1.077838e+00 1.050000e+01 1.217697e+01
1.078993e+00 1.150000e+01 1.003254e+01
1.076972e+00 1.250000e+01 1.412104e+01
1.077426e+00 1.350000e+01 1.748764e+01
1.076619e+00 1.450000e+01 1.416678e+01
1.076161e+00 1.550000e+01 1.262024e+01
1.077759e+00 1.650000e+01 5.220101e+00
1.078517e+00 1.750000e+01 3.944245e+00
1.077998e+00 1.850000e+01 2.171661e+00
1.079042e+00 1.950000e+01 5.062438e+00
1.078027e+00 2.050000e+01 4.050798e+00
1.076903e+00 2.150000e+01 3.273316e+00
1.077353e+00 2.250000e+01 3.391080e+00
1.077108e+00 2.350000e+01 4.280120e+00
1.077950e+00 2.450000e+01 2.569066e+00
1.239929e+00 5.000000e-01 6.445958e+01
1.240895e+00 1.500000e+00 4.010515e+01
1.240548e+00 2.500000e+00 3.212187e+01
1.239925e+00 3.500000e+00 2.072881e+01
1.240470e+00 4.500000e+00 1.645620e+01
1.241314e+00 5.500000e+00 2.095116e+01
1.240627e+00 6.500000e+00 2.529066e+01
1.240870e+00 7.500000e+00 2.609582e+01
1.239540e+00 8.500000e+00 2.155682e+01
1.240254e+00 9.500000e+00 1.852393e+01
1.241565e+00 1.050000e+01 1.397299e+01
1.241682e+00 1.150000e+01 9.483910e+00
1.240681e+00 1.250000e+01 1.389150e+01
1.240789e+00 1.350000e+01 1.760136e+01
1.241078e+00 1.450000e+01 1.566233e+01
1.240211e+00 1.550000e+01 1.208644e+01
1.241075e+00 1.650000e+01 6.146532e+00
1.241229e+00 1.750000e+01 5.603872e+00
1.240728e+00 1.850000e+01 2.115269e+00
1.242455e+00 1.950000e+01 5.035444e+00
1.241655e+00 2.050000e+01 5.459877e+00
1.242642e+00 2.150000e+01 3.611097e+00
1.241987e+00 2.250000e+01 4.491468e+00
1.239980e+00 2.350000e+01 3.543268e+00
1.239954e+00 2.450000e+01 2.235770e+00
1.430731e+00 5.000000e-01 6.086520e+01
1.429180e+00 1.500000e+00 4.091800e+01
1.428939e+00 2.500000e+00 3.512591e+01
1.430212e+00 3.500000e+00 2.233470e+01
1.429123e+00 4.500000e+00 1.655815e+01
1.428287e+00 5.500000e+00 1.896357e+01
1.430027e+00 6.500000e+00 2.222028e+01
1.428414e+00 7.500000e+00 2.360000e+01
1.428088e+00 8.500000e+00 2.203724e+01
1.428989e+00 9.500000e+00 1.956670e+01
1.427691e+00 1.050000e+01 1.437061e+01
1.427949e+00 1.150000e+01 1.146454e+01
1.429439e+00 1.250000e+01 1.144959e+01
1.430668e+00 1.350000e+01 1.641853e+01
1.428455e+00 1.450000e+01 1.336754e+01
1.428460e+00 1.550000e+01 1.131871e+01
1.428649e+00 1.650000e+01 4.095825e+00
1.427980e+00 1.750000e+01 7.106748e+00
1.429226e+00 1.850000e+01 3.714967e+00
1.428523e+00 1.950000e+01 5.565044e+00
1.428709e+00 2.050000e+01 5.914882e+00
1.427475e+00 2.150000e+01 4.356675e+00
1.428419e+00 2.250000e+01 5.029113e+00
1.428843e+00 2.350000e+01 3.285929e+00
1.428727e+00 2.450000e+01 2.092066e+00
1.644474e+00 5.000000e-01 5.089801e+01
1.644129e+00 1.500000e+00 3.595834e+01
1.644698e+00 2.500000e+00 3.345777e+01
1.643526e+00 3.500000e+00 2.044366e+01
1.645250e+00 4.500000e+00 1.639963e+01
1.645638e+00 5.500000e+00 2.257365e+01
1.645740e+00 6.500000e+00 1.938608e+01
1.645658e+00 7.500000e+00 2.294507e+01
1.644892e+00 8.500000e+00 2.298158e+01
1.644368e+00 9.500000e+00 2.084749e+01
1.646076e+00 1.050000e+01 1.434761e+01
1.644683e+00 1.150000e+01 1.045006e+01
1.645477e+00 1.250000e+01 8.109060e+00
1.644394e+00 1.350000e+01 1.553453e+01
1.644263e+00 1.450000e+01 1.386854e+01
1.643962e+00 1.550000e+01 7.686465e+00
1.645652e+00 1.650000e+01 3.135277e-01
1.644592e+00 1.750000e+01 5.785645e+00
1.645617e+00 1.850000e+01 6.311502e+00
1.644426e+00 1.950000e+01 6.175473e+00
1.645146e+00 2.050000e+01 6.692512e+00
1.645455e+00 2.150000e+01 5.240106e+00
1.645059e+00 2.250000e+01 4.210261e+00
1.643270e+00 2.350000e+01 3.517011e+00
1.646002e+00 2.450000e+01 1.889265e+00
1.893070e+00 5.000000e-01 3.957760e+01
1.895468e+00 1.500000e+00 3.680942e+01
1.893359e+00 2.500000e+00 3.087596e+01
1.895331e+00 3.500000e+00 2.193180e+01
1.893528e+00 4.500000e+00 1.887698e+01
1.894362e+00 5.500000e+00 2.370413e+01
1.891871e+00 6.500000e+00 2.061693e+01
1.894687e+00 7.500000e+00 1.706876e+01
1.893827e+00 8.500000e+00 1.869324e+01
1.895893e+00 9.500000e+00 1.954297e+01
1.895255e+00 1.050000e+01 1.437001e+01
1.894081e+00 1.150000e+01 1.007397e+01
1.894419e+00 1.250000e+01 7.971325e+00
1.894024e+00 1.350000e+01 1.466138e+01
1.894246e+00 1.450000e+01 1.511423e+01
1.894258e+00 1.550000e+01 3.458365e+00
1.894739e+00 1.650000e+01 6.576555e+00
1.894602e+00 1.750000e+01 6.759011e+00
1.895208e+00 1.850000e+01 6.180429e+00
1.896143e+00 1.950000e+01 7.116455e+00
1.894415e+00 2.050000e+01 6.379932e+00
1.894498e+00 2.150000e+01 5.893752e+00
1.894633e+00 2.250000e+01 4.799749e+00
1.895232e+00 2.350000e+01 2.986547e+00
1.894814e+00 2.450000e+01 1.849862e+00
2.182226e+00 5.000000e-01 3.782794e+01
2.181349e+00 1.500000e+00 3.318924e+01
2.181022e+00 2.500000e+00 2.574875e+01
2.182529e+00 3.500000e+00 2.040077e+01
2.181413e+00 4.500000e+00 2.362808e+01
2.180793e+00 5.500000e+00 2.261341e+01
2.180592e+00 6.500000e+00 1.996010e+01
2.181344e+00 7.500000e+00 1.850313e+01
2.180832e+00 8.500000e+00 1.865248e+01
2.181027e+00 9.500000e+00 1.659307e+01
2.178984e+00 1.050000e+01 9.328863e+00
2.181013e+00 1.150000e+01 1.262076e+01
2.181883e+00 1.250000e+01 9.635071e+00
2.181206e+00 1.350000e+01 1.150816e+01
2.179574e+00 1.450000e+01 1.498468e+01
2.181861e+00 1.550000e+01 6.544675e+00
2.180535e+00 1.650000e+01 9.578994e+00
2.180342e+00 1.750000e+01 7.160401e+00
2.182113e+00 1.850000e+01 7.948356e+00
2.180009e+00 1.950000e+01 6.414704e+00
2.180990e+00 2.050000e+01 5.984101e+00
2.180743e+00 2.150000e+01 6.198850e+00
2.180081e+00 2.250000e+01 5.076616e+00
2.182199e+00 2.350000e+01 2.906841e+00
2.181530e+00 2.450000e+01 1.684785e+00
2.510944e+00 5.000000e-01 3.721906e+01
2.510322e+00 1.500000e+00 3.026079e+01
2.511678e+00 2.500000e+00 2.450103e+01
2.510297e+00 3.500000e+00 2.203523e+01
2.511369e+00 4.500000e+00 2.629559e+01
2.511565e+00 5.500000e+00 2.111214e+01
2.511835e+00 6.500000e+00 1.934431e+01
2.511795e+00 7.500000e+00 1.825453e+01
2.512178e+00 8.500000e+00 1.673359e+01
2.510721e+00 9.500000e+00 1.711686e+01
2.511707e+00 1.050000e+01 1.181960e+01
2.511759e+00 1.150000e+01 1.162585e+01
2.510127e+00 1.250000e+01 9.856068e+00
2.511765e+00 1.350000e+01 9.927925e+00
2.512356e+00 1.450000e+01 1.285701e+01
2.511838e+00 1.550000e+01 8.633325e+00
2.511085e+00 1.650000e+01 9.259171e+00
2.510119e+00 1.750000e+01 7.628642e+00
2.511201e+00 1.850000e+01 8.028629e+00
2.511959e+00 1.950000e+01 7.274922e+00
2.512507e+00 2.050000e+01 5.846639e+00
2.511177e+00 2.150000e+01 7.132671e+00
2.512254e+00 2.250000e+01 4.915465e+00
2.510975e+00 2.350000e+01 2.894325e+00
2.511119e+00 2.450000e+01 1.548181e+00
2.890982e+00 5.000000e-01 3.415947e+01
2.892073e+00 1.500000e+00 3.083599e+01
2.892456e+00 2.500000e+00 2.235984e+01
2.892206e+00 3.500000e+00 2.761091e+01
2.892788e+00 4.500000e+00 2.650309e+01
2.892302e+00 5.500000e+00 1.980877e+01
2.890290e+00 6.500000e+00 1.847900e+01
2.892936e+00 7.500000e+00 1.915079e+01
2.891304e+00 8.500000e+00 1.734842e+01
2.892901e+00 9.500000e+00 1.336055e+01
2.892508e+00 1.050000e+01 1.327871e+01
2.891108e+00 1.150000e+01 1.220389e+01
2.891268e+00 1.250000e+01 1.005192e+01
2.892328e+00 1.350000e+01 9.306769e+00
2.891208e+00 1.450000e+01 8.338311e+00
2.892160e+00 1.550000e+01 8.843616e+00
2.891285e+00 1.650000e+01 9.775915e+00
2.891885e+00 1.750000e+01 9.170538e+00
2.892992e+00 1.850000e+01 8.255467e+00
2.890488e+00 1.950000e+01 8.597980e+00
2.893719e+00 2.050000e+01 6.208375e+00
2.893099e+00 2.150000e+01 7.018907e+00
2.892617e+00 2.250000e+01 4.770164e+00
2.892907e+00 2.350000e+01 3.107650e+00
2.891139e+00 2.450000e+01 1.225557e+00
3.330317e+00 5.000000e-01 3.246746e+01
3.329363e+00 1.500000e+00 2.756304e+01
3.330056e+00 2.500000e+00 2.075927e+01
3.329266e+00 3.500000e+00 2.542232e+01
3.330553e+00 4.500000e+00 2.479681e+01
3.330609e+00 5.500000e+00 1.890484e+01
3.330015e+00 6.500000e+00 1.668053e+01
3.329646e+00 7.500000e+00 1.816988e+01
3.330508e+00 8.500000e+00 1.544224e+01
3.328697e+00 9.500000e+00 1.307723e+01
3.329723e+00 1.050000e+01 1.429048e+01
3.331590e+00 1.150000e+01 1.099535e+01
3.329419e+00 1.250000e+01 1.076005e+01
3.328864e+00 1.350000e+01 8.166230e+00
3.330515e+00 1.450000e+01 5.953833e+00
3.330538e+00 1.550000e+01 7.997482e+00
3.328732e+00 1.650000e+01 1.007398e+01
3.329307e+00 1.750000e+01 9.829189e+00
3.329784e+00 1.850000e+01 7.980136e+00
3.329660e+00 1.950000e+01 8.721970e+00
3.330157e+00 2.050000e+01 6.673129e+00
3.329142e+00 2.150000e+01 6.239945e+00
3.328470e+00 2.250000e+01 3.969643e+00
3.331548e+00 2.350000e+01 2.890068e+00
3.329340e+00 2.450000e+01 1.078321e+00
3.833451e+00 5.000000e-01 3.138718e+01
3.832625e+00 1.500000e+00 2.433239e+01
3.832012e+00 2.500000e+00 2.222355e+01
3.834152e+00 3.500000e+00 2.139924e+01
3.835524e+00 4.500000e+00 2.314967e+01
3.833654e+00 5.500000e+00 2.009668e+01
3.833865e+00 6.500000e+00 1.692572e+01
3.833426e+00 7.500000e+00 1.379449e+01
3.834146e+00 8.500000e+00 1.333270e+01
3.832750e+00 9.500000e+00 1.229380e+01
3.835373e+00 1.050000e+01 1.553074e+01
3.832570e+00 1.150000e+01 1.161891e+01
3.833229e+00 1.250000e+01 9.686319e+00
3.833066e+00 1.350000e+01 6.585073e+00
3.833934e+00 1.450000e+01 5.788162e+00
3.834362e+00 1.550000e+01 8.294369e+00
3.834638e+00 1.650000e+01 8.978260e+00
3.831960e+00 1.750000e+01 9.479668e+00
3.835331e+00 1.850000e+01 8.274220e+00
3.833593e+00 1.950000e+01 8.031989e+00
3.834063e+00 2.050000e+01 7.037066e+00
3.834340e+00 2.150000e+01 6.197408e+00
3.833511e+00 2.250000e+01 4.034657e+00
3.834673e+00 2.350000e+01 2.707443e+00
3.834437e+00 2.450000e+01 1.065920e+00
4.414746e+00 5.000000e-01 2.991954e+01
4.415159e+00 1.500000e+00 2.556238e+01
4.415368e+00 2.500000e+00 2.394508e+01
4.414413e+00 3.500000e+00 2.191829e+01
4.415360e+00 4.500000e+00 2.054939e+01
4.415070e+00 5.500000e+00 2.103899e+01
4.414794e+00 6.500000e+00 1.761828e+01
4.414948e+00 7.500000e+00 1.421574e+01
4.414832e+00 8.500000e+00 1.212047e+01
4.413918e+00 9.500000e+00 1.121612e+01
4.416185e+00 1.050000e+01 1.320836e+01
4.414739e+00 1.150000e+01 1.319626e+01
4.414604e+00 1.250000e+01 1.045147e+01
4.415498e+00 1.350000e+01 6.517291e+00
4.415638e+00 1.450000e+01 6.681610e+00
4.414083e+00 1.550000e+01 8.451088e+00
4.415152e+00 1.650000e+01 8.994265e+00
4.414951e+00 1.750000e+01 9.542228e+00
4.415366e+00 1.850000e+01 1.017667e+01
4.414080e+00 1.950000e+01 7.546203e+00
4.415687e+00 2.050000e+01 6.893057e+00
4.415494e+00 2.150000e+01 5.187695e+00
4.414685e+00 2.250000e+01 3.580937e+00
4.414363e+00 2.350000e+01 2.472075e+00
4.414815e+00 2.450000e+01 1.028681e+00
5.084401e+00 5.000000e-01 2.663632e+01
5.083659e+00 1.500000e+00 2.490590e+01
5.083551e+00 2.500000e+00 2.415503e+01
5.084665e+00 3.500000e+00 2.139902e+01
5.083769e+00 4.500000e+00 1.822458e+01
5.083430e+00 5.500000e+00 1.965745e+01
5.083559e+00 6.500000e+00 1.636911e+01
5.083236e+00 7.500000e+00 1.257950e+01
5.081402e+00 8.500000e+00 9.978193e+00
5.083250e+00 9.500000e+00 1.212077e+01
5.084346e+00 1.050000e+01 1.037317e+01
5.083630e+00 1.150000e+01 1.378319e+01
5.084363e+00 1.250000e+01 1.115996e+01
5.083192e+00 1.350000e+01 9.952769e+00
5.083464e+00 1.450000e+01 8.596457e+00
5.083574e+00 1.550000e+01 7.839184e+00
5.083460e+00 1.650000e+01 8.753447e+00
5.084386e+00 1.750000e+01 9.672719e+00
5.083823e+00 1.850000e+01 9.843248e+00
5.083966e+00 1.950000e+01 8.102855e+00
5.084410e+00 2.050000e+01 6.469716e+00
5.084297e+00 2.150000e+01 4.970858e+00
5.084665e+00 2.250000e+01 3.133052e+00
5.082450e+00 2.350000e+01 2.186767e+00
5.083140e+00 2.450000e+01 8.891134e-01
5.853958e+00 5.000000e-01 2.475324e+01
5.853825e+00 1.500000e+00 2.509378e+01
5.852804e+00 2.500000e+00 2.231931e+01
5.854033e+00 3.500000e+00 1.848262e+01
5.853484e+00 4.500000e+00 1.659917e+01
5.853304e+00 5.500000e+00 1.582099e+01
5.853617e+00 6.500000e+00 1.476869e+01
5.851899e+00 7.500000e+00 1.153690e+01
5.853388e+00 8.500000e+00 9.775087e+00
5.853772e+00 9.500000e+00 1.003705e+01
5.852243e+00 1.050000e+01 1.002173e+01
5.851721e+00 1.150000e+01 9.694578e+00
5.853389e+00 1.250000e+01 1.075545e+01
5.853348e+00 1.350000e+01 1.096071e+01
5.854498e+00 1.450000e+01 9.806845e+00
5.854718e+00 1.550000e+01 8.548395e+00
5.853404e+00 1.650000e+01 9.805224e+00
5.854775e+00 1.750000e+01 9.275992e+00
5.852811e+00 1.850000e+01 8.851259e+00
5.854548e+00 1.950000e+01 8.789132e+00
5.853884e+00 2.050000e+01 6.265909e+00
5.854055e+00 2.150000e+01 4.920444e+00
5.853310e+00 2.250000e+01 2.772182e+00
5.854230e+00 2.350000e+01 2.064418e+00
5.852009e+00 2.450000e+01 7.088326e-01
6.740619e+00 5.000000e-01 2.435952e+01
6.739129e+00 1.500000e+00 2.472688e+01
6.740400e+00 2.500000e+00 2.126688e+01
6.741593e+00 3.500000e+00 1.848691e+01
6.739125e+00 4.500000e+00 1.719754e+01
6.738924e+00 5.500000e+00 1.346080e+01
6.740863e+00 6.500000e+00 1.439490e+01
6.741541e+00 7.500000e+00 1.164690e+01
6.740343e+00 8.500000e+00 9.901822e+00
6.739789e+00 9.500000e+00 8.510126e+00
6.740752e+00 1.050000e+01 8.913892e+00
6.739931e+00 1.150000e+01 8.535088e+00
6.740748e+00 1.250000e+01 1.055391e+01
6.739865e+00 1.350000e+01 1.085497e+01
6.739964e+00 1.450000e+01 1.006009e+01
6.739825e+00 1.550000e+01 8.830748e+00
6.739998e+00 1.650000e+01 9.031768e+00
6.740237e+00 1.750000e+01 9.954594e+00
6.739963e+00 1.850000e+01 8.563616e+00
6.739676e+00 1.950000e+01 7.781088e+00
6.740917e+00 2.050000e+01 6.424417e+00
6.739944e+00 2.150000e+01 4.523825e+00
6.740670e+00 2.250000e+01 2.733543e+00
6.739798e+00 2.350000e+01 1.543490e+00
6.740713e+00 2.450000e+01 8.141909e-01
7.761599e+00 5.000000e-01 2.142378e+01
7.760171e+00 1.500000e+00 1.962011e+01
7.762804e+00 2.500000e+00 1.970964e+01
7.761910e+00 3.500000e+00 1.854510e+01
7.760713e+00 4.500000e+00 1.459936e+01
7.760337e+00 5.500000e+00 1.260928e+01
7.762111e+00 6.500000e+00 9.609791e+00
7.761627e+00 7.500000e+00 1.202313e+01
7.762635e+00 8.500000e+00 1.188779e+01
7.758715e+00 9.500000e+00 1.032764e+01
7.761154e+00 1.050000e+01 8.615344e+00
7.759679e+00 1.150000e+01 9.226583e+00
7.761546e+00 1.250000e+01 1.021221e+01
7.761610e+00 1.350000e+01 1.050822e+01
7.758962e+00 1.450000e+01 1.024848e+01
7.759204e+00 1.550000e+01 1.081040e+01
7.762552e+00 1.650000e+01 8.227132e+00
7.760937e+00 1.750000e+01 8.845130e+00
7.761084e+00 1.850000e+01 8.422558e+00
7.761666e+00 1.950000e+01 6.497730e+00
7.761040e+00 2.050000e+01 6.040373e+00
7.760360e+00 2.150000e+01 4.472195e+00
7.761096e+00 2.250000e+01 2.460692e+00
7.760711e+00 2.350000e+01 1.441300e+00
7.759739e+00 2.450000e+01 5.176197e-01
8.935752e+00 5.000000e-01 1.678129e+01
8.936203e+00 1.500000e+00 1.514027e+01
8.936145e+00 2.500000e+00 1.641121e+01
8.936726e+00 3.500000e+00 1.593859e+01
8.935328e+00 4.500000e+00 1.433527e+01
8.936565e+00 5.500000e+00 1.056649e+01
8.936269e+00 6.500000e+00 1.063259e+01
8.935817e+00 7.500000e+00 9.894450e+00
8.936515e+00 8.500000e+00 1.174266e+01
8.936694e+00 9.500000e+00 1.056657e+01
8.937114e+00 1.050000e+01 8.455208e+00
8.936142e+00 1.150000e+01 8.661174e+00
8.936895e+00 1.250000e+01 9.141405e+00
8.936034e+00 1.350000e+01 9.111789e+00
8.936105e+00 1.450000e+01 9.988737e+00
8.935096e+00 1.550000e+01 8.727677e+00
8.936641e+00 1.650000e+01 8.894767e+00
8.936553e+00 1.750000e+01 7.243736e+00
8.936473e+00 1.850000e+01 6.955117e+00
8.936204e+00 1.950000e+01 6.112092e+00
8.937193e+00 2.050000e+01 4.775072e+00
8.936414e+00 2.150000e+01 4.473247e+00
8.936503e+00 2.250000e+01 2.039178e+00
8.935795e+00 2.350000e+01 1.186659e+00
8.935401e+00 2.450000e+01 1.664275e-01
1.029029e+01 5.000000e-01 1.666792e+01
1.029013e+01 1.500000e+00 1.729147e+01
1.028962e+01 2.500000e+00 1.545038e+01
1.028971e+01 3.500000e+00 1.365792e+01
1.028874e+01 4.500000e+00 1.210953e+01
1.029025e+01 5.500000e+00 1.100122e+01
1.028834e+01 6.500000e+00 9.564622e+00
1.029182e+01 7.500000e+00 9.371109e+00
1.028979e+01 8.500000e+00 8.833495e+00
1.029010e+01 9.500000e+00 9.574724e+00
1.029069e+01 1.050000e+01 9.404360e+00
1.029133e+01 1.150000e+01 8.277342e+00
1.029044e+01 1.250000e+01 7.903048e+00
1.028888e+01 1.350000e+01 7.907846e+00
1.029052e+01 1.450000e+01 8.427492e+00
1.029133e+01 1.550000e+01 8.461663e+00
1.028998e+01 1.650000e+01 7.866212e+00
1.029028e+01 1.750000e+01 7.194708e+00
1.028948e+01 1.850000e+01 5.218004e+00
1.029023e+01 1.950000e+01 4.734008e+00
1.029004e+01 2.050000e+01 4.189226e+00
1.028796e+01 2.150000e+01 3.078270e+00
1.029122e+01 2.250000e+01 2.208328e+00
1.029080e+01 2.350000e+01 8.271811e-01
1.028999e+01 2.450000e+01 -7.839126e-02
1.184808e+01 5.000000e-01 1.659132e+01
1.184845e+01 1.500000e+00 1.444802e+01
1.184835e+01 2.500000e+00 1.342222e+01
1.184722e+01 3.500000e+00 1.107640e+01
1.184967e+01 4.500000e+00 1.126159e+01
1.184829e+01 5.500000e+00 1.068241e+01
1.184866e+01 6.500000e+00 9.513454e+00
1.184961e+01 7.500000e+00 8.480649e+00
1.184797e+01 8.500000e+00 8.005993e+00
1.184922e+01 9.500000e+00 8.080074e+00
1.184881e+01 1.050000e+01 8.245111e+00
1.184757e+01 1.150000e+01 7.948022e+00
1.184962e+01 1.250000e+01 7.730126e+00
1.184926e+01 1.350000e+01 7.251876e+00
1.184849e+01 1.450000e+01 7.052409e+00
1.184763e+01 1.550000e+01 6.731572e+00
1.184936e+01 1.650000e+01 6.665131e+00
1.184878e+01 1.750000e+01 5.729037e+00
1.184814e+01 1.850000e+01 4.774435e+00
1.184855e+01 1.950000e+01 3.277117e+00
1.185042e+01 2.050000e+01 2.861247e+00
1.184897e+01 2.150000e+01 2.617523e+00
1.184884e+01 2.250000e+01 1.175103e+00
1.184815e+01 2.350000e+01 8.588201e-01
1.184734e+01 2.450000e+01 -2.112656e-01
1.364301e+01 5.000000e-01 1.344391e+01
1.364438e+01 1.500000e+00 1.215571e+01
1.364284e+01 2.500000e+00 1.088111e+01
1.364285e+01 3.500000e+00 1.086735e+01
1.364369e+01 4.500000e+00 1.045115e+01
1.364340e+01 5.500000e+00 9.148220e+00
1.364241e+01 6.500000e+00 8.132282e+00
1.364322e+01 7.500000e+00 7.025896e+00
1.364183e+01 8.500000e+00 6.742363e+00
1.364287e+01 9.500000e+00 6.554427e+00
1.364433e+01 1.050000e+01 5.678648e+00
1.364260e+01 1.150000e+01 5.762238e+00
1.364281e+01 1.250000e+01 5.818410e+00
1.364352e+01 1.350000e+01 5.488604e+00
1.364310e+01 1.450000e+01 5.069060e+00
1.364333e+01 1.550000e+01 4.463363e+00
1.364257e+01 1.650000e+01 4.057788e+00
1.364371e+01 1.750000e+01 4.942138e+00
1.364400e+01 1.850000e+01 4.049256e+00
1.364304e+01 1.950000e+01 2.998462e+00
1.364395e+01 2.050000e+01 1.842525e+00
1.364471e+01 2.150000e+01 1.128577e+00
1.364453e+01 2.250000e+01 9.772793e-01
1.364364e+01 2.350000e+01 2.428972e-01
1.364333e+01 2.450000e+01 -2.434455e-01
1.571151e+01 5.000000e-01 1.089668e+01
1.570937e+01 1.500000e+00 1.061897e+01
1.570952e+01 2.500000e+00 1.077724e+01
1.570872e+01 3.500000e+00 9.453575e+00
1.570886e+01 4.500000e+00 8.430677e+00
1.571030e+01 5.500000e+00 7.589489e+00
1.571029e+01 6.500000e+00 6.585948e+00
1.570971e+01 7.500000e+00 5.868778e+00
1.570858e+01 8.500000e+00 5.836121e+00
1.570898e+01 9.500000e+00 5.042668e+00
1.571091e+01 1.050000e+01 4.448434e+00
1.571049e+01 1.150000e+01 4.240668e+00
1.570965e+01 1.250000e+01 4.392256e+00
1.570996e+01 1.350000e+01 4.135576e+00
1.570967e+01 1.450000e+01 3.492895e+00
1.570934e+01 1.550000e+01 2.552095e+00
1.570975e+01 1.650000e+01 2.637767e+00
1.571063e+01 1.750000e+01 2.228566e+00
1.571094e+01 1.850000e+01 2.325708e+00
1.571013e+01 1.950000e+01 2.091541e+00
1.570960e+01 2.050000e+01 1.470417e+00
1.571057e+01 2.150000e+01 8.285241e-01
1.571056e+01 2.250000e+01 -2.192717e-01
1.570864e+01 2.350000e+01 -1.878461e-01
1.570998e+01 2.450000e+01 -5.024290e-01
1.808897e+01 5.000000e-01 9.224030e+00
1.808987e+01 1.500000e+00 8.433723e+00
1.809002e+01 2.500000e+00 8.147216e+00
1.808982e+01 3.500000e+00 7.529672e+00
1.808866e+01 4.500000e+00 7.191856e+00
1.808901e+01 5.500000e+00 6.770208e+00
1.808982e+01 6.500000e+00 6.540409e+00
1.808947e+01 7.500000e+00 5.977546e+00
1.808968e+01 8.500000e+00 5.387855e+00
1.809025e+01 9.500000e+00 4.723218e+00
1.808996e+01 1.050000e+01 4.029562e+00
1.808872e+01 1.150000e+01 3.045806e+00
1.808927e+01 1.250000e+01 2.389451e+00
1.808821e+01 1.350000e+01 1.981955e+00
1.809004e+01 1.450000e+01 1.852195e+00
1.808990e+01 1.550000e+01 1.749865e+00
1.809055e+01 1.650000e+01 1.147436e+00
1.809081e+01 1.750000e+01 6.338082e-01
1.808974e+01 1.850000e+01 1.775082e-01
1.808886e+01 1.950000e+01 -2.913268e-01
1.808929e+01 2.050000e+01 -2.257897e-01
1.808857e+01 2.150000e+01 4.740960e-02
1.808831e+01 2.250000e+01 -4.255313e-01
1.808825e+01 2.350000e+01 -9.564681e-01
1.808857e+01 2.450000e+01 -1.347021e+00
2.082741e+01 5.000000e-01 6.942854e+00
2.082973e+01 1.500000e+00 6.254928e+00
2.082992e+01 2.500000e+00 5.719894e+00
2.082970e+01 3.500000e+00 5.261571e+00
2.082935e+01 4.500000e+00 5.227591e+00
2.083000e+01 5.500000e+00 5.230323e+00
2.082938e+01 6.500000e+00 4.636175e+00
2.082868e+01 7.500000e+00 4.183991e+00
2.082957e+01 8.500000e+00 3.629769e+00
2.082943e+01 9.500000e+00 2.877412e+00
2.082859e+01 1.050000e+01 2.024885e+00
2.083061e+01 1.150000e+01 1.770004e+00
2.082855e+01 1.250000e+01 1.141719e+00
2.082810e+01 1.350000e+01 3.349441e-01
2.082785e+01 1.450000e+01 -3.188538e-02
2.082881e+01 1.550000e+01 -1.824337e-01
2.082949e+01 1.650000e+01 -9.721320e-02
2.082984e+01 1.750000e+01 -1.312620e-01
2.082840e+01 1.850000e+01 -7.938027e-01
2.082895e+01 1.950000e+01 -1.193705e+00
2.082801e+01 2.050000e+01 -1.388405e+00
2.083003e+01 2.150000e+01 -1.536726e+00
2.082892e+01 2.250000e+01 -1.567501e+00
2.082919e+01 2.350000e+01 -1.426734e+00
2.082816e+01 2.450000e+01 -1.472979e+00
2.398511e+01 5.000000e-01 3.619861e+00
2.398509e+01 1.500000e+00 3.491627e+00
2.398440e+01 2.500000e+00 3.395939e+00
2.398251e+01 3.500000e+00 3.072373e+00
2.398389e+01 4.500000e+00 2.358325e+00
2.398595e+01 5.500000e+00 1.700662e+00
2.398274e+01 6.500000e+00 1.264172e+00
2.398520e+01 7.500000e+00 1.106962e+00
2.398501e+01 8.500000e+00 9.093145e-01
2.398479e+01 9.500000e+00 7.239620e-01
2.398421e+01 1.050000e+01 3.642475e-01
2.398385e+01 1.150000e+01 1.064521e-01
2.398274e+01 1.250000e+01 -3.522258e-01
2.398482e+01 1.350000e+01 -6.077652e-01
2.398376e+01 1.450000e+01 -1.017181e+00
2.398446e+01 1.550000e+01 -1.491619e+00
2.398593e+01 1.650000e+01 -1.746895e+00
2.398496e+01 1.750000e+01 -1.626387e+00
2.398242e+01 1.850000e+01 -1.604512e+00
2.398443e+01 1.950000e+01 -1.641876e+00
2.398346e+01 2.050000e+01 -1.904651e+00
2.398580e+01 2.150000e+01 -2.102626e+00
2.398480e+01 2.250000e+01 -2.220565e+00
2.398302e+01 2.350000e+01 -2.253788e+00
2.398296e+01 2.450000e+01 -2.050774e+00
2.761739e+01 5.000000e-01 1.491209e+00
2.761612e+01 1.500000e+00 1.350483e+00
2.761691e+01 2.500000e+00 1.102152e+00
2.761506e+01 3.500000e+00 8.176651e-01
2.761561e+01 4.500000e+00 5.533876e-01
2.761652e+01 5.500000e+00 2.886033e-01
2.761715e+01 6.500000e+00 -9.072003e-02
2.761675e+01 7.500000e+00 -5.576774e-01
2.761572e+01 8.500000e+00 -8.709356e-01
2.761706e+01 9.500000e+00 -1.003357e+00
2.761738e+01 1.050000e+01 -1.046751e+00
2.761459e+01 1.150000e+01 -1.176001e+00
2.761683e+01 1.250000e+01 -1.223853e+00
2.761652e+01 1.350000e+01 -1.354255e+00
2.761701e+01 1.450000e+01 -1.468947e+00
2.761758e+01 1.550000e+01 -1.673663e+00
2.761726e+01 1.650000e+01 -1.777255e+00
2.761709e+01 1.750000e+01 -2.084568e+00
2.761633e+01 1.850000e+01 -2.298215e+00
2.761706e+01 1.950000e+01 -2.408138e+00
2.761793e+01 2.050000e+01 -2.131718e+00
2.761602e+01 2.150000e+01 -1.959955e+00
2.761690e+01 2.250000e+01 -1.929051e+00
2.761585e+01 2.350000e+01 -2.111190e+00
2.761630e+01 2.450000e+01 -2.122277e+00
