2.055462e-01 5.000000e-01 1.785833e+01
6.647193e-01 1.500000e+00 3.198406e+01
6.645814e-01 2.500000e+00 2.273023e+01
6.699167e-01 3.500000e+00 1.676003e+01
6.672485e-01 4.500000e+00 1.191572e+01
6.684134e-01 5.500000e+00 9.880552e+00
6.660818e-01 6.500000e+00 9.692559e+00
6.685137e-01 7.500000e+00 1.097390e+01
6.670930e-01 8.500000e+00 1.033996e+01
6.679416e-01 9.500000e+00 8.513834e+00
6.654328e-01 1.050000e+01 3.678128e+00
6.660139e-01 1.150000e+01 3.471269e+00
6.665132e-01 1.250000e+01 5.293910e+00
6.655102e-01 1.350000e+01 5.458320e+00
6.659215e-01 1.450000e+01 3.485901e+00
6.643634e-01 1.550000e+01 1.756707e+00
6.661591e-01 1.650000e+01 2.353779e-01
6.666850e-01 1.750000e+01 -5.915110e-01
6.677620e-01 1.850000e+01 2.382920e+00
6.661214e-01 1.950000e+01 3.707907e+00
6.660975e-01 2.050000e+01 4.342097e+00
6.663424e-01 2.150000e+01 4.185817e+00
6.659542e-01 2.250000e+01 2.313651e+00
6.660808e-01 2.350000e+01 1.453232e+00
6.648719e-01 2.450000e+01 4.983340e-01
1.554763e+00 5.000000e-01 2.354974e+01
1.555465e+00 1.500000e+00 1.994164e+01
1.555187e+00 2.500000e+00 1.431328e+01
1.555622e+00 3.500000e+00 1.033592e+01
1.552766e+00 4.500000e+00 7.046081e+00
1.555252e+00 5.500000e+00 6.378169e+00
1.555312e+00 6.500000e+00 6.853276e+00
1.555683e+00 7.500000e+00 7.214268e+00
1.554896e+00 8.500000e+00 6.806478e+00
1.556937e+00 9.500000e+00 5.007003e+00
1.556403e+00 1.050000e+01 5.104435e+00
1.556385e+00 1.150000e+01 4.754417e+00
1.553621e+00 1.250000e+01 4.779869e+00
1.555772e+00 1.350000e+01 4.747105e+00
1.558318e+00 1.450000e+01 4.291315e+00
1.554204e+00 1.550000e+01 2.756116e+00
1.554715e+00 1.650000e+01 3.151405e-01
1.555742e+00 1.750000e+01 2.511131e-01
1.555931e+00 1.850000e+01 1.573117e+00
1.555762e+00 1.950000e+01 4.386402e+00
1.555864e+00 2.050000e+01 4.922243e+00
1.556970e+00 2.150000e+01 3.478410e+00
1.554829e+00 2.250000e+01 1.790725e+00
1.556114e+00 2.350000e+01 1.030697e+00
1.557021e+00 2.450000e+01 7.321872e-01
2.534757e+00 5.000000e-01 1.679030e+01
2.536168e+00 1.500000e+00 1.476264e+01
2.532412e+00 2.500000e+00 1.043617e+01
2.533425e+00 3.500000e+00 6.793340e+00
2.534575e+00 4.500000e+00 5.844686e+00
2.533691e+00 5.500000e+00 4.729518e+00
2.532640e+00 6.500000e+00 5.274829e+00
2.532654e+00 7.500000e+00 4.991442e+00
2.533520e+00 8.500000e+00 5.221957e+00
2.534309e+00 9.500000e+00 5.158780e+00
2.532774e+00 1.050000e+01 4.655378e+00
2.533056e+00 1.150000e+01 4.306233e+00
2.532877e+00 1.250000e+01 3.576933e+00
2.533572e+00 1.350000e+01 3.406043e+00
2.532292e+00 1.450000e+01 3.267485e+00
2.533336e+00 1.550000e+01 2.000275e+00
2.533671e+00 1.650000e+01 1.404950e+00
2.532695e+00 1.750000e+01 1.553497e+00
2.533252e+00 1.850000e+01 2.279104e+00
2.533424e+00 1.950000e+01 2.776360e+00
2.534917e+00 2.050000e+01 3.221692e+00
2.532934e+00 2.150000e+01 2.927143e+00
2.534227e+00 2.250000e+01 2.778201e+00
2.534029e+00 2.350000e+01 2.077787e+00
2.532949e+00 2.450000e+01 1.887689e+00
3.526113e+00 5.000000e-01 1.533939e+01
3.524111e+00 1.500000e+00 1.283594e+01
3.523991e+00 2.500000e+00 9.386215e+00
3.524396e+00 3.500000e+00 7.355073e+00
3.525250e+00 4.500000e+00 6.235462e+00
3.523072e+00 5.500000e+00 6.501695e+00
3.524037e+00 6.500000e+00 5.124361e+00
3.524506e+00 7.500000e+00 5.240019e+00
3.524510e+00 8.500000e+00 4.988180e+00
3.523458e+00 9.500000e+00 5.452674e+00
3.524889e+00 1.050000e+01 4.628409e+00
3.524827e+00 1.150000e+01 3.803540e+00
3.524963e+00 1.250000e+01 3.576594e+00
3.523005e+00 1.350000e+01 3.244893e+00
3.524606e+00 1.450000e+01 1.425833e+00
3.523864e+00 1.550000e+01 1.177865e+00
3.523248e+00 1.650000e+01 2.178230e+00
3.522963e+00 1.750000e+01 2.663144e+00
3.522862e+00 1.850000e+01 2.441539e+00
3.525381e+00 1.950000e+01 1.930607e+00
3.524639e+00 2.050000e+01 1.884854e+00
3.523780e+00 2.150000e+01 2.416548e+00
3.523924e+00 2.250000e+01 2.198743e+00
3.525549e+00 2.350000e+01 2.435920e+00
3.522716e+00 2.450000e+01 2.693418e+00
4.517850e+00 5.000000e-01 1.234218e+01
4.519863e+00 1.500000e+00 1.041195e+01
4.520392e+00 2.500000e+00 9.109521e+00
4.518548e+00 3.500000e+00 7.115430e+00
4.519323e+00 4.500000e+00 6.372560e+00
4.519240e+00 5.500000e+00 5.797246e+00
4.518710e+00 6.500000e+00 5.041909e+00
4.517631e+00 7.500000e+00 4.174222e+00
4.518634e+00 8.500000e+00 4.128640e+00
4.518652e+00 9.500000e+00 4.062930e+00
4.519419e+00 1.050000e+01 4.819285e+00
4.517969e+00 1.150000e+01 4.704207e+00
4.517108e+00 1.250000e+01 4.010791e+00
4.518624e+00 1.350000e+01 2.298810e+00
4.517525e+00 1.450000e+01 1.897372e+00
4.517828e+00 1.550000e+01 1.869324e+00
4.519423e+00 1.650000e+01 2.436907e+00
4.519006e+00 1.750000e+01 2.700824e+00
4.517028e+00 1.850000e+01 2.353885e+00
4.518397e+00 1.950000e+01 1.758203e+00
4.517754e+00 2.050000e+01 1.791352e+00
4.518635e+00 2.150000e+01 2.281951e+00
4.519023e+00 2.250000e+01 2.996097e+00
4.518577e+00 2.350000e+01 2.874179e+00
4.519220e+00 2.450000e+01 3.195255e+00
5.514828e+00 5.000000e-01 1.187001e+01
5.514813e+00 1.500000e+00 1.054830e+01
5.514843e+00 2.500000e+00 8.480765e+00
5.515903e+00 3.500000e+00 7.330222e+00
5.515452e+00 4.500000e+00 6.381663e+00
5.516357e+00 5.500000e+00 5.628775e+00
5.515443e+00 6.500000e+00 5.645349e+00
5.515340e+00 7.500000e+00 5.080923e+00
5.515558e+00 8.500000e+00 4.602402e+00
5.515272e+00 9.500000e+00 3.962535e+00
5.514398e+00 1.050000e+01 3.932656e+00
5.516203e+00 1.150000e+01 4.011600e+00
5.514529e+00 1.250000e+01 2.541482e+00
5.514671e+00 1.350000e+01 1.686127e+00
5.514690e+00 1.450000e+01 1.755722e+00
5.515445e+00 1.550000e+01 2.616245e+00
5.515758e+00 1.650000e+01 2.615412e+00
5.514275e+00 1.750000e+01 2.881265e+00
5.515283e+00 1.850000e+01 2.289572e+00
5.514572e+00 1.950000e+01 2.536200e+00
5.514419e+00 2.050000e+01 2.615085e+00
5.514478e+00 2.150000e+01 2.843765e+00
5.514662e+00 2.250000e+01 2.974598e+00
5.515313e+00 2.350000e+01 3.390311e+00
5.514971e+00 2.450000e+01 3.342521e+00
6.513492e+00 5.000000e-01 1.140168e+01
6.512882e+00 1.500000e+00 1.100287e+01
6.513037e+00 2.500000e+00 9.052568e+00
6.513813e+00 3.500000e+00 7.712802e+00
6.513505e+00 4.500000e+00 6.233331e+00
6.512903e+00 5.500000e+00 5.610814e+00
6.513335e+00 6.500000e+00 5.065755e+00
6.512494e+00 7.500000e+00 5.346358e+00
6.513365e+00 8.500000e+00 4.143634e+00
6.513153e+00 9.500000e+00 4.084675e+00
6.513426e+00 1.050000e+01 3.364347e+00
6.512672e+00 1.150000e+01 2.760587e+00
6.512420e+00 1.250000e+01 2.463714e+00
6.513890e+00 1.350000e+01 2.214405e+00
6.512671e+00 1.450000e+01 2.355583e+00
6.512805e+00 1.550000e+01 2.455601e+00
6.514023e+00 1.650000e+01 2.853803e+00
6.512280e+00 1.750000e+01 2.675571e+00
6.513549e+00 1.850000e+01 3.111920e+00
6.512724e+00 1.950000e+01 2.867153e+00
6.514043e+00 2.050000e+01 2.717065e+00
6.513069e+00 2.150000e+01 2.587179e+00
6.513133e+00 2.250000e+01 3.023753e+00
6.512872e+00 2.350000e+01 3.508840e+00
6.512321e+00 2.450000e+01 3.843442e+00
7.511839e+00 5.000000e-01 9.626783e+00
7.511271e+00 1.500000e+00 9.493862e+00
7.510896e+00 2.500000e+00 9.185573e+00
7.511693e+00 3.500000e+00 7.021036e+00
7.511647e+00 4.500000e+00 5.885107e+00
7.511621e+00 5.500000e+00 4.805252e+00
7.510938e+00 6.500000e+00 4.493520e+00
7.510284e+00 7.500000e+00 3.894592e+00
7.511147e+00 8.500000e+00 3.804985e+00
7.511964e+00 9.500000e+00 3.145287e+00
7.511675e+00 1.050000e+01 2.440126e+00
7.511089e+00 1.150000e+01 1.508597e+00
7.510324e+00 1.250000e+01 1.613437e+00
7.510995e+00 1.350000e+01 2.251502e+00
7.510936e+00 1.450000e+01 2.258152e+00
7.511144e+00 1.550000e+01 2.113184e+00
7.511068e+00 1.650000e+01 2.457295e+00
7.511806e+00 1.750000e+01 2.791269e+00
7.510570e+00 1.850000e+01 2.958037e+00
7.510957e+00 1.950000e+01 3.464790e+00
7.510937e+00 2.050000e+01 3.364048e+00
7.511437e+00 2.150000e+01 3.312551e+00
7.511456e+00 2.250000e+01 3.810916e+00
7.512079e+00 2.350000e+01 4.222864e+00
7.510517e+00 2.450000e+01 4.138107e+00
8.509979e+00 5.000000e-01 1.007831e+01
8.509641e+00 1.500000e+00 9.617801e+00
8.510184e+00 2.500000e+00 8.819933e+00
8.509564e+00 3.500000e+00 7.896245e+00
8.509119e+00 4.500000e+00 6.106845e+00
8.510382e+00 5.500000e+00 4.915581e+00
8.509913e+00 6.500000e+00 4.066265e+00
8.508977e+00 7.500000e+00 4.111244e+00
8.509356e+00 8.500000e+00 3.987306e+00
8.509687e+00 9.500000e+00 2.761181e+00
8.509764e+00 1.050000e+01 1.726646e+00
8.508926e+00 1.150000e+01 9.713150e-01
8.510865e+00 1.250000e+01 9.851737e-01
8.509301e+00 1.350000e+01 1.528729e+00
8.510259e+00 1.450000e+01 1.988240e+00
8.509254e+00 1.550000e+01 2.104620e+00
8.509938e+00 1.650000e+01 1.758611e+00
8.509332e+00 1.750000e+01 2.404004e+00
8.509902e+00 1.850000e+01 3.358574e+00
8.510013e+00 1.950000e+01 3.813113e+00
8.509445e+00 2.050000e+01 4.212516e+00
8.509160e+00 2.150000e+01 4.279670e+00
8.510667e+00 2.250000e+01 4.096876e+00
8.509684e+00 2.350000e+01 4.245743e+00
8.510143e+00 2.450000e+01 4.246682e+00
9.508792e+00 5.000000e-01 9.156947e+00
9.508787e+00 1.500000e+00 8.556477e+00
9.508601e+00 2.500000e+00 8.308892e+00
9.507796e+00 3.500000e+00 7.922888e+00
9.508118e+00 4.500000e+00 6.664224e+00
9.508683e+00 5.500000e+00 5.455397e+00
9.508329e+00 6.500000e+00 4.478824e+00
9.509207e+00 7.500000e+00 3.504230e+00
9.508622e+00 8.500000e+00 2.939263e+00
9.508465e+00 9.500000e+00 2.428673e+00
9.508883e+00 1.050000e+01 1.198284e+00
9.508421e+00 1.150000e+01 1.455200e+00
9.509207e+00 1.250000e+01 1.601178e+00
9.508660e+00 1.350000e+01 1.776249e+00
9.507860e+00 1.450000e+01 2.116980e+00
9.508606e+00 1.550000e+01 2.014466e+00
9.509006e+00 1.650000e+01 2.417657e+00
9.508974e+00 1.750000e+01 2.880225e+00
9.508736e+00 1.850000e+01 3.504214e+00
9.507917e+00 1.950000e+01 3.944462e+00
9.509382e+00 2.050000e+01 4.435090e+00
9.509298e+00 2.150000e+01 4.729139e+00
9.508017e+00 2.250000e+01 4.439799e+00
9.508774e+00 2.350000e+01 3.943803e+00
9.509068e+00 2.450000e+01 4.020331e+00
1.050782e+01 5.000000e-01 7.423918e+00
1.050806e+01 1.500000e+00 7.378530e+00
1.050886e+01 2.500000e+00 7.047582e+00
1.050903e+01 3.500000e+00 6.813729e+00
1.050797e+01 4.500000e+00 6.616485e+00
1.050844e+01 5.500000e+00 5.444449e+00
1.050770e+01 6.500000e+00 4.408842e+00
1.050685e+01 7.500000e+00 3.393254e+00
1.050832e+01 8.500000e+00 2.352138e+00
1.050828e+01 9.500000e+00 1.918370e+00
1.050782e+01 1.050000e+01 2.090865e+00
1.050754e+01 1.150000e+01 1.686703e+00
1.050872e+01 1.250000e+01 2.105328e+00
1.050761e+01 1.350000e+01 2.078464e+00
1.050759e+01 1.450000e+01 2.144339e+00
1.050843e+01 1.550000e+01 2.533272e+00
1.050838e+01 1.650000e+01 2.849338e+00
1.050798e+01 1.750000e+01 3.053610e+00
1.050806e+01 1.850000e+01 3.461020e+00
1.050800e+01 1.950000e+01 4.218853e+00
1.050867e+01 2.050000e+01 4.584516e+00
1.050781e+01 2.150000e+01 4.703869e+00
1.050742e+01 2.250000e+01 4.519359e+00
1.050804e+01 2.350000e+01 4.104687e+00
1.050734e+01 2.450000e+01 3.699184e+00
1.150685e+01 5.000000e-01 6.153003e+00
1.150718e+01 1.500000e+00 5.757067e+00
1.150708e+01 2.500000e+00 5.203686e+00
1.150682e+01 3.500000e+00 4.977756e+00
1.150725e+01 4.500000e+00 5.049377e+00
1.150801e+01 5.500000e+00 4.834176e+00
1.150673e+01 6.500000e+00 4.096490e+00
1.150711e+01 7.500000e+00 3.000571e+00
1.150693e+01 8.500000e+00 1.849053e+00
1.150733e+01 9.500000e+00 1.561427e+00
1.150645e+01 1.050000e+01 2.026821e+00
1.150596e+01 1.150000e+01 2.330231e+00
1.150755e+01 1.250000e+01 1.899804e+00
1.150704e+01 1.350000e+01 2.030654e+00
1.150657e+01 1.450000e+01 1.962290e+00
1.150735e+01 1.550000e+01 2.415499e+00
1.150736e+01 1.650000e+01 2.902091e+00
1.150749e+01 1.750000e+01 3.244863e+00
1.150697e+01 1.850000e+01 3.407436e+00
1.150783e+01 1.950000e+01 3.883476e+00
1.150728e+01 2.050000e+01 4.403047e+00
1.150706e+01 2.150000e+01 4.347164e+00
1.150779e+01 2.250000e+01 4.293758e+00
1.150598e+01 2.350000e+01 3.979185e+00
1.150747e+01 2.450000e+01 3.489742e+00
1.250592e+01 5.000000e-01 6.606765e+00
1.250628e+01 1.500000e+00 6.148823e+00
1.250704e+01 2.500000e+00 5.709814e+00
1.250628e+01 3.500000e+00 5.053145e+00
1.250755e+01 4.500000e+00 4.714343e+00
1.250608e+01 5.500000e+00 4.731668e+00
1.250725e+01 6.500000e+00 3.734218e+00
1.250642e+01 7.500000e+00 2.683965e+00
1.250637e+01 8.500000e+00 2.147425e+00
1.250691e+01 9.500000e+00 1.549405e+00
1.250629e+01 1.050000e+01 1.546434e+00
1.250712e+01 1.150000e+01 2.025384e+00
1.250648e+01 1.250000e+01 1.947762e+00
1.250658e+01 1.350000e+01 1.638299e+00
1.250677e+01 1.450000e+01 2.007870e+00
1.250667e+01 1.550000e+01 2.420077e+00
1.250660e+01 1.650000e+01 2.709643e+00
1.250655e+01 1.750000e+01 2.889772e+00
1.250647e+01 1.850000e+01 3.377762e+00
1.250648e+01 1.950000e+01 3.638212e+00
1.250682e+01 2.050000e+01 3.860988e+00
1.250778e+01 2.150000e+01 4.256522e+00
1.250742e+01 2.250000e+01 3.947432e+00
1.250660e+01 2.350000e+01 3.646323e+00
1.250762e+01 2.450000e+01 3.273347e+00
1.350586e+01 5.000000e-01 6.656256e+00
1.350649e+01 1.500000e+00 6.678250e+00
1.350631e+01 2.500000e+00 6.309751e+00
1.350658e+01 3.500000e+00 5.800851e+00
1.350638e+01 4.500000e+00 4.932488e+00
1.350637e+01 5.500000e+00 3.754651e+00
1.350603e+01 6.500000e+00 3.181512e+00
1.350614e+01 7.500000e+00 2.336750e+00
1.350599e+01 8.500000e+00 1.881135e+00
1.350640e+01 9.500000e+00 1.849081e+00
1.350668e+01 1.050000e+01 1.584549e+00
1.350621e+01 1.150000e+01 1.496359e+00
1.350601e+01 1.250000e+01 1.989606e+00
1.350509e+01 1.350000e+01 2.195837e+00
1.350575e+01 1.450000e+01 2.257631e+00
1.350551e+01 1.550000e+01 2.423851e+00
1.350666e+01 1.650000e+01 2.678520e+00
1.350649e+01 1.750000e+01 3.137624e+00
1.350694e+01 1.850000e+01 3.234854e+00
1.350645e+01 1.950000e+01 3.310569e+00
1.350557e+01 2.050000e+01 3.478748e+00
1.350586e+01 2.150000e+01 3.666833e+00
1.350553e+01 2.250000e+01 3.882304e+00
1.350615e+01 2.350000e+01 3.653588e+00
1.350617e+01 2.450000e+01 3.153723e+00
1.450589e+01 5.000000e-01 6.551048e+00
1.450561e+01 1.500000e+00 6.505195e+00
1.450541e+01 2.500000e+00 6.337138e+00
1.450560e+01 3.500000e+00 5.610908e+00
1.450547e+01 4.500000e+00 4.429360e+00
1.450530e+01 5.500000e+00 3.332454e+00
1.450623e+01 6.500000e+00 2.472483e+00
1.450608e+01 7.500000e+00 2.156882e+00
1.450600e+01 8.500000e+00 1.895377e+00
1.450590e+01 9.500000e+00 1.876686e+00
1.450622e+01 1.050000e+01 1.764040e+00
1.450589e+01 1.150000e+01 1.501232e+00
1.450520e+01 1.250000e+01 1.594885e+00
1.450573e+01 1.350000e+01 2.176544e+00
1.450578e+01 1.450000e+01 2.338117e+00
1.450626e+01 1.550000e+01 2.456792e+00
1.450527e+01 1.650000e+01 2.690873e+00
1.450634e+01 1.750000e+01 3.237574e+00
1.450607e+01 1.850000e+01 3.300716e+00
1.450631e+01 1.950000e+01 3.274980e+00
1.450611e+01 2.050000e+01 3.161160e+00
1.450579e+01 2.150000e+01 3.283718e+00
1.450607e+01 2.250000e+01 3.391607e+00
1.450457e+01 2.350000e+01 3.374293e+00
1.450544e+01 2.450000e+01 3.013373e+00
1.550611e+01 5.000000e-01 6.293744e+00
1.550531e+01 1.500000e+00 6.206275e+00
1.550522e+01 2.500000e+00 5.745135e+00
1.550532e+01 3.500000e+00 5.128681e+00
1.550502e+01 4.500000e+00 4.214133e+00
1.550494e+01 5.500000e+00 3.084204e+00
1.550573e+01 6.500000e+00 2.284874e+00
1.550543e+01 7.500000e+00 2.233293e+00
1.550547e+01 8.500000e+00 2.275695e+00
1.550509e+01 9.500000e+00 1.924337e+00
1.550417e+01 1.050000e+01 1.508032e+00
1.550539e+01 1.150000e+01 1.197737e+00
1.550564e+01 1.250000e+01 1.339972e+00
1.550562e+01 1.350000e+01 1.831981e+00
1.550522e+01 1.450000e+01 2.299746e+00
1.550600e+01 1.550000e+01 2.538350e+00
1.550551e+01 1.650000e+01 2.828410e+00
1.550509e+01 1.750000e+01 2.910702e+00
1.550506e+01 1.850000e+01 3.313292e+00
1.550497e+01 1.950000e+01 3.202374e+00
1.550451e+01 2.050000e+01 3.231970e+00
1.550460e+01 2.150000e+01 2.969964e+00
1.550591e+01 2.250000e+01 2.928007e+00
1.550511e+01 2.350000e+01 2.884843e+00
1.550575e+01 2.450000e+01 2.691002e+00
1.650563e+01 5.000000e-01 5.905757e+00
1.650522e+01 1.500000e+00 5.729161e+00
1.650484e+01 2.500000e+00 5.392526e+00
1.650438e+01 3.500000e+00 4.906233e+00
1.650509e+01 4.500000e+00 4.140768e+00
1.650486e+01 5.500000e+00 3.292480e+00
1.650496e+01 6.500000e+00 2.691515e+00
1.650472e+01 7.500000e+00 2.359822e+00
1.650524e+01 8.500000e+00 2.058931e+00
1.650444e+01 9.500000e+00 1.472969e+00
1.650538e+01 1.050000e+01 1.027516e+00
1.650422e+01 1.150000e+01 8.824214e-01
1.650547e+01 1.250000e+01 9.860454e-01
1.650494e+01 1.350000e+01 1.243182e+00
1.650470e+01 1.450000e+01 1.866751e+00
1.650512e+01 1.550000e+01 2.338190e+00
1.650482e+01 1.650000e+01 2.810126e+00
1.650533e+01 1.750000e+01 2.739360e+00
1.650482e+01 1.850000e+01 2.731239e+00
1.650503e+01 1.950000e+01 3.107207e+00
1.650471e+01 2.050000e+01 2.958813e+00
1.650557e+01 2.150000e+01 2.915102e+00
1.650457e+01 2.250000e+01 2.627401e+00
1.650457e+01 2.350000e+01 2.500866e+00
1.650499e+01 2.450000e+01 2.385177e+00
1.750491e+01 5.000000e-01 5.621714e+00
1.750490e+01 1.500000e+00 5.295155e+00
1.750458e+01 2.500000e+00 5.081696e+00
1.750470e+01 3.500000e+00 4.531496e+00
1.750523e+01 4.500000e+00 3.945368e+00
1.750435e+01 5.500000e+00 3.473106e+00
1.750508e+01 6.500000e+00 3.151358e+00
1.750484e+01 7.500000e+00 2.397916e+00
1.750460e+01 8.500000e+00 1.824183e+00
1.750466e+01 9.500000e+00 1.221085e+00
1.750484e+01 1.050000e+01 6.815676e-01
1.750466e+01 1.150000e+01 8.511274e-01
1.750438e+01 1.250000e+01 6.954786e-01
1.750505e+01 1.350000e+01 6.144879e-01
1.750451e+01 1.450000e+01 1.062264e+00
1.750498e+01 1.550000e+01 1.824546e+00
1.750425e+01 1.650000e+01 2.149600e+00
1.750486e+01 1.750000e+01 2.559456e+00
1.750442e+01 1.850000e+01 2.495013e+00
1.750517e+01 1.950000e+01 2.560310e+00
1.750500e+01 2.050000e+01 2.778720e+00
1.750488e+01 2.150000e+01 2.625820e+00
1.750444e+01 2.250000e+01 2.459887e+00
1.750427e+01 2.350000e+01 2.134490e+00
1.750487e+01 2.450000e+01 2.011986e+00
1.850417e+01 5.000000e-01 4.856496e+00
1.850517e+01 1.500000e+00 4.943872e+00
1.850426e+01 2.500000e+00 4.607445e+00
1.850496e+01 3.500000e+00 4.269333e+00
1.850462e+01 4.500000e+00 3.978351e+00
1.850486e+01 5.500000e+00 3.857387e+00
1.850390e+01 6.500000e+00 3.377435e+00
1.850465e+01 7.500000e+00 2.590277e+00
1.850463e+01 8.500000e+00 1.677707e+00
1.850462e+01 9.500000e+00 1.343056e+00
1.850453e+01 1.050000e+01 1.039546e+00
1.850432e+01 1.150000e+01 4.302878e-01
1.850442e+01 1.250000e+01 3.774238e-01
1.850371e+01 1.350000e+01 4.703740e-01
1.850459e+01 1.450000e+01 6.871282e-01
1.850430e+01 1.550000e+01 1.149926e+00
1.850435e+01 1.650000e+01 1.640686e+00
1.850453e+01 1.750000e+01 2.029642e+00
1.850449e+01 1.850000e+01 2.417150e+00
1.850428e+01 1.950000e+01 2.265578e+00
1.850447e+01 2.050000e+01 2.404570e+00
1.850465e+01 2.150000e+01 2.324135e+00
1.850467e+01 2.250000e+01 2.106286e+00
1.850492e+01 2.350000e+01 1.858796e+00
1.850429e+01 2.450000e+01 1.675137e+00
1.950422e+01 5.000000e-01 4.573179e+00
1.950424e+01 1.500000e+00 4.656373e+00
1.950341e+01 2.500000e+00 4.406859e+00
1.950456e+01 3.500000e+00 4.175471e+00
1.950389e+01 4.500000e+00 4.187725e+00
1.950393e+01 5.500000e+00 3.938978e+00
1.950425e+01 6.500000e+00 3.289166e+00
1.950394e+01 7.500000e+00 2.754379e+00
1.950446e+01 8.500000e+00 2.002670e+00
1.950446e+01 9.500000e+00 1.334693e+00
1.950463e+01 1.050000e+01 1.047950e+00
1.950457e+01 1.150000e+01 4.944970e-01
1.950432e+01 1.250000e+01 2.255934e-01
1.950413e+01 1.350000e+01 5.561649e-01
1.950481e+01 1.450000e+01 7.185648e-01
1.950430e+01 1.550000e+01 7.685892e-01
1.950460e+01 1.650000e+01 1.213318e+00
1.950473e+01 1.750000e+01 1.506778e+00
1.950465e+01 1.850000e+01 1.943887e+00
1.950468e+01 1.950000e+01 2.239419e+00
1.950417e+01 2.050000e+01 1.990463e+00
1.950485e+01 2.150000e+01 2.105944e+00
1.950398e+01 2.250000e+01 1.863832e+00
1.950405e+01 2.350000e+01 1.601338e+00
1.950472e+01 2.450000e+01 1.396687e+00
2.050460e+01 5.000000e-01 4.299975e+00
2.050400e+01 1.500000e+00 4.207659e+00
2.050434e+01 2.500000e+00 4.266603e+00
2.050462e+01 3.500000e+00 4.227915e+00
2.050441e+01 4.500000e+00 3.986081e+00
2.050399e+01 5.500000e+00 3.577433e+00
2.050400e+01 6.500000e+00 3.261079e+00
2.050383e+01 7.500000e+00 2.531474e+00
2.050443e+01 8.500000e+00 2.009847e+00
2.050415e+01 9.500000e+00 1.426509e+00
2.050390e+01 1.050000e+01 7.705026e-01
2.050466e+01 1.150000e+01 6.618498e-01
2.050366e+01 1.250000e+01 4.115230e-01
2.050422e+01 1.350000e+01 3.115037e-01
2.050425e+01 1.450000e+01 3.428391e-01
2.050387e+01 1.550000e+01 3.976235e-01
2.050340e+01 1.650000e+01 6.085646e-01
2.050448e+01 1.750000e+01 1.189816e+00
2.050367e+01 1.850000e+01 1.335202e+00
2.050472e+01 1.950000e+01 1.775399e+00
2.050419e+01 2.050000e+01 1.946929e+00
2.050392e+01 2.150000e+01 1.718978e+00
2.050404e+01 2.250000e+01 1.713143e+00
2.050436e+01 2.350000e+01 1.410893e+00
2.050453e+01 2.450000e+01 1.264000e+00
2.150420e+01 5.000000e-01 4.107521e+00
2.150360e+01 1.500000e+00 3.826368e+00
2.150402e+01 2.500000e+00 3.739971e+00
2.150354e+01 3.500000e+00 3.947752e+00
2.150421e+01 4.500000e+00 3.732865e+00
2.150370e+01 5.500000e+00 3.549391e+00
2.150412e+01 6.500000e+00 3.088359e+00
2.150406e+01 7.500000e+00 2.804014e+00
2.150500e+01 8.500000e+00 2.303377e+00
2.150443e+01 9.500000e+00 1.786031e+00
2.150357e+01 1.050000e+01 1.465113e+00
2.150369e+01 1.150000e+01 1.333379e+00
2.150417e+01 1.250000e+01 1.263870e+00
2.150334e+01 1.350000e+01 7.444258e-01
2.150378e+01 1.450000e+01 7.226442e-01
2.150373e+01 1.550000e+01 6.784038e-01
2.150410e+01 1.650000e+01 5.279266e-01
2.150426e+01 1.750000e+01 6.844345e-01
2.150347e+01 1.850000e+01 1.166659e+00
2.150429e+01 1.950000e+01 1.308493e+00
2.150418e+01 2.050000e+01 1.621392e+00
2.150398e+01 2.150000e+01 1.612289e+00
2.150418e+01 2.250000e+01 1.453945e+00
2.150412e+01 2.350000e+01 1.366917e+00
2.150415e+01 2.450000e+01 1.053768e+00
2.250360e+01 5.000000e-01 3.795394e+00
2.250410e+01 1.500000e+00 3.735331e+00
2.250358e+01 2.500000e+00 3.654589e+00
2.250352e+01 3.500000e+00 3.602913e+00
2.250359e+01 4.500000e+00 3.666911e+00
2.250367e+01 5.500000e+00 3.399055e+00
2.250361e+01 6.500000e+00 3.165687e+00
2.250367e+01 7.500000e+00 2.836006e+00
2.250324e+01 8.500000e+00 2.590083e+00
2.250397e+01 9.500000e+00 2.248211e+00
2.250393e+01 1.050000e+01 1.870762e+00
2.250379e+01 1.150000e+01 1.491284e+00
2.250362e+01 1.250000e+01 1.437807e+00
2.250345e+01 1.350000e+01 1.164736e+00
2.250413e+01 1.450000e+01 7.158965e-01
2.250373e+01 1.550000e+01 5.934047e-01
2.250360e+01 1.650000e+01 6.269411e-01
2.250350e+01 1.750000e+01 6.068257e-01
2.250457e+01 1.850000e+01 7.585802e-01
2.250381e+01 1.950000e+01 9.802773e-01
2.250372e+01 2.050000e+01 1.091802e+00
2.250417e+01 2.150000e+01 1.317178e+00
2.250347e+01 2.250000e+01 1.184263e+00
2.250339e+01 2.350000e+01 1.123690e+00
2.250408e+01 2.450000e+01 1.012234e+00
2.350389e+01 5.000000e-01 3.233767e+00
2.350420e+01 1.500000e+00 3.629065e+00
2.350368e+01 2.500000e+00 3.667378e+00
2.350332e+01 3.500000e+00 3.497855e+00
2.350374e+01 4.500000e+00 3.438165e+00
2.350352e+01 5.500000e+00 3.324556e+00
2.350344e+01 6.500000e+00 3.068855e+00
2.350333e+01 7.500000e+00 2.873197e+00
2.350375e+01 8.500000e+00 2.610614e+00
2.350385e+01 9.500000e+00 2.241088e+00
2.350301e+01 1.050000e+01 2.011271e+00
2.350404e+01 1.150000e+01 1.660850e+00
2.350320e+01 1.250000e+01 1.238584e+00
2.350362e+01 1.350000e+01 1.190565e+00
2.350409e+01 1.450000e+01 7.922028e-01
2.350349e+01 1.550000e+01 5.390326e-01
2.350336e+01 1.650000e+01 3.915292e-01
2.350342e+01 1.750000e+01 3.848669e-01
2.350292e+01 1.850000e+01 4.977946e-01
2.350351e+01 1.950000e+01 6.247993e-01
2.350295e+01 2.050000e+01 6.806522e-01
2.350368e+01 2.150000e+01 7.891659e-01
2.350368e+01 2.250000e+01 9.984620e-01
2.350299e+01 2.350000e+01 8.327730e-01
2.350372e+01 2.450000e+01 8.776451e-01
2.450351e+01 5.000000e-01 3.179208e+00
2.450350e+01 1.500000e+00 3.267702e+00
2.450397e+01 2.500000e+00 3.521787e+00
2.450283e+01 3.500000e+00 3.315129e+00
2.450390e+01 4.500000e+00 3.120214e+00
2.450310e+01 5.500000e+00 3.045245e+00
2.450324e+01 6.500000e+00 3.035800e+00
2.450305e+01 7.500000e+00 2.764518e+00
2.450311e+01 8.500000e+00 2.456494e+00
2.450389e+01 9.500000e+00 2.354097e+00
2.450358e+01 1.050000e+01 2.066078e+00
2.450387e+01 1.150000e+01 1.751517e+00
2.450292e+01 1.250000e+01 1.335453e+00
2.450342e+01 1.350000e+01 9.443174e-01
2.450406e+01 1.450000e+01 9.340693e-01
2.450325e+01 1.550000e+01 4.326893e-01
2.450346e+01 1.650000e+01 2.954432e-01
2.450328e+01 1.750000e+01 2.338431e-01
2.450388e+01 1.850000e+01 1.874059e-01
2.450341e+01 1.950000e+01 3.917501e-01
2.450371e+01 2.050000e+01 4.712386e-01
2.450382e+01 2.150000e+01 4.439183e-01
2.450371e+01 2.250000e+01 6.086243e-01
2.450353e+01 2.350000e+01 7.315928e-01
2.450345e+01 2.450000e+01 5.791622e-01
