1.075732e+00 1.241005e+01
1.238665e+00 8.453705e+00
1.426277e+00 7.605835e+00
1.642305e+00 6.106051e+00
1.891054e+00 4.914948e+00
2.177479e+00 4.039077e+00
2.507286e+00 3.421450e+00
2.887047e+00 2.554548e+00
3.324328e+00 2.079177e+00
3.827841e+00 1.729139e+00
4.407617e+00 1.362775e+00
5.075209e+00 1.118362e+00
5.843915e+00 8.894135e-01
6.729052e+00 6.767600e-01
7.748255e+00 5.176085e-01
8.921829e+00 4.124070e-01
1.027316e+01 3.006377e-01
1.182916e+01 2.065907e-01
1.362084e+01 1.505908e-01
1.568389e+01 1.038221e-01
1.805942e+01 5.589521e-02
2.079476e+01 4.061580e-02
2.394440e+01 2.914695e-02
2.757109e+01 1.567915e-02
