1.682042e-01 5.000000e-01 3.796080e+01
6.645725e-01 1.500000e+00 5.326861e+01
6.687524e-01 2.500000e+00 3.484046e+01
6.686798e-01 3.500000e+00 2.679431e+01
6.684094e-01 4.500000e+00 2.179737e+01
6.678199e-01 5.500000e+00 2.464381e+01
6.694441e-01 6.500000e+00 3.116975e+01
6.687581e-01 7.500000e+00 2.936217e+01
6.667687e-01 8.500000e+00 2.458509e+01
6.683805e-01 9.500000e+00 1.591249e+01
6.662337e-01 1.050000e+01 1.381246e+01
6.654362e-01 1.150000e+01 1.034845e+01
6.682635e-01 1.250000e+01 1.920905e+01
6.663018e-01 1.350000e+01 1.699669e+01
6.660329e-01 1.450000e+01 1.512044e+01
6.603031e-01 1.550000e+01 1.384135e+01
6.666411e-01 1.650000e+01 8.199743e+00
6.693342e-01 1.750000e+01 3.050101e+00
6.639041e-01 1.850000e+01 4.824014e+00
6.690392e-01 1.950000e+01 3.704072e+00
6.633412e-01 2.050000e+01 2.447488e+00
6.674024e-01 2.150000e+01 3.563041e+00
6.666322e-01 2.250000e+01 2.700172e+00
6.648124e-01 2.350000e+01 4.338324e+00
6.641694e-01 2.450000e+01 2.859273e+00
1.555594e+00 5.000000e-01 5.377015e+01
1.553826e+00 1.500000e+00 3.855220e+01
1.555028e+00 2.500000e+00 3.297144e+01
1.553859e+00 3.500000e+00 2.133926e+01
1.555371e+00 4.500000e+00 1.723234e+01
1.556355e+00 5.500000e+00 2.213118e+01
1.556175e+00 6.500000e+00 2.199294e+01
1.558181e+00 7.500000e+00 2.173189e+01
1.554699e+00 8.500000e+00 2.123608e+01
1.557822e+00 9.500000e+00 1.952244e+01
1.560101e+00 1.050000e+01 1.408296e+01
1.553991e+00 1.150000e+01 1.038578e+01
1.556569e+00 1.250000e+01 1.015740e+01
1.555692e+00 1.350000e+01 1.604424e+01
1.558394e+00 1.450000e+01 1.443356e+01
1.554271e+00 1.550000e+01 8.247377e+00
1.561350e+00 1.650000e+01 4.241214e+00
1.555783e+00 1.750000e+01 6.122332e+00
1.556845e+00 1.850000e+01 4.711574e+00
1.555479e+00 1.950000e+01 6.040391e+00
1.556035e+00 2.050000e+01 5.981102e+00
1.557212e+00 2.150000e+01 4.807139e+00
1.556189e+00 2.250000e+01 4.491246e+00
1.556836e+00 2.350000e+01 3.392498e+00
1.553400e+00 2.450000e+01 2.049450e+00
2.534797e+00 5.000000e-01 3.632112e+01
2.530241e+00 1.500000e+00 3.118459e+01
2.534333e+00 2.500000e+00 2.429218e+01
2.530055e+00 3.500000e+00 2.337271e+01
2.533633e+00 4.500000e+00 2.571421e+01
2.536248e+00 5.500000e+00 2.104583e+01
2.534721e+00 6.500000e+00 1.906965e+01
2.531945e+00 7.500000e+00 1.854775e+01
2.534127e+00 8.500000e+00 1.745423e+01
2.532555e+00 9.500000e+00 1.574134e+01
2.533973e+00 1.050000e+01 1.176075e+01
2.533447e+00 1.150000e+01 1.225886e+01
2.534848e+00 1.250000e+01 9.893249e+00
2.531561e+00 1.350000e+01 1.014871e+01
2.535161e+00 1.450000e+01 1.204853e+01
2.535639e+00 1.550000e+01 8.211322e+00
2.535063e+00 1.650000e+01 9.445263e+00
2.532402e+00 1.750000e+01 7.997628e+00
2.533526e+00 1.850000e+01 8.121983e+00
2.533305e+00 1.950000e+01 7.435466e+00
2.533299e+00 2.050000e+01 6.033260e+00
2.532869e+00 2.150000e+01 6.899837e+00
2.532744e+00 2.250000e+01 4.947274e+00
2.533757e+00 2.350000e+01 2.990006e+00
2.531564e+00 2.450000e+01 1.471231e+00
3.525256e+00 5.000000e-01 3.218699e+01
3.523796e+00 1.500000e+00 2.615423e+01
3.523399e+00 2.500000e+00 2.143862e+01
3.524842e+00 3.500000e+00 2.382062e+01
3.524047e+00 4.500000e+00 2.413496e+01
3.525251e+00 5.500000e+00 1.942090e+01
3.524245e+00 6.500000e+00 1.682572e+01
3.521401e+00 7.500000e+00 1.619489e+01
3.522535e+00 8.500000e+00 1.469844e+01
3.521317e+00 9.500000e+00 1.270590e+01
3.523112e+00 1.050000e+01 1.469771e+01
3.524318e+00 1.150000e+01 1.131836e+01
3.523717e+00 1.250000e+01 1.008844e+01
3.522837e+00 1.350000e+01 7.630361e+00
3.521984e+00 1.450000e+01 5.586484e+00
3.523824e+00 1.550000e+01 8.067343e+00
3.524959e+00 1.650000e+01 9.526496e+00
3.523650e+00 1.750000e+01 9.661682e+00
3.523239e+00 1.850000e+01 7.978545e+00
3.522873e+00 1.950000e+01 8.526533e+00
3.523083e+00 2.050000e+01 6.745193e+00
3.523766e+00 2.150000e+01 6.318796e+00
3.522173e+00 2.250000e+01 4.076529e+00
3.523960e+00 2.350000e+01 2.819881e+00
3.523168e+00 2.450000e+01 1.073879e+00
4.518095e+00 5.000000e-01 2.936753e+01
4.517827e+00 1.500000e+00 2.542466e+01
4.519622e+00 2.500000e+00 2.396780e+01
4.517609e+00 3.500000e+00 2.196122e+01
4.517579e+00 4.500000e+00 2.021492e+01
4.519108e+00 5.500000e+00 2.119276e+01
4.519078e+00 6.500000e+00 1.775121e+01
4.518582e+00 7.500000e+00 1.402296e+01
4.519323e+00 8.500000e+00 1.138700e+01
4.519910e+00 9.500000e+00 1.132912e+01
4.518711e+00 1.050000e+01 1.258546e+01
4.518018e+00 1.150000e+01 1.329859e+01
4.518530e+00 1.250000e+01 1.057427e+01
4.518477e+00 1.350000e+01 6.934453e+00
4.518437e+00 1.450000e+01 7.274350e+00
4.519038e+00 1.550000e+01 8.427073e+00
4.519092e+00 1.650000e+01 8.893386e+00
4.518782e+00 1.750000e+01 9.533323e+00
4.518842e+00 1.850000e+01 1.003610e+01
4.516618e+00 1.950000e+01 7.604261e+00
4.519146e+00 2.050000e+01 6.883876e+00
4.518597e+00 2.150000e+01 5.131570e+00
4.518383e+00 2.250000e+01 3.527358e+00
4.517513e+00 2.350000e+01 2.406857e+00
4.518342e+00 2.450000e+01 1.033677e+00
5.515602e+00 5.000000e-01 2.543761e+01
5.515127e+00 1.500000e+00 2.502167e+01
5.516057e+00 2.500000e+00 2.305630e+01
5.514678e+00 3.500000e+00 1.965483e+01
5.515979e+00 4.500000e+00 1.718129e+01
5.514040e+00 5.500000e+00 1.718471e+01
5.515753e+00 6.500000e+00 1.501673e+01
5.513797e+00 7.500000e+00 1.169613e+01
5.515019e+00 8.500000e+00 9.872182e+00
5.515312e+00 9.500000e+00 1.130980e+01
5.515067e+00 1.050000e+01 1.058096e+01
5.516550e+00 1.150000e+01 1.149985e+01
5.515009e+00 1.250000e+01 1.112290e+01
5.515596e+00 1.350000e+01 1.086486e+01
5.514450e+00 1.450000e+01 9.237823e+00
5.514420e+00 1.550000e+01 8.082521e+00
5.513879e+00 1.650000e+01 9.420099e+00
5.514636e+00 1.750000e+01 9.423918e+00
5.515038e+00 1.850000e+01 9.323478e+00
5.514603e+00 1.950000e+01 8.666280e+00
5.515070e+00 2.050000e+01 6.362155e+00
5.515162e+00 2.150000e+01 4.990977e+00
5.514477e+00 2.250000e+01 2.861535e+00
5.516899e+00 2.350000e+01 2.142569e+00
5.515140e+00 2.450000e+01 7.477474e-01
6.513341e+00 5.000000e-01 2.435356e+01
6.512551e+00 1.500000e+00 2.505447e+01
6.512151e+00 2.500000e+00 2.149534e+01
6.512505e+00 3.500000e+00 1.836618e+01
6.513299e+00 4.500000e+00 1.710105e+01
6.512988e+00 5.500000e+00 1.383100e+01
6.512726e+00 6.500000e+00 1.487009e+01
6.513546e+00 7.500000e+00 1.156774e+01
6.512761e+00 8.500000e+00 9.573190e+00
6.512858e+00 9.500000e+00 8.398101e+00
6.513506e+00 1.050000e+01 8.813302e+00
6.513201e+00 1.150000e+01 8.483090e+00
6.512514e+00 1.250000e+01 1.046064e+01
6.512753e+00 1.350000e+01 1.100531e+01
6.513011e+00 1.450000e+01 1.010361e+01
6.512147e+00 1.550000e+01 8.522175e+00
6.513565e+00 1.650000e+01 9.508397e+00
6.513418e+00 1.750000e+01 9.817369e+00
6.513966e+00 1.850000e+01 8.608983e+00
6.512354e+00 1.950000e+01 8.032992e+00
6.513368e+00 2.050000e+01 6.281694e+00
6.512022e+00 2.150000e+01 4.661061e+00
6.511758e+00 2.250000e+01 2.725940e+00
6.511777e+00 2.350000e+01 1.671184e+00
6.513864e+00 2.450000e+01 7.979713e-01
7.511200e+00 5.000000e-01 2.227574e+01
7.512330e+00 1.500000e+00 2.130793e+01
7.510842e+00 2.500000e+00 2.064377e+01
7.511140e+00 3.500000e+00 1.868094e+01
7.511384e+00 4.500000e+00 1.500078e+01
7.512153e+00 5.500000e+00 1.298120e+01
7.511099e+00 6.500000e+00 1.023508e+01
7.511023e+00 7.500000e+00 1.219452e+01
7.511588e+00 8.500000e+00 1.144406e+01
7.510161e+00 9.500000e+00 1.026166e+01
7.512276e+00 1.050000e+01 8.877378e+00
7.510957e+00 1.150000e+01 9.227442e+00
7.508981e+00 1.250000e+01 1.026469e+01
7.510072e+00 1.350000e+01 1.064476e+01
7.511986e+00 1.450000e+01 1.039711e+01
7.511020e+00 1.550000e+01 1.084896e+01
7.511524e+00 1.650000e+01 8.005603e+00
7.511344e+00 1.750000e+01 9.276831e+00
7.511194e+00 1.850000e+01 8.414007e+00
7.512970e+00 1.950000e+01 6.807430e+00
7.510642e+00 2.050000e+01 6.348172e+00
7.511503e+00 2.150000e+01 4.284523e+00
7.510744e+00 2.250000e+01 2.629456e+00
7.510330e+00 2.350000e+01 1.432150e+00
7.510774e+00 2.450000e+01 6.157315e-01
8.509546e+00 5.000000e-01 1.846470e+01
8.511223e+00 1.500000e+00 1.461535e+01
8.510430e+00 2.500000e+00 1.695821e+01
8.509534e+00 3.500000e+00 1.636678e+01
8.509951e+00 4.500000e+00 1.466430e+01
8.509640e+00 5.500000e+00 1.138310e+01
8.509188e+00 6.500000e+00 1.027151e+01
8.508687e+00 7.500000e+00 1.094611e+01
8.508262e+00 8.500000e+00 1.258447e+01
8.510788e+00 9.500000e+00 1.041998e+01
8.510921e+00 1.050000e+01 8.046413e+00
8.510287e+00 1.150000e+01 9.139169e+00
8.508949e+00 1.250000e+01 9.959404e+00
8.509236e+00 1.350000e+01 9.699478e+00
8.510364e+00 1.450000e+01 9.918895e+00
8.509922e+00 1.550000e+01 9.425276e+00
8.509506e+00 1.650000e+01 8.920893e+00
8.510849e+00 1.750000e+01 7.530588e+00
8.510229e+00 1.850000e+01 7.825140e+00
8.508690e+00 1.950000e+01 6.231189e+00
8.510002e+00 2.050000e+01 5.149696e+00
8.510190e+00 2.150000e+01 4.709577e+00
8.510174e+00 2.250000e+01 2.041526e+00
8.508034e+00 2.350000e+01 1.322811e+00
8.510332e+00 2.450000e+01 2.536273e-01
9.508663e+00 5.000000e-01 1.547277e+01
9.509404e+00 1.500000e+00 1.711838e+01
9.508663e+00 2.500000e+00 1.651357e+01
9.508703e+00 3.500000e+00 1.517978e+01
9.509472e+00 4.500000e+00 1.312788e+01
9.509025e+00 5.500000e+00 9.982608e+00
9.509848e+00 6.500000e+00 1.049603e+01
9.509080e+00 7.500000e+00 8.953274e+00
9.509313e+00 8.500000e+00 1.047363e+01
9.509390e+00 9.500000e+00 1.040913e+01
9.508881e+00 1.050000e+01 9.257536e+00
9.507799e+00 1.150000e+01 8.039583e+00
9.510395e+00 1.250000e+01 8.066549e+00
9.509624e+00 1.350000e+01 8.365055e+00
9.510118e+00 1.450000e+01 9.582182e+00
9.509571e+00 1.550000e+01 8.359689e+00
9.508485e+00 1.650000e+01 8.641284e+00
9.508754e+00 1.750000e+01 7.248528e+00
9.509346e+00 1.850000e+01 5.803671e+00
9.508986e+00 1.950000e+01 5.665001e+00
9.508076e+00 2.050000e+01 4.284814e+00
9.509131e+00 2.150000e+01 3.891800e+00
9.508543e+00 2.250000e+01 2.178435e+00
9.508668e+00 2.350000e+01 9.311074e-01
9.509527e+00 2.450000e+01 8.495132e-02
1.050782e+01 5.000000e-01 1.722280e+01
1.050818e+01 1.500000e+00 1.717806e+01
1.050809e+01 2.500000e+00 1.480183e+01
1.050836e+01 3.500000e+00 1.349730e+01
1.050729e+01 4.500000e+00 1.205266e+01
1.050797e+01 5.500000e+00 1.137919e+01
1.050722e+01 6.500000e+00 9.306614e+00
1.050959e+01 7.500000e+00 9.489612e+00
1.050848e+01 8.500000e+00 8.383888e+00
1.050808e+01 9.500000e+00 9.350325e+00
1.050836e+01 1.050000e+01 9.312560e+00
1.050803e+01 1.150000e+01 8.397829e+00
1.050866e+01 1.250000e+01 7.967711e+00
1.050767e+01 1.350000e+01 7.855852e+00
1.050854e+01 1.450000e+01 8.168772e+00
1.050750e+01 1.550000e+01 8.464496e+00
1.050800e+01 1.650000e+01 7.577509e+00
1.050856e+01 1.750000e+01 7.144212e+00
1.050717e+01 1.850000e+01 5.149093e+00
1.050849e+01 1.950000e+01 4.451541e+00
1.050782e+01 2.050000e+01 4.235728e+00
1.050573e+01 2.150000e+01 2.920426e+00
1.050874e+01 2.250000e+01 2.171125e+00
1.050792e+01 2.350000e+01 8.581751e-01
1.050742e+01 2.450000e+01 -1.310185e-01
1.150710e+01 5.000000e-01 1.690428e+01
1.150604e+01 1.500000e+00 1.538090e+01
1.150762e+01 2.500000e+00 1.408005e+01
1.150644e+01 3.500000e+00 1.063845e+01
1.150787e+01 4.500000e+00 1.153109e+01
1.150742e+01 5.500000e+00 1.078730e+01
1.150768e+01 6.500000e+00 9.798474e+00
1.150780e+01 7.500000e+00 8.598037e+00
1.150704e+01 8.500000e+00 8.520826e+00
1.150732e+01 9.500000e+00 8.692080e+00
1.150696e+01 1.050000e+01 8.923434e+00
1.150683e+01 1.150000e+01 8.192809e+00
1.150604e+01 1.250000e+01 7.862677e+00
1.150781e+01 1.350000e+01 7.607836e+00
1.150669e+01 1.450000e+01 7.164303e+00
1.150725e+01 1.550000e+01 7.232990e+00
1.150789e+01 1.650000e+01 6.948689e+00
1.150722e+01 1.750000e+01 5.802212e+00
1.150752e+01 1.850000e+01 4.996011e+00
1.150785e+01 1.950000e+01 3.356217e+00
1.150706e+01 2.050000e+01 3.251928e+00
1.150779e+01 2.150000e+01 2.689720e+00
1.150752e+01 2.250000e+01 1.322781e+00
1.150804e+01 2.350000e+01 1.095173e+00
1.150665e+01 2.450000e+01 -3.650806e-01
1.250758e+01 5.000000e-01 1.569658e+01
1.250566e+01 1.500000e+00 1.294205e+01
1.250721e+01 2.500000e+00 1.205411e+01
1.250738e+01 3.500000e+00 1.188360e+01
1.250686e+01 4.500000e+00 1.055218e+01
1.250759e+01 5.500000e+00 1.034731e+01
1.250643e+01 6.500000e+00 9.212614e+00
1.250698e+01 7.500000e+00 8.015370e+00
1.250692e+01 8.500000e+00 7.483233e+00
1.250642e+01 9.500000e+00 7.181067e+00
1.250619e+01 1.050000e+01 6.929302e+00
1.250813e+01 1.150000e+01 7.429128e+00
1.250571e+01 1.250000e+01 7.565750e+00
1.250640e+01 1.350000e+01 6.710855e+00
1.250622e+01 1.450000e+01 6.781793e+00
1.250668e+01 1.550000e+01 5.716597e+00
1.250656e+01 1.650000e+01 5.970283e+00
1.250654e+01 1.750000e+01 5.646420e+00
1.250580e+01 1.850000e+01 4.333125e+00
1.250780e+01 1.950000e+01 3.263832e+00
1.250658e+01 2.050000e+01 2.121929e+00
1.250657e+01 2.150000e+01 2.327626e+00
1.250608e+01 2.250000e+01 1.019643e+00
1.250609e+01 2.350000e+01 4.456888e-01
1.250782e+01 2.450000e+01 6.816505e-02
1.350641e+01 5.000000e-01 1.371064e+01
1.350604e+01 1.500000e+00 1.216208e+01
1.350679e+01 2.500000e+00 1.073127e+01
1.350681e+01 3.500000e+00 1.095040e+01
1.350642e+01 4.500000e+00 1.083705e+01
1.350696e+01 5.500000e+00 9.324638e+00
1.350551e+01 6.500000e+00 8.304368e+00
1.350562e+01 7.500000e+00 6.797433e+00
1.350568e+01 8.500000e+00 6.710711e+00
1.350654e+01 9.500000e+00 6.655111e+00
1.350607e+01 1.050000e+01 5.401182e+00
1.350583e+01 1.150000e+01 5.565143e+00
1.350595e+01 1.250000e+01 5.386072e+00
1.350598e+01 1.350000e+01 5.702850e+00
1.350621e+01 1.450000e+01 5.001657e+00
1.350588e+01 1.550000e+01 4.565329e+00
1.350531e+01 1.650000e+01 4.287117e+00
1.350626e+01 1.750000e+01 5.314590e+00
1.350624e+01 1.850000e+01 3.963567e+00
1.350558e+01 1.950000e+01 3.174931e+00
1.350616e+01 2.050000e+01 1.779639e+00
1.350637e+01 2.150000e+01 1.213500e+00
1.350650e+01 2.250000e+01 1.160031e+00
1.350541e+01 2.350000e+01 1.248257e-01
1.350753e+01 2.450000e+01 -1.875552e-01
1.450543e+01 5.000000e-01 1.211960e+01
1.450611e+01 1.500000e+00 1.160449e+01
1.450466e+01 2.500000e+00 1.123781e+01
1.450554e+01 3.500000e+00 1.010826e+01
1.450606e+01 4.500000e+00 9.727781e+00
1.450535e+01 5.500000e+00 8.386558e+00
1.450607e+01 6.500000e+00 6.996238e+00
1.450606e+01 7.500000e+00 6.816347e+00
1.450629e+01 8.500000e+00 5.778747e+00
1.450622e+01 9.500000e+00 5.752727e+00
1.450471e+01 1.050000e+01 5.815244e+00
1.450559e+01 1.150000e+01 5.009040e+00
1.450597e+01 1.250000e+01 5.453967e+00
1.450517e+01 1.350000e+01 4.672308e+00
1.450584e+01 1.450000e+01 4.223334e+00
1.450542e+01 1.550000e+01 3.507288e+00
1.450574e+01 1.650000e+01 3.026446e+00
1.450521e+01 1.750000e+01 3.474122e+00
1.450493e+01 1.850000e+01 3.966325e+00
1.450507e+01 1.950000e+01 2.434324e+00
1.450540e+01 2.050000e+01 1.927525e+00
1.450565e+01 2.150000e+01 6.079850e-01
1.450559e+01 2.250000e+01 4.394057e-01
1.450571e+01 2.350000e+01 4.023642e-01
1.450578e+01 2.450000e+01 -6.021410e-01
1.550552e+01 5.000000e-01 1.122948e+01
1.550504e+01 1.500000e+00 1.038718e+01
1.550450e+01 2.500000e+00 1.129569e+01
1.550512e+01 3.500000e+00 9.705139e+00
1.550519e+01 4.500000e+00 8.291957e+00
1.550539e+01 5.500000e+00 7.736158e+00
1.550518e+01 6.500000e+00 6.267188e+00
1.550548e+01 7.500000e+00 5.673815e+00
1.550489e+01 8.500000e+00 5.453326e+00
1.550536e+01 9.500000e+00 4.648091e+00
1.550471e+01 1.050000e+01 4.410391e+00
1.550496e+01 1.150000e+01 4.231478e+00
1.550543e+01 1.250000e+01 4.501712e+00
1.550594e+01 1.350000e+01 3.982969e+00
1.550530e+01 1.450000e+01 3.389543e+00
1.550508e+01 1.550000e+01 2.721681e+00
1.550525e+01 1.650000e+01 2.706270e+00
1.550509e+01 1.750000e+01 2.345472e+00
1.550546e+01 1.850000e+01 2.740656e+00
1.550609e+01 1.950000e+01 2.301888e+00
1.550594e+01 2.050000e+01 1.540327e+00
1.550554e+01 2.150000e+01 8.522211e-01
1.550536e+01 2.250000e+01 -3.063882e-01
1.550494e+01 2.350000e+01 -2.965251e-02
1.550495e+01 2.450000e+01 -4.281531e-01
1.650503e+01 5.000000e-01 9.922959e+00
1.650541e+01 1.500000e+00 1.057095e+01
1.650451e+01 2.500000e+00 9.683667e+00
1.650585e+01 3.500000e+00 8.768646e+00
1.650364e+01 4.500000e+00 8.062512e+00
1.650461e+01 5.500000e+00 7.048611e+00
1.650423e+01 6.500000e+00 6.892464e+00
1.650566e+01 7.500000e+00 5.957362e+00
1.650525e+01 8.500000e+00 6.523779e+00
1.650498e+01 9.500000e+00 5.414385e+00
1.650478e+01 1.050000e+01 3.923209e+00
1.650593e+01 1.150000e+01 4.046042e+00
1.650528e+01 1.250000e+01 3.637527e+00
1.650496e+01 1.350000e+01 3.889436e+00
1.650464e+01 1.450000e+01 3.286117e+00
1.650505e+01 1.550000e+01 2.216712e+00
1.650496e+01 1.650000e+01 2.235716e+00
1.650528e+01 1.750000e+01 1.694736e+00
1.650518e+01 1.850000e+01 1.037164e+00
1.650462e+01 1.950000e+01 1.589542e+00
1.650513e+01 2.050000e+01 1.132340e+00
1.650479e+01 2.150000e+01 8.159257e-01
1.650441e+01 2.250000e+01 -2.771230e-01
1.650511e+01 2.350000e+01 -7.555839e-01
1.650601e+01 2.450000e+01 -5.525945e-01
1.750451e+01 5.000000e-01 9.625529e+00
1.750518e+01 1.500000e+00 8.984348e+00
1.750450e+01 2.500000e+00 8.865097e+00
1.750595e+01 3.500000e+00 8.325436e+00
1.750432e+01 4.500000e+00 7.301165e+00
1.750550e+01 5.500000e+00 6.899006e+00
1.750528e+01 6.500000e+00 6.529447e+00
1.750490e+01 7.500000e+00 6.180833e+00
1.750381e+01 8.500000e+00 5.670924e+00
1.750539e+01 9.500000e+00 5.436038e+00
1.750537e+01 1.050000e+01 4.243297e+00
1.750430e+01 1.150000e+01 3.260155e+00
1.750495e+01 1.250000e+01 2.955439e+00
1.750410e+01 1.350000e+01 2.321388e+00
1.750459e+01 1.450000e+01 2.693062e+00
1.750505e+01 1.550000e+01 2.040152e+00
1.750448e+01 1.650000e+01 1.408876e+00
1.750432e+01 1.750000e+01 1.023999e+00
1.750455e+01 1.850000e+01 3.581511e-01
1.750510e+01 1.950000e+01 -5.558399e-02
1.750450e+01 2.050000e+01 6.828725e-01
1.750452e+01 2.150000e+01 1.400499e-01
1.750495e+01 2.250000e+01 -4.606541e-02
1.750492e+01 2.350000e+01 -1.108226e+00
1.750521e+01 2.450000e+01 -1.049145e+00
1.850391e+01 5.000000e-01 8.988110e+00
1.850490e+01 1.500000e+00 7.873544e+00
1.850499e+01 2.500000e+00 7.632865e+00
1.850405e+01 3.500000e+00 6.911001e+00
1.850462e+01 4.500000e+00 7.206273e+00
1.850383e+01 5.500000e+00 6.594237e+00
1.850452e+01 6.500000e+00 6.598972e+00
1.850449e+01 7.500000e+00 5.890523e+00
1.850436e+01 8.500000e+00 5.211890e+00
1.850430e+01 9.500000e+00 4.233991e+00
1.850380e+01 1.050000e+01 4.037241e+00
1.850483e+01 1.150000e+01 2.820931e+00
1.850447e+01 1.250000e+01 2.038939e+00
1.850455e+01 1.350000e+01 1.580189e+00
1.850456e+01 1.450000e+01 1.302971e+00
1.850432e+01 1.550000e+01 1.580219e+00
1.850452e+01 1.650000e+01 8.889756e-01
1.850529e+01 1.750000e+01 3.110917e-01
1.850432e+01 1.850000e+01 1.892963e-01
1.850348e+01 1.950000e+01 -7.502888e-01
1.850498e+01 2.050000e+01 -8.146774e-01
1.850416e+01 2.150000e+01 -2.941406e-02
1.850444e+01 2.250000e+01 -6.810410e-01
1.850410e+01 2.350000e+01 -7.870517e-01
1.850449e+01 2.450000e+01 -1.677277e+00
1.950440e+01 5.000000e-01 8.442047e+00
1.950393e+01 1.500000e+00 7.153260e+00
1.950426e+01 2.500000e+00 6.532450e+00
1.950403e+01 3.500000e+00 6.356385e+00
1.950462e+01 4.500000e+00 6.292420e+00
1.950413e+01 5.500000e+00 6.540462e+00
1.950440e+01 6.500000e+00 5.754588e+00
1.950386e+01 7.500000e+00 5.387211e+00
1.950367e+01 8.500000e+00 4.403174e+00
1.950401e+01 9.500000e+00 3.587744e+00
1.950432e+01 1.050000e+01 2.924544e+00
1.950423e+01 1.150000e+01 2.599926e+00
1.950325e+01 1.250000e+01 1.403179e+00
1.950483e+01 1.350000e+01 1.079271e+00
1.950412e+01 1.450000e+01 4.299171e-01
1.950384e+01 1.550000e+01 6.607535e-01
1.950397e+01 1.650000e+01 6.645685e-01
1.950375e+01 1.750000e+01 1.439712e-01
1.950460e+01 1.850000e+01 -6.165767e-01
1.950503e+01 1.950000e+01 -5.463194e-01
1.950425e+01 2.050000e+01 -1.597129e+00
1.950423e+01 2.150000e+01 -7.962489e-01
1.950448e+01 2.250000e+01 -8.376924e-01
1.950438e+01 2.350000e+01 -1.202971e+00
1.950429e+01 2.450000e+01 -1.356748e+00
2.050301e+01 5.000000e-01 7.299221e+00
2.050440e+01 1.500000e+00 6.524742e+00
2.050433e+01 2.500000e+00 5.488417e+00
2.050429e+01 3.500000e+00 5.508627e+00
2.050315e+01 4.500000e+00 5.644400e+00
2.050367e+01 5.500000e+00 5.670388e+00
2.050458e+01 6.500000e+00 5.104704e+00
2.050435e+01 7.500000e+00 4.428882e+00
2.050390e+01 8.500000e+00 4.049373e+00
2.050422e+01 9.500000e+00 2.962390e+00
2.050407e+01 1.050000e+01 2.160576e+00
2.050456e+01 1.150000e+01 2.102653e+00
2.050380e+01 1.250000e+01 1.183149e+00
2.050432e+01 1.350000e+01 2.856769e-01
2.050401e+01 1.450000e+01 2.438219e-01
2.050393e+01 1.550000e+01 -2.449029e-01
2.050463e+01 1.650000e+01 2.177253e-01
2.050428e+01 1.750000e+01 -3.776482e-02
2.050436e+01 1.850000e+01 -9.092884e-01
2.050386e+01 1.950000e+01 -1.253512e+00
2.050434e+01 2.050000e+01 -9.912611e-01
2.050367e+01 2.150000e+01 -1.799460e+00
2.050392e+01 2.250000e+01 -1.197462e+00
2.050356e+01 2.350000e+01 -1.458199e+00
2.050392e+01 2.450000e+01 -1.315190e+00
2.150411e+01 5.000000e-01 6.144220e+00
2.150347e+01 1.500000e+00 5.745886e+00
2.150367e+01 2.500000e+00 5.628370e+00
2.150377e+01 3.500000e+00 4.635533e+00
2.150497e+01 4.500000e+00 4.650073e+00
2.150428e+01 5.500000e+00 4.454622e+00
2.150375e+01 6.500000e+00 4.032788e+00
2.150412e+01 7.500000e+00 3.496589e+00
2.150419e+01 8.500000e+00 3.166004e+00
2.150430e+01 9.500000e+00 2.571075e+00
2.150400e+01 1.050000e+01 1.620675e+00
2.150487e+01 1.150000e+01 1.196243e+00
2.150413e+01 1.250000e+01 1.110877e+00
2.150351e+01 1.350000e+01 3.640448e-02
2.150342e+01 1.450000e+01 -3.663075e-01
2.150327e+01 1.550000e+01 -3.714885e-01
2.150385e+01 1.650000e+01 -5.894087e-01
2.150442e+01 1.750000e+01 -2.708346e-01
2.150417e+01 1.850000e+01 -7.926245e-01
2.150368e+01 1.950000e+01 -1.414841e+00
2.150272e+01 2.050000e+01 -1.529669e+00
2.150352e+01 2.150000e+01 -1.593550e+00
2.150406e+01 2.250000e+01 -2.174593e+00
2.150293e+01 2.350000e+01 -1.383353e+00
2.150316e+01 2.450000e+01 -1.747935e+00
2.250433e+01 5.000000e-01 4.836654e+00
2.250407e+01 1.500000e+00 5.076778e+00
2.250372e+01 2.500000e+00 5.027854e+00
2.250394e+01 3.500000e+00 4.217304e+00
2.250390e+01 4.500000e+00 3.402188e+00
2.250249e+01 5.500000e+00 3.135597e+00
2.250374e+01 6.500000e+00 2.699033e+00
2.250392e+01 7.500000e+00 2.740070e+00
2.250341e+01 8.500000e+00 1.942889e+00
2.250330e+01 9.500000e+00 1.899565e+00
2.250346e+01 1.050000e+01 1.316798e+00
2.250332e+01 1.150000e+01 7.716619e-01
2.250378e+01 1.250000e+01 3.360391e-01
2.250408e+01 1.350000e+01 2.800624e-01
2.250410e+01 1.450000e+01 -9.281621e-01
2.250380e+01 1.550000e+01 -9.516135e-01
2.250327e+01 1.650000e+01 -1.029782e+00
2.250393e+01 1.750000e+01 -8.934341e-01
2.250361e+01 1.850000e+01 -9.145257e-01
2.250444e+01 1.950000e+01 -1.469295e+00
2.250392e+01 2.050000e+01 -1.889002e+00
2.250298e+01 2.150000e+01 -1.782148e+00
2.250352e+01 2.250000e+01 -2.207764e+00
2.250438e+01 2.350000e+01 -2.040758e+00
2.250377e+01 2.450000e+01 -1.569938e+00
2.350385e+01 5.000000e-01 4.034454e+00
2.350375e+01 1.500000e+00 4.084714e+00
2.350315e+01 2.500000e+00 3.885972e+00
2.350305e+01 3.500000e+00 3.673457e+00
2.350390e+01 4.500000e+00 2.653506e+00
2.350336e+01 5.500000e+00 1.920606e+00
2.350341e+01 6.500000e+00 1.750502e+00
2.350353e+01 7.500000e+00 1.432203e+00
2.350407e+01 8.500000e+00 1.396016e+00
2.350324e+01 9.500000e+00 9.923090e-01
2.350445e+01 1.050000e+01 8.523919e-01
2.350285e+01 1.150000e+01 2.583005e-01
2.350343e+01 1.250000e+01 -1.402521e-01
2.350314e+01 1.350000e+01 -4.090055e-01
2.350323e+01 1.450000e+01 -7.414753e-01
2.350372e+01 1.550000e+01 -1.768194e+00
2.350392e+01 1.650000e+01 -1.448334e+00
2.350326e+01 1.750000e+01 -1.532869e+00
2.350426e+01 1.850000e+01 -1.288187e+00
2.350344e+01 1.950000e+01 -1.550180e+00
2.350458e+01 2.050000e+01 -2.006456e+00
2.350428e+01 2.150000e+01 -2.174494e+00
2.350355e+01 2.250000e+01 -2.016975e+00
2.350397e+01 2.350000e+01 -2.465623e+00
2.350375e+01 2.450000e+01 -1.852263e+00
2.450282e+01 5.000000e-01 3.271381e+00
2.450346e+01 1.500000e+00 2.904253e+00
2.450230e+01 2.500000e+00 2.910589e+00
2.450377e+01 3.500000e+00 2.611583e+00
2.450308e+01 4.500000e+00 2.097410e+00
2.450344e+01 5.500000e+00 1.302795e+00
2.450302e+01 6.500000e+00 6.968525e-01
2.450349e+01 7.500000e+00 6.602985e-01
2.450340e+01 8.500000e+00 5.542717e-01
2.450315e+01 9.500000e+00 3.002436e-01
2.450293e+01 1.050000e+01 8.707283e-03
2.450364e+01 1.150000e+01 -3.024566e-02
2.450354e+01 1.250000e+01 -6.298058e-01
2.450331e+01 1.350000e+01 -1.026678e+00
2.450402e+01 1.450000e+01 -9.455497e-01
2.450274e+01 1.550000e+01 -1.603673e+00
2.450333e+01 1.650000e+01 -2.082709e+00
2.450282e+01 1.750000e+01 -1.813709e+00
2.450299e+01 1.850000e+01 -1.901759e+00
2.450398e+01 1.950000e+01 -1.706741e+00
2.450309e+01 2.050000e+01 -1.819655e+00
2.450238e+01 2.150000e+01 -2.211152e+00
2.450316e+01 2.250000e+01 -2.327510e+00
2.450295e+01 2.350000e+01 -2.137310e+00
2.450334e+01 2.450000e+01 -2.410626e+00
