1.075024e+00 9.299719e+00
1.240257e+00 7.627338e+00
1.428618e+00 6.072085e+00
1.645218e+00 4.971377e+00
1.892722e+00 4.015738e+00
2.178632e+00 3.352084e+00
2.511569e+00 2.719183e+00
2.890498e+00 2.187864e+00
3.331358e+00 1.830066e+00
3.834484e+00 1.455376e+00
4.417337e+00 1.172048e+00
5.083755e+00 9.319275e-01
5.855929e+00 7.214812e-01
6.743073e+00 5.605000e-01
7.766870e+00 4.172296e-01
8.942913e+00 3.394057e-01
1.029879e+01 2.409493e-01
1.186231e+01 1.703177e-01
1.366001e+01 1.126995e-01
1.573045e+01 7.371376e-02
1.811205e+01 4.069160e-02
2.086197e+01 3.241963e-02
2.402277e+01 3.006716e-02
2.765498e+01 1.694290e-02
