1.076452e+00 7.360623e+00
1.240255e+00 6.056346e+00
1.429086e+00 4.922343e+00
1.645473e+00 4.021290e+00
1.893696e+00 3.145967e+00
2.181460e+00 2.633956e+00
2.511727e+00 2.125703e+00
2.890332e+00 1.719223e+00
3.331522e+00 1.367111e+00
3.835233e+00 1.098469e+00
4.416311e+00 8.854839e-01
5.087835e+00 7.100581e-01
5.856710e+00 5.697637e-01
6.745504e+00 4.264488e-01
7.768891e+00 3.378252e-01
8.942787e+00 2.455740e-01
1.030105e+01 1.704970e-01
1.186206e+01 1.199686e-01
1.365951e+01 7.887468e-02
1.573263e+01 5.201057e-02
1.811727e+01 3.375790e-02
2.086180e+01 3.063631e-02
2.402085e+01 2.257231e-02
2.765860e+01 1.666594e-02
