1.682042e-01 5.000000e-01 3.353656e+01
6.645725e-01 1.500000e+00 7.957734e+01
6.687524e-01 2.500000e+00 4.887425e+01
6.686797e-01 3.500000e+00 3.394502e+01
6.684094e-01 4.500000e+00 2.303430e+01
6.678199e-01 5.500000e+00 2.569354e+01
6.694441e-01 6.500000e+00 2.564363e+01
6.687580e-01 7.500000e+00 1.811894e+01
6.667687e-01 8.500000e+00 1.526248e+01
6.683805e-01 9.500000e+00 1.500520e+01
6.662337e-01 1.050000e+01 1.221297e+01
6.654362e-01 1.150000e+01 9.453656e+00
6.682634e-01 1.250000e+01 5.462738e+00
6.663018e-01 1.350000e+01 6.742263e+00
6.660329e-01 1.450000e+01 1.224525e+01
6.603032e-01 1.550000e+01 1.309119e+01
6.666412e-01 1.650000e+01 9.562942e+00
6.693342e-01 1.750000e+01 7.056404e+00
6.639040e-01 1.850000e+01 4.408639e+00
6.690392e-01 1.950000e+01 3.103879e+00
6.633412e-01 2.050000e+01 5.949762e+00
6.674023e-01 2.150000e+01 7.954693e+00
6.666324e-01 2.250000e+01 7.009011e+00
6.648124e-01 2.350000e+01 6.105448e+00
6.641694e-01 2.450000e+01 4.665773e+00
1.555594e+00 5.000000e-01 6.576213e+01
1.553826e+00 1.500000e+00 4.972759e+01
1.555028e+00 2.500000e+00 3.406493e+01
1.553859e+00 3.500000e+00 2.321740e+01
1.555371e+00 4.500000e+00 2.034111e+01
1.556355e+00 5.500000e+00 1.879852e+01
1.556175e+00 6.500000e+00 1.722921e+01
1.558181e+00 7.500000e+00 1.584168e+01
1.554699e+00 8.500000e+00 1.526906e+01
1.557822e+00 9.500000e+00 1.308355e+01
1.560101e+00 1.050000e+01 1.146813e+01
1.553991e+00 1.150000e+01 7.262696e+00
1.556569e+00 1.250000e+01 5.223740e+00
1.555692e+00 1.350000e+01 5.596950e+00
1.558394e+00 1.450000e+01 9.891196e+00
1.554271e+00 1.550000e+01 1.158403e+01
1.561350e+00 1.650000e+01 8.633373e+00
1.555784e+00 1.750000e+01 6.320272e+00
1.556845e+00 1.850000e+01 4.880416e+00
1.555479e+00 1.950000e+01 5.834139e+00
1.556035e+00 2.050000e+01 7.069009e+00
1.557212e+00 2.150000e+01 8.695652e+00
1.556189e+00 2.250000e+01 7.495082e+00
1.556836e+00 2.350000e+01 5.293791e+00
1.553400e+00 2.450000e+01 3.812907e+00
2.534797e+00 5.000000e-01 4.907597e+01
2.530242e+00 1.500000e+00 4.044131e+01
2.534333e+00 2.500000e+00 2.976210e+01
2.530055e+00 3.500000e+00 2.336786e+01
2.533633e+00 4.500000e+00 2.092846e+01
2.536248e+00 5.500000e+00 1.816552e+01
2.534721e+00 6.500000e+00 1.549041e+01
2.531945e+00 7.500000e+00 1.490382e+01
2.534127e+00 8.500000e+00 1.248213e+01
2.532555e+00 9.500000e+00 1.142147e+01
2.533973e+00 1.050000e+01 9.202529e+00
2.533447e+00 1.150000e+01 6.859275e+00
2.534849e+00 1.250000e+01 6.346248e+00
2.531561e+00 1.350000e+01 8.543816e+00
2.535161e+00 1.450000e+01 8.425134e+00
2.535639e+00 1.550000e+01 8.214200e+00
2.535062e+00 1.650000e+01 9.358110e+00
2.532402e+00 1.750000e+01 7.820565e+00
2.533526e+00 1.850000e+01 7.813462e+00
2.533305e+00 1.950000e+01 8.826823e+00
2.533299e+00 2.050000e+01 8.344406e+00
2.532869e+00 2.150000e+01 7.972470e+00
2.532745e+00 2.250000e+01 7.326973e+00
2.533757e+00 2.350000e+01 5.629779e+00
2.531564e+00 2.450000e+01 3.650797e+00
3.525256e+00 5.000000e-01 4.032639e+01
3.523796e+00 1.500000e+00 3.468264e+01
3.523399e+00 2.500000e+00 2.717991e+01
3.524843e+00 3.500000e+00 2.300015e+01
3.524047e+00 4.500000e+00 1.966256e+01
3.525251e+00 5.500000e+00 1.609600e+01
3.524246e+00 6.500000e+00 1.440167e+01
3.521401e+00 7.500000e+00 1.350580e+01
3.522535e+00 8.500000e+00 1.307720e+01
3.521316e+00 9.500000e+00 1.012786e+01
3.523112e+00 1.050000e+01 7.980924e+00
3.524318e+00 1.150000e+01 7.437489e+00
3.523717e+00 1.250000e+01 8.145450e+00
3.522838e+00 1.350000e+01 7.265328e+00
3.521984e+00 1.450000e+01 5.831781e+00
3.523823e+00 1.550000e+01 6.612327e+00
3.524959e+00 1.650000e+01 7.891522e+00
3.523650e+00 1.750000e+01 8.886066e+00
3.523240e+00 1.850000e+01 9.034904e+00
3.522872e+00 1.950000e+01 8.722311e+00
3.523083e+00 2.050000e+01 8.452965e+00
3.523766e+00 2.150000e+01 7.500833e+00
3.522173e+00 2.250000e+01 6.498053e+00
3.523961e+00 2.350000e+01 4.936551e+00
3.523168e+00 2.450000e+01 3.163146e+00
4.518095e+00 5.000000e-01 3.600459e+01
4.517827e+00 1.500000e+00 3.204041e+01
4.519622e+00 2.500000e+00 2.687086e+01
4.517610e+00 3.500000e+00 2.242231e+01
4.517579e+00 4.500000e+00 1.854658e+01
4.519108e+00 5.500000e+00 1.731985e+01
4.519079e+00 6.500000e+00 1.559725e+01
4.518582e+00 7.500000e+00 1.213469e+01
4.519323e+00 8.500000e+00 1.055241e+01
4.519910e+00 9.500000e+00 8.871450e+00
4.518711e+00 1.050000e+01 6.901731e+00
4.518018e+00 1.150000e+01 8.342562e+00
4.518529e+00 1.250000e+01 9.035801e+00
4.518477e+00 1.350000e+01 8.177270e+00
4.518436e+00 1.450000e+01 7.834278e+00
4.519038e+00 1.550000e+01 6.868216e+00
4.519091e+00 1.650000e+01 7.428597e+00
4.518782e+00 1.750000e+01 8.925956e+00
4.518842e+00 1.850000e+01 9.437272e+00
4.516619e+00 1.950000e+01 8.862232e+00
4.519145e+00 2.050000e+01 8.091318e+00
4.518596e+00 2.150000e+01 7.210843e+00
4.518384e+00 2.250000e+01 5.460712e+00
4.517514e+00 2.350000e+01 3.998822e+00
4.518343e+00 2.450000e+01 2.724683e+00
5.515602e+00 5.000000e-01 3.151162e+01
5.515127e+00 1.500000e+00 2.909101e+01
5.516057e+00 2.500000e+00 2.501212e+01
5.514678e+00 3.500000e+00 1.954541e+01
5.515980e+00 4.500000e+00 1.692762e+01
5.514039e+00 5.500000e+00 1.547849e+01
5.515753e+00 6.500000e+00 1.307076e+01
5.513797e+00 7.500000e+00 1.109577e+01
5.515019e+00 8.500000e+00 7.944682e+00
5.515311e+00 9.500000e+00 6.718889e+00
5.515068e+00 1.050000e+01 7.879788e+00
5.516550e+00 1.150000e+01 8.303261e+00
5.515008e+00 1.250000e+01 8.816188e+00
5.515595e+00 1.350000e+01 9.116464e+00
5.514450e+00 1.450000e+01 9.084761e+00
5.514421e+00 1.550000e+01 9.020932e+00
5.513879e+00 1.650000e+01 8.602992e+00
5.514635e+00 1.750000e+01 9.545848e+00
5.515039e+00 1.850000e+01 9.667352e+00
5.514604e+00 1.950000e+01 8.988261e+00
5.515070e+00 2.050000e+01 7.711312e+00
5.515163e+00 2.150000e+01 6.363977e+00
5.514477e+00 2.250000e+01 4.823717e+00
5.516898e+00 2.350000e+01 3.245076e+00
5.515140e+00 2.450000e+01 2.279264e+00
6.513342e+00 5.000000e-01 2.844900e+01
6.512550e+00 1.500000e+00 2.749048e+01
6.512151e+00 2.500000e+00 2.402947e+01
6.512505e+00 3.500000e+00 2.028664e+01
6.513300e+00 4.500000e+00 1.675642e+01
6.512988e+00 5.500000e+00 1.426691e+01
6.512728e+00 6.500000e+00 1.187277e+01
6.513546e+00 7.500000e+00 8.788439e+00
6.512760e+00 8.500000e+00 6.115670e+00
6.512857e+00 9.500000e+00 5.644088e+00
6.513506e+00 1.050000e+01 7.036352e+00
6.513201e+00 1.150000e+01 6.540632e+00
6.512513e+00 1.250000e+01 6.803588e+00
6.512753e+00 1.350000e+01 8.681570e+00
6.513011e+00 1.450000e+01 1.016574e+01
6.512147e+00 1.550000e+01 1.042113e+01
6.513565e+00 1.650000e+01 1.010370e+01
6.513418e+00 1.750000e+01 9.674357e+00
6.513966e+00 1.850000e+01 9.604607e+00
6.512354e+00 1.950000e+01 8.658666e+00
6.513367e+00 2.050000e+01 7.179126e+00
6.512022e+00 2.150000e+01 5.741344e+00
6.511758e+00 2.250000e+01 4.181605e+00
6.511777e+00 2.350000e+01 2.798125e+00
6.513865e+00 2.450000e+01 1.910895e+00
7.511201e+00 5.000000e-01 2.427277e+01
7.512331e+00 1.500000e+00 2.287368e+01
7.510842e+00 2.500000e+00 2.264136e+01
7.511142e+00 3.500000e+00 2.084013e+01
7.511382e+00 4.500000e+00 1.687219e+01
7.512153e+00 5.500000e+00 1.258955e+01
7.511099e+00 6.500000e+00 1.011035e+01
7.511023e+00 7.500000e+00 7.949841e+00
7.511588e+00 8.500000e+00 6.747893e+00
7.510160e+00 9.500000e+00 7.245220e+00
7.512276e+00 1.050000e+01 7.030852e+00
7.510959e+00 1.150000e+01 7.603152e+00
7.508981e+00 1.250000e+01 8.091448e+00
7.510072e+00 1.350000e+01 9.225859e+00
7.511985e+00 1.450000e+01 1.044902e+01
7.511019e+00 1.550000e+01 1.106354e+01
7.511524e+00 1.650000e+01 1.059849e+01
7.511344e+00 1.750000e+01 9.513806e+00
7.511193e+00 1.850000e+01 8.784212e+00
7.512970e+00 1.950000e+01 8.216541e+00
7.510643e+00 2.050000e+01 6.658253e+00
7.511505e+00 2.150000e+01 5.187083e+00
7.510744e+00 2.250000e+01 3.777177e+00
7.510327e+00 2.350000e+01 2.543678e+00
7.510775e+00 2.450000e+01 1.678393e+00
8.509546e+00 5.000000e-01 1.959525e+01
8.511223e+00 1.500000e+00 1.917242e+01
8.510429e+00 2.500000e+00 1.771359e+01
8.509533e+00 3.500000e+00 1.665184e+01
8.509951e+00 4.500000e+00 1.547369e+01
8.509638e+00 5.500000e+00 1.210458e+01
8.509186e+00 6.500000e+00 8.732680e+00
8.508687e+00 7.500000e+00 7.847273e+00
8.508262e+00 8.500000e+00 8.121681e+00
8.510786e+00 9.500000e+00 7.593663e+00
8.510921e+00 1.050000e+01 7.100285e+00
8.510286e+00 1.150000e+01 7.519010e+00
8.508951e+00 1.250000e+01 8.433619e+00
8.509236e+00 1.350000e+01 8.767855e+00
8.510363e+00 1.450000e+01 9.640310e+00
8.509921e+00 1.550000e+01 1.051665e+01
8.509506e+00 1.650000e+01 1.018563e+01
8.510850e+00 1.750000e+01 9.303781e+00
8.510230e+00 1.850000e+01 7.707306e+00
8.508688e+00 1.950000e+01 7.036425e+00
8.510003e+00 2.050000e+01 6.101937e+00
8.510189e+00 2.150000e+01 4.380683e+00
8.510173e+00 2.250000e+01 3.183875e+00
8.508034e+00 2.350000e+01 2.260411e+00
8.510331e+00 2.450000e+01 1.480938e+00
9.508666e+00 5.000000e-01 1.895347e+01
9.509405e+00 1.500000e+00 1.800394e+01
9.508661e+00 2.500000e+00 1.711392e+01
9.508703e+00 3.500000e+00 1.578667e+01
9.509471e+00 4.500000e+00 1.308431e+01
9.509024e+00 5.500000e+00 1.101374e+01
9.509847e+00 6.500000e+00 8.327336e+00
9.509078e+00 7.500000e+00 7.140314e+00
9.509312e+00 8.500000e+00 7.241905e+00
9.509393e+00 9.500000e+00 7.089037e+00
9.508881e+00 1.050000e+01 6.846945e+00
9.507800e+00 1.150000e+01 7.057442e+00
9.510396e+00 1.250000e+01 7.951848e+00
9.509623e+00 1.350000e+01 8.212533e+00
9.510118e+00 1.450000e+01 8.968558e+00
9.509571e+00 1.550000e+01 9.452879e+00
9.508484e+00 1.650000e+01 9.551644e+00
9.508754e+00 1.750000e+01 8.717781e+00
9.509346e+00 1.850000e+01 7.302605e+00
9.508985e+00 1.950000e+01 5.541107e+00
9.508076e+00 2.050000e+01 4.998050e+00
9.509131e+00 2.150000e+01 4.165480e+00
9.508544e+00 2.250000e+01 2.526273e+00
9.508671e+00 2.350000e+01 1.678524e+00
9.509526e+00 2.450000e+01 1.269831e+00
1.050782e+01 5.000000e-01 1.865892e+01
1.050818e+01 1.500000e+00 1.888348e+01
1.050809e+01 2.500000e+00 1.770493e+01
1.050836e+01 3.500000e+00 1.421885e+01
1.050729e+01 4.500000e+00 1.127402e+01
1.050797e+01 5.500000e+00 8.897155e+00
1.050722e+01 6.500000e+00 7.790777e+00
1.050959e+01 7.500000e+00 7.437837e+00
1.050848e+01 8.500000e+00 6.543245e+00
1.050808e+01 9.500000e+00 6.614340e+00
1.050836e+01 1.050000e+01 7.529799e+00
1.050803e+01 1.150000e+01 7.668888e+00
1.050866e+01 1.250000e+01 7.636945e+00
1.050767e+01 1.350000e+01 8.266830e+00
1.050854e+01 1.450000e+01 8.355219e+00
1.050750e+01 1.550000e+01 8.499733e+00
1.050800e+01 1.650000e+01 8.655256e+00
1.050856e+01 1.750000e+01 8.199602e+00
1.050717e+01 1.850000e+01 6.968531e+00
1.050849e+01 1.950000e+01 5.164327e+00
1.050782e+01 2.050000e+01 3.832390e+00
1.050573e+01 2.150000e+01 3.566697e+00
1.050874e+01 2.250000e+01 2.593260e+00
1.050792e+01 2.350000e+01 1.310520e+00
1.050742e+01 2.450000e+01 9.118663e-01
1.150710e+01 5.000000e-01 1.738828e+01
1.150604e+01 1.500000e+00 1.769319e+01
1.150762e+01 2.500000e+00 1.550034e+01
1.150644e+01 3.500000e+00 1.331688e+01
1.150787e+01 4.500000e+00 1.042330e+01
1.150741e+01 5.500000e+00 8.278973e+00
1.150768e+01 6.500000e+00 8.248637e+00
1.150780e+01 7.500000e+00 7.072771e+00
1.150704e+01 8.500000e+00 6.043593e+00
1.150732e+01 9.500000e+00 6.051547e+00
1.150697e+01 1.050000e+01 6.849536e+00
1.150683e+01 1.150000e+01 7.533799e+00
1.150604e+01 1.250000e+01 7.698273e+00
1.150781e+01 1.350000e+01 8.094120e+00
1.150669e+01 1.450000e+01 8.082491e+00
1.150725e+01 1.550000e+01 7.740826e+00
1.150788e+01 1.650000e+01 7.788368e+00
1.150723e+01 1.750000e+01 7.179639e+00
1.150752e+01 1.850000e+01 5.842887e+00
1.150785e+01 1.950000e+01 4.581919e+00
1.150707e+01 2.050000e+01 3.010974e+00
1.150779e+01 2.150000e+01 2.390268e+00
1.150752e+01 2.250000e+01 2.272573e+00
1.150804e+01 2.350000e+01 1.363288e+00
1.150665e+01 2.450000e+01 5.941958e-01
1.250758e+01 5.000000e-01 1.655084e+01
1.250566e+01 1.500000e+00 1.539608e+01
1.250721e+01 2.500000e+00 1.456911e+01
1.250738e+01 3.500000e+00 1.260582e+01
1.250686e+01 4.500000e+00 1.014595e+01
1.250759e+01 5.500000e+00 8.702232e+00
1.250643e+01 6.500000e+00 7.013721e+00
1.250698e+01 7.500000e+00 5.717913e+00
1.250692e+01 8.500000e+00 4.412503e+00
1.250642e+01 9.500000e+00 4.660708e+00
1.250619e+01 1.050000e+01 5.382083e+00
1.250813e+01 1.150000e+01 6.616208e+00
1.250571e+01 1.250000e+01 7.618207e+00
1.250640e+01 1.350000e+01 7.295250e+00
1.250622e+01 1.450000e+01 7.580802e+00
1.250668e+01 1.550000e+01 7.265840e+00
1.250656e+01 1.650000e+01 6.844668e+00
1.250654e+01 1.750000e+01 6.224476e+00
1.250580e+01 1.850000e+01 5.089705e+00
1.250780e+01 1.950000e+01 3.937347e+00
1.250658e+01 2.050000e+01 2.981386e+00
1.250657e+01 2.150000e+01 1.804415e+00
1.250608e+01 2.250000e+01 1.532944e+00
1.250609e+01 2.350000e+01 1.337676e+00
1.250782e+01 2.450000e+01 6.228189e-01
1.350641e+01 5.000000e-01 1.480589e+01
1.350604e+01 1.500000e+00 1.385680e+01
1.350679e+01 2.500000e+00 1.307843e+01
1.350681e+01 3.500000e+00 1.172295e+01
1.350642e+01 4.500000e+00 1.108605e+01
1.350696e+01 5.500000e+00 9.190718e+00
1.350551e+01 6.500000e+00 6.382582e+00
1.350562e+01 7.500000e+00 4.329716e+00
1.350568e+01 8.500000e+00 3.898677e+00
1.350654e+01 9.500000e+00 3.124278e+00
1.350607e+01 1.050000e+01 3.386760e+00
1.350583e+01 1.150000e+01 4.560133e+00
1.350596e+01 1.250000e+01 5.528534e+00
1.350598e+01 1.350000e+01 6.122767e+00
1.350622e+01 1.450000e+01 5.982257e+00
1.350588e+01 1.550000e+01 6.507818e+00
1.350531e+01 1.650000e+01 5.711167e+00
1.350625e+01 1.750000e+01 5.034610e+00
1.350624e+01 1.850000e+01 4.275706e+00
1.350558e+01 1.950000e+01 3.456377e+00
1.350616e+01 2.050000e+01 2.756406e+00
1.350637e+01 2.150000e+01 1.936160e+00
1.350650e+01 2.250000e+01 9.379030e-01
1.350541e+01 2.350000e+01 9.029160e-01
1.350753e+01 2.450000e+01 7.130127e-01
1.450543e+01 5.000000e-01 1.338903e+01
1.450611e+01 1.500000e+00 1.326525e+01
1.450466e+01 2.500000e+00 1.189062e+01
1.450554e+01 3.500000e+00 1.176465e+01
1.450606e+01 4.500000e+00 1.056119e+01
1.450535e+01 5.500000e+00 8.259042e+00
1.450607e+01 6.500000e+00 6.270043e+00
1.450606e+01 7.500000e+00 4.252898e+00
1.450629e+01 8.500000e+00 3.205582e+00
1.450622e+01 9.500000e+00 2.865152e+00
1.450471e+01 1.050000e+01 2.967125e+00
1.450560e+01 1.150000e+01 3.570024e+00
1.450597e+01 1.250000e+01 4.579020e+00
1.450517e+01 1.350000e+01 5.145322e+00
1.450584e+01 1.450000e+01 5.482105e+00
1.450542e+01 1.550000e+01 5.320577e+00
1.450574e+01 1.650000e+01 5.053547e+00
1.450521e+01 1.750000e+01 3.870570e+00
1.450493e+01 1.850000e+01 3.128363e+00
1.450507e+01 1.950000e+01 2.783477e+00
1.450539e+01 2.050000e+01 2.369525e+00
1.450566e+01 2.150000e+01 1.970266e+00
1.450559e+01 2.250000e+01 1.005393e+00
1.450571e+01 2.350000e+01 3.695570e-01
1.450578e+01 2.450000e+01 4.672735e-01
1.550552e+01 5.000000e-01 1.199958e+01
1.550503e+01 1.500000e+00 1.218836e+01
1.550450e+01 2.500000e+00 1.167832e+01
1.550512e+01 3.500000e+00 1.057022e+01
1.550518e+01 4.500000e+00 9.419934e+00
1.550539e+01 5.500000e+00 7.589298e+00
1.550518e+01 6.500000e+00 5.876240e+00
1.550549e+01 7.500000e+00 4.464395e+00
1.550489e+01 8.500000e+00 2.880010e+00
1.550536e+01 9.500000e+00 2.363534e+00
1.550471e+01 1.050000e+01 2.326488e+00
1.550496e+01 1.150000e+01 2.487528e+00
1.550543e+01 1.250000e+01 2.981978e+00
1.550594e+01 1.350000e+01 3.963154e+00
1.550530e+01 1.450000e+01 4.558059e+00
1.550508e+01 1.550000e+01 4.228725e+00
1.550525e+01 1.650000e+01 3.976539e+00
1.550509e+01 1.750000e+01 3.387669e+00
1.550547e+01 1.850000e+01 2.489874e+00
1.550609e+01 1.950000e+01 2.044833e+00
1.550594e+01 2.050000e+01 1.986296e+00
1.550554e+01 2.150000e+01 1.824253e+00
1.550536e+01 2.250000e+01 1.113941e+00
1.550494e+01 2.350000e+01 1.018598e-01
1.550496e+01 2.450000e+01 4.491408e-03
1.650503e+01 5.000000e-01 1.120968e+01
1.650541e+01 1.500000e+00 1.060072e+01
1.650451e+01 2.500000e+00 1.072357e+01
1.650585e+01 3.500000e+00 9.754070e+00
1.650364e+01 4.500000e+00 8.497400e+00
1.650461e+01 5.500000e+00 7.422927e+00
1.650423e+01 6.500000e+00 6.200891e+00
1.650566e+01 7.500000e+00 5.320558e+00
1.650526e+01 8.500000e+00 4.400164e+00
1.650498e+01 9.500000e+00 3.410598e+00
1.650477e+01 1.050000e+01 2.742890e+00
1.650593e+01 1.150000e+01 2.369752e+00
1.650528e+01 1.250000e+01 2.438759e+00
1.650496e+01 1.350000e+01 2.645959e+00
1.650464e+01 1.450000e+01 3.288614e+00
1.650504e+01 1.550000e+01 3.765692e+00
1.650496e+01 1.650000e+01 3.163401e+00
1.650529e+01 1.750000e+01 2.902722e+00
1.650518e+01 1.850000e+01 2.046328e+00
1.650462e+01 1.950000e+01 1.541312e+00
1.650513e+01 2.050000e+01 1.213082e+00
1.650480e+01 2.150000e+01 1.264991e+00
1.650441e+01 2.250000e+01 9.505335e-01
1.650511e+01 2.350000e+01 2.853987e-01
1.650601e+01 2.450000e+01 -3.695837e-01
1.750452e+01 5.000000e-01 9.798400e+00
1.750519e+01 1.500000e+00 9.899041e+00
1.750450e+01 2.500000e+00 9.735830e+00
1.750596e+01 3.500000e+00 9.218351e+00
1.750432e+01 4.500000e+00 7.877390e+00
1.750551e+01 5.500000e+00 7.059350e+00
1.750527e+01 6.500000e+00 6.323719e+00
1.750490e+01 7.500000e+00 5.134471e+00
1.750382e+01 8.500000e+00 4.540166e+00
1.750539e+01 9.500000e+00 3.457305e+00
1.750538e+01 1.050000e+01 2.633239e+00
1.750430e+01 1.150000e+01 2.277834e+00
1.750495e+01 1.250000e+01 1.696252e+00
1.750411e+01 1.350000e+01 1.801348e+00
1.750459e+01 1.450000e+01 1.987000e+00
1.750506e+01 1.550000e+01 2.225880e+00
1.750448e+01 1.650000e+01 2.470708e+00
1.750432e+01 1.750000e+01 1.978260e+00
1.750455e+01 1.850000e+01 1.799092e+00
1.750510e+01 1.950000e+01 9.980230e-01
1.750450e+01 2.050000e+01 6.538585e-01
1.750452e+01 2.150000e+01 4.373888e-01
1.750495e+01 2.250000e+01 3.871333e-01
1.750492e+01 2.350000e+01 1.726040e-01
1.750521e+01 2.450000e+01 -2.683843e-01
1.850391e+01 5.000000e-01 8.912575e+00
1.850489e+01 1.500000e+00 9.177406e+00
1.850499e+01 2.500000e+00 8.700368e+00
1.850405e+01 3.500000e+00 8.071905e+00
1.850463e+01 4.500000e+00 7.486827e+00
1.850384e+01 5.500000e+00 6.603305e+00
1.850452e+01 6.500000e+00 5.660044e+00
1.850449e+01 7.500000e+00 5.016245e+00
1.850436e+01 8.500000e+00 4.234804e+00
1.850430e+01 9.500000e+00 3.589641e+00
1.850380e+01 1.050000e+01 2.386844e+00
1.850483e+01 1.150000e+01 1.525452e+00
1.850447e+01 1.250000e+01 1.232241e+00
1.850455e+01 1.350000e+01 9.538536e-01
1.850456e+01 1.450000e+01 9.906658e-01
1.850432e+01 1.550000e+01 1.090859e+00
1.850451e+01 1.650000e+01 1.277691e+00
1.850529e+01 1.750000e+01 1.234068e+00
1.850432e+01 1.850000e+01 9.984525e-01
1.850348e+01 1.950000e+01 7.755073e-01
1.850498e+01 2.050000e+01 7.327660e-02
1.850417e+01 2.150000e+01 -1.054344e-01
1.850444e+01 2.250000e+01 -2.585642e-01
1.850410e+01 2.350000e+01 -2.523578e-01
1.850449e+01 2.450000e+01 -3.125721e-01
1.950440e+01 5.000000e-01 8.739887e+00
1.950393e+01 1.500000e+00 8.319224e+00
1.950426e+01 2.500000e+00 7.733281e+00
1.950403e+01 3.500000e+00 6.985858e+00
1.950462e+01 4.500000e+00 6.699300e+00
1.950413e+01 5.500000e+00 6.003566e+00
1.950440e+01 6.500000e+00 5.155548e+00
1.950386e+01 7.500000e+00 4.494113e+00
1.950367e+01 8.500000e+00 3.569858e+00
1.950401e+01 9.500000e+00 2.873146e+00
1.950432e+01 1.050000e+01 2.202781e+00
1.950423e+01 1.150000e+01 1.216848e+00
1.950325e+01 1.250000e+01 6.244110e-01
1.950483e+01 1.350000e+01 3.081047e-01
1.950412e+01 1.450000e+01 3.794463e-01
1.950384e+01 1.550000e+01 3.747339e-01
1.950398e+01 1.650000e+01 4.056007e-01
1.950375e+01 1.750000e+01 6.204733e-01
1.950459e+01 1.850000e+01 4.426975e-01
1.950503e+01 1.950000e+01 3.408504e-01
1.950425e+01 2.050000e+01 -4.262501e-02
1.950423e+01 2.150000e+01 -5.852441e-01
1.950448e+01 2.250000e+01 -6.934580e-01
1.950438e+01 2.350000e+01 -7.564193e-01
1.950429e+01 2.450000e+01 -5.383687e-01
2.050300e+01 5.000000e-01 8.332527e+00
2.050440e+01 1.500000e+00 7.461604e+00
2.050433e+01 2.500000e+00 6.571082e+00
2.050429e+01 3.500000e+00 6.109931e+00
2.050315e+01 4.500000e+00 5.597566e+00
2.050367e+01 5.500000e+00 5.141225e+00
2.050458e+01 6.500000e+00 4.460055e+00
2.050435e+01 7.500000e+00 3.687934e+00
2.050390e+01 8.500000e+00 3.061763e+00
2.050422e+01 9.500000e+00 2.167198e+00
2.050407e+01 1.050000e+01 1.735970e+00
2.050457e+01 1.150000e+01 1.032916e+00
2.050380e+01 1.250000e+01 3.339537e-01
2.050432e+01 1.350000e+01 2.049703e-02
2.050401e+01 1.450000e+01 -2.756507e-01
2.050393e+01 1.550000e+01 -9.808359e-02
2.050463e+01 1.650000e+01 -6.457821e-02
2.050428e+01 1.750000e+01 -1.854394e-01
2.050435e+01 1.850000e+01 -3.437863e-02
2.050386e+01 1.950000e+01 -1.763557e-01
2.050434e+01 2.050000e+01 -2.747105e-01
2.050367e+01 2.150000e+01 -7.182179e-01
2.050393e+01 2.250000e+01 -9.551584e-01
2.050356e+01 2.350000e+01 -1.048866e+00
2.050392e+01 2.450000e+01 -8.881666e-01
2.150409e+01 5.000000e-01 7.742603e+00
2.150348e+01 1.500000e+00 6.664564e+00
2.150368e+01 2.500000e+00 5.766269e+00
2.150377e+01 3.500000e+00 5.252377e+00
2.150497e+01 4.500000e+00 4.456966e+00
2.150427e+01 5.500000e+00 4.036024e+00
2.150374e+01 6.500000e+00 3.532345e+00
2.150412e+01 7.500000e+00 2.808327e+00
2.150419e+01 8.500000e+00 2.195512e+00
2.150430e+01 9.500000e+00 1.808029e+00
2.150400e+01 1.050000e+01 1.119786e+00
2.150486e+01 1.150000e+01 8.600695e-01
2.150413e+01 1.250000e+01 1.491667e-01
2.150351e+01 1.350000e+01 -2.726068e-01
2.150341e+01 1.450000e+01 -4.342239e-01
2.150327e+01 1.550000e+01 -7.116477e-01
2.150384e+01 1.650000e+01 -5.260164e-01
2.150442e+01 1.750000e+01 -4.416140e-01
2.150417e+01 1.850000e+01 -6.134762e-01
2.150368e+01 1.950000e+01 -5.298739e-01
2.150273e+01 2.050000e+01 -6.301127e-01
2.150352e+01 2.150000e+01 -7.757293e-01
2.150405e+01 2.250000e+01 -1.253900e+00
2.150292e+01 2.350000e+01 -1.219245e+00
2.150316e+01 2.450000e+01 -1.096929e+00
2.250433e+01 5.000000e-01 6.431324e+00
2.250407e+01 1.500000e+00 5.897768e+00
2.250372e+01 2.500000e+00 5.013264e+00
2.250394e+01 3.500000e+00 4.139802e+00
2.250390e+01 4.500000e+00 3.487007e+00
2.250250e+01 5.500000e+00 2.830320e+00
2.250374e+01 6.500000e+00 2.396162e+00
2.250392e+01 7.500000e+00 1.949144e+00
2.250342e+01 8.500000e+00 1.484814e+00
2.250330e+01 9.500000e+00 1.172979e+00
2.250346e+01 1.050000e+01 8.018281e-01
2.250332e+01 1.150000e+01 2.244555e-01
2.250378e+01 1.250000e+01 1.051781e-01
2.250407e+01 1.350000e+01 -5.313672e-01
2.250409e+01 1.450000e+01 -7.593666e-01
2.250380e+01 1.550000e+01 -1.006538e+00
2.250327e+01 1.650000e+01 -1.220372e+00
2.250392e+01 1.750000e+01 -9.521282e-01
2.250360e+01 1.850000e+01 -7.821507e-01
2.250444e+01 1.950000e+01 -9.372547e-01
2.250392e+01 2.050000e+01 -1.103175e+00
2.250298e+01 2.150000e+01 -1.076741e+00
2.250351e+01 2.250000e+01 -1.231111e+00
2.250437e+01 2.350000e+01 -1.531119e+00
2.250376e+01 2.450000e+01 -1.260806e+00
2.350384e+01 5.000000e-01 4.983062e+00
2.350375e+01 1.500000e+00 5.101603e+00
2.350315e+01 2.500000e+00 4.390647e+00
2.350305e+01 3.500000e+00 3.199944e+00
2.350390e+01 4.500000e+00 2.523655e+00
2.350336e+01 5.500000e+00 1.825883e+00
2.350342e+01 6.500000e+00 1.264437e+00
2.350353e+01 7.500000e+00 9.677778e-01
2.350408e+01 8.500000e+00 7.164416e-01
2.350323e+01 9.500000e+00 5.519132e-01
2.350444e+01 1.050000e+01 3.683880e-01
2.350285e+01 1.150000e+01 -4.216146e-03
2.350343e+01 1.250000e+01 -3.765843e-01
2.350314e+01 1.350000e+01 -5.655518e-01
2.350323e+01 1.450000e+01 -1.119326e+00
2.350372e+01 1.550000e+01 -1.402876e+00
2.350392e+01 1.650000e+01 -1.753111e+00
2.350326e+01 1.750000e+01 -1.651187e+00
2.350426e+01 1.850000e+01 -1.310250e+00
2.350344e+01 1.950000e+01 -1.214539e+00
2.350459e+01 2.050000e+01 -1.407818e+00
2.350428e+01 2.150000e+01 -1.536609e+00
2.350354e+01 2.250000e+01 -1.383378e+00
2.350397e+01 2.350000e+01 -1.451859e+00
2.350375e+01 2.450000e+01 -1.413843e+00
2.450282e+01 5.000000e-01 3.608000e+00
2.450345e+01 1.500000e+00 3.841126e+00
2.450230e+01 2.500000e+00 3.568215e+00
2.450378e+01 3.500000e+00 2.678192e+00
2.450309e+01 4.500000e+00 1.632861e+00
2.450344e+01 5.500000e+00 1.002716e+00
2.450302e+01 6.500000e+00 3.059194e-01
2.450350e+01 7.500000e+00 8.679679e-02
2.450339e+01 8.500000e+00 6.176281e-02
2.450315e+01 9.500000e+00 -9.676064e-02
2.450293e+01 1.050000e+01 -5.636786e-02
2.450364e+01 1.150000e+01 -1.894884e-01
2.450354e+01 1.250000e+01 -5.719559e-01
2.450331e+01 1.350000e+01 -8.691286e-01
2.450401e+01 1.450000e+01 -1.230294e+00
2.450274e+01 1.550000e+01 -1.713974e+00
2.450332e+01 1.650000e+01 -1.949781e+00
2.450282e+01 1.750000e+01 -2.219802e+00
2.450300e+01 1.850000e+01 -1.913824e+00
2.450397e+01 1.950000e+01 -1.598004e+00
2.450308e+01 2.050000e+01 -1.544815e+00
2.450238e+01 2.150000e+01 -1.679150e+00
2.450316e+01 2.250000e+01 -1.606602e+00
2.450295e+01 2.350000e+01 -1.398309e+00
2.450334e+01 2.450000e+01 -1.315623e+00
