1.363900e-01 5.000000e-01 5.169556e+01
6.669380e-01 1.500000e+00 1.012620e+02
6.635540e-01 2.500000e+00 6.525736e+01
6.677338e-01 3.500000e+00 5.369886e+01
6.667936e-01 4.500000e+00 5.565747e+01
6.641220e-01 5.500000e+00 5.957995e+01
6.709158e-01 6.500000e+00 5.350849e+01
6.688014e-01 7.500000e+00 3.755747e+01
6.761804e-01 8.500000e+00 2.744853e+01
6.643588e-01 9.500000e+00 3.028809e+01
6.647116e-01 1.050000e+01 4.199032e+01
6.675779e-01 1.150000e+01 3.104148e+01
6.633583e-01 1.250000e+01 2.777681e+01
6.656319e-01 1.350000e+01 2.022894e+01
6.647718e-01 1.450000e+01 1.320938e+01
6.691658e-01 1.550000e+01 1.393793e+01
6.634286e-01 1.650000e+01 9.908104e+00
6.642283e-01 1.750000e+01 9.979576e+00
6.694744e-01 1.850000e+01 6.560053e+00
6.647291e-01 1.950000e+01 6.128402e+00
6.725258e-01 2.050000e+01 1.203072e+00
6.656486e-01 2.150000e+01 1.000000e+00
6.619154e-01 2.250000e+01 1.000000e+00
6.685892e-01 2.350000e+01 1.000000e+00
6.642668e-01 2.450000e+01 1.000000e+00
1.556558e+00 5.000000e-01 1.011961e+02
1.554989e+00 1.500000e+00 7.475041e+01
1.552254e+00 2.500000e+00 5.679287e+01
1.554794e+00 3.500000e+00 4.560252e+01
1.559693e+00 4.500000e+00 4.870357e+01
1.556693e+00 5.500000e+00 4.651193e+01
1.555643e+00 6.500000e+00 4.238367e+01
1.557012e+00 7.500000e+00 3.918459e+01
1.554436e+00 8.500000e+00 2.755676e+01
1.553939e+00 9.500000e+00 2.529728e+01
1.556231e+00 1.050000e+01 2.683606e+01
1.556820e+00 1.150000e+01 3.237392e+01
1.555351e+00 1.250000e+01 1.717031e+01
1.557737e+00 1.350000e+01 1.469856e+01
1.555608e+00 1.450000e+01 1.688630e+01
1.557762e+00 1.550000e+01 1.601766e+01
1.551323e+00 1.650000e+01 1.415157e+01
1.556966e+00 1.750000e+01 1.178511e+01
1.556048e+00 1.850000e+01 7.628212e+00
1.557983e+00 1.950000e+01 3.791982e+00
1.557485e+00 2.050000e+01 9.904695e-01
1.555050e+00 2.150000e+01 1.000000e+00
1.558190e+00 2.250000e+01 1.000000e+00
1.555055e+00 2.350000e+01 1.000000e+00
1.553658e+00 2.450000e+01 1.000000e+00
2.533506e+00 5.000000e-01 7.451280e+01
2.530323e+00 1.500000e+00 6.171132e+01
2.533314e+00 2.500000e+00 5.099650e+01
2.532066e+00 3.500000e+00 5.505765e+01
2.532357e+00 4.500000e+00 4.528506e+01
2.534029e+00 5.500000e+00 4.163805e+01
2.532477e+00 6.500000e+00 3.827698e+01
2.535871e+00 7.500000e+00 2.964321e+01
2.532010e+00 8.500000e+00 3.136293e+01
2.531922e+00 9.500000e+00 2.622207e+01
2.534792e+00 1.050000e+01 2.368909e+01
2.533116e+00 1.150000e+01 1.982452e+01
2.531375e+00 1.250000e+01 2.141177e+01
2.532227e+00 1.350000e+01 2.239501e+01
2.533913e+00 1.450000e+01 1.878887e+01
2.533319e+00 1.550000e+01 2.089667e+01
2.532071e+00 1.650000e+01 1.485474e+01
2.533452e+00 1.750000e+01 1.295787e+01
2.535275e+00 1.850000e+01 6.895962e+00
2.531512e+00 1.950000e+01 2.900914e+00
2.532347e+00 2.050000e+01 6.363602e-01
2.530546e+00 2.150000e+01 9.848815e-01
2.534815e+00 2.250000e+01 1.000000e+00
2.535472e+00 2.350000e+01 1.000000e+00
2.533675e+00 2.450000e+01 1.000000e+00
3.522914e+00 5.000000e-01 6.495871e+01
3.522028e+00 1.500000e+00 5.582506e+01
3.522749e+00 2.500000e+00 5.111608e+01
3.523392e+00 3.500000e+00 4.586248e+01
3.524075e+00 4.500000e+00 4.480787e+01
3.525460e+00 5.500000e+00 3.595254e+01
3.526580e+00 6.500000e+00 2.876171e+01
3.521335e+00 7.500000e+00 2.705514e+01
3.522822e+00 8.500000e+00 2.965798e+01
3.525386e+00 9.500000e+00 2.763307e+01
3.524601e+00 1.050000e+01 2.047624e+01
3.524935e+00 1.150000e+01 1.867059e+01
3.522944e+00 1.250000e+01 1.990638e+01
3.523511e+00 1.350000e+01 2.027462e+01
3.525956e+00 1.450000e+01 2.168631e+01
3.523273e+00 1.550000e+01 1.772829e+01
3.522286e+00 1.650000e+01 1.424278e+01
3.523271e+00 1.750000e+01 1.067488e+01
3.523457e+00 1.850000e+01 5.661788e+00
3.526361e+00 1.950000e+01 2.342231e+00
3.523074e+00 2.050000e+01 1.767037e-01
3.523745e+00 2.150000e+01 8.704177e-01
3.522525e+00 2.250000e+01 1.000000e+00
3.524753e+00 2.350000e+01 1.000000e+00
3.525978e+00 2.450000e+01 1.000000e+00
4.516803e+00 5.000000e-01 5.527044e+01
4.518927e+00 1.500000e+00 5.583709e+01
4.520790e+00 2.500000e+00 4.673122e+01
4.518121e+00 3.500000e+00 4.091942e+01
4.516604e+00 4.500000e+00 3.621301e+01
4.518895e+00 5.500000e+00 3.247986e+01
4.516144e+00 6.500000e+00 2.571077e+01
4.516169e+00 7.500000e+00 2.672639e+01
4.519289e+00 8.500000e+00 2.502597e+01
4.519117e+00 9.500000e+00 2.555856e+01
4.517591e+00 1.050000e+01 2.457723e+01
4.517632e+00 1.150000e+01 2.131268e+01
4.519971e+00 1.250000e+01 1.791687e+01
4.520106e+00 1.350000e+01 2.100239e+01
4.517515e+00 1.450000e+01 2.039273e+01
4.517194e+00 1.550000e+01 1.794356e+01
4.521314e+00 1.650000e+01 1.267677e+01
4.518755e+00 1.750000e+01 8.426344e+00
4.519042e+00 1.850000e+01 4.893021e+00
4.519228e+00 1.950000e+01 1.706739e+00
4.519911e+00 2.050000e+01 2.067797e-01
4.521235e+00 2.150000e+01 4.565758e-01
4.519392e+00 2.250000e+01 9.667911e-01
4.519870e+00 2.350000e+01 1.000000e+00
4.518036e+00 2.450000e+01 1.000000e+00
5.515411e+00 5.000000e-01 5.253558e+01
5.514482e+00 1.500000e+00 5.077279e+01
5.513756e+00 2.500000e+00 4.425323e+01
5.515704e+00 3.500000e+00 4.015039e+01
5.515559e+00 4.500000e+00 3.251611e+01
5.513838e+00 5.500000e+00 3.003564e+01
5.516888e+00 6.500000e+00 2.656905e+01
5.515576e+00 7.500000e+00 2.302023e+01
5.516383e+00 8.500000e+00 2.165636e+01
5.513847e+00 9.500000e+00 2.144301e+01
5.516678e+00 1.050000e+01 2.369201e+01
5.515725e+00 1.150000e+01 2.225239e+01
5.512840e+00 1.250000e+01 1.952684e+01
5.515116e+00 1.350000e+01 1.947148e+01
5.513229e+00 1.450000e+01 1.957135e+01
5.516157e+00 1.550000e+01 1.630431e+01
5.515592e+00 1.650000e+01 1.270544e+01
5.514343e+00 1.750000e+01 8.041179e+00
5.514989e+00 1.850000e+01 3.741162e+00
5.514459e+00 1.950000e+01 1.714471e+00
5.514747e+00 2.050000e+01 -1.126899e-01
5.517037e+00 2.150000e+01 3.888784e-01
5.513384e+00 2.250000e+01 7.287196e-01
5.514115e+00 2.350000e+01 9.866660e-01
5.518372e+00 2.450000e+01 1.000000e+00
6.512396e+00 5.000000e-01 4.447001e+01
6.513258e+00 1.500000e+00 4.102034e+01
6.512639e+00 2.500000e+00 4.181260e+01
6.514474e+00 3.500000e+00 3.587875e+01
6.511178e+00 4.500000e+00 2.857540e+01
6.513583e+00 5.500000e+00 2.537177e+01
6.510073e+00 6.500000e+00 2.712479e+01
6.512638e+00 7.500000e+00 2.587448e+01
6.512762e+00 8.500000e+00 2.110868e+01
6.512648e+00 9.500000e+00 2.276567e+01
6.512421e+00 1.050000e+01 2.159538e+01
6.512327e+00 1.150000e+01 2.137561e+01
6.513906e+00 1.250000e+01 2.098954e+01
6.514229e+00 1.350000e+01 1.712659e+01
6.512276e+00 1.450000e+01 1.752238e+01
6.512999e+00 1.550000e+01 1.422396e+01
6.511831e+00 1.650000e+01 1.120986e+01
6.512714e+00 1.750000e+01 7.700975e+00
6.514003e+00 1.850000e+01 3.321098e+00
6.512145e+00 1.950000e+01 7.425639e-01
6.511878e+00 2.050000e+01 -2.064625e-01
6.512688e+00 2.150000e+01 1.397483e-01
6.514151e+00 2.250000e+01 5.028514e-01
6.511847e+00 2.350000e+01 8.870087e-01
6.510828e+00 2.450000e+01 9.987407e-01
7.510271e+00 5.000000e-01 3.567837e+01
7.511801e+00 1.500000e+00 3.873857e+01
7.509843e+00 2.500000e+00 3.641366e+01
7.511145e+00 3.500000e+00 3.257738e+01
7.510549e+00 4.500000e+00 2.549877e+01
7.511884e+00 5.500000e+00 2.497721e+01
7.509459e+00 6.500000e+00 2.513532e+01
7.512571e+00 7.500000e+00 2.489385e+01
7.511505e+00 8.500000e+00 2.069217e+01
7.511927e+00 9.500000e+00 1.925135e+01
7.511081e+00 1.050000e+01 1.906244e+01
7.511427e+00 1.150000e+01 2.006774e+01
7.512658e+00 1.250000e+01 1.767250e+01
7.510745e+00 1.350000e+01 1.732229e+01
7.511401e+00 1.450000e+01 1.364460e+01
7.510180e+00 1.550000e+01 1.258665e+01
7.512549e+00 1.650000e+01 9.301001e+00
7.511634e+00 1.750000e+01 7.418231e+00
7.512741e+00 1.850000e+01 2.527994e+00
7.512896e+00 1.950000e+01 2.331662e-01
7.511696e+00 2.050000e+01 -5.419179e-01
7.512554e+00 2.150000e+01 1.144941e-02
7.511611e+00 2.250000e+01 3.935570e-01
7.511855e+00 2.350000e+01 6.357877e-01
7.511514e+00 2.450000e+01 9.709468e-01
8.509582e+00 5.000000e-01 3.875876e+01
8.511198e+00 1.500000e+00 3.544999e+01
8.510089e+00 2.500000e+00 3.172671e+01
8.510654e+00 3.500000e+00 2.863204e+01
8.509523e+00 4.500000e+00 2.627563e+01
8.509582e+00 5.500000e+00 2.252620e+01
8.510791e+00 6.500000e+00 2.145242e+01
8.511509e+00 7.500000e+00 2.181562e+01
8.510133e+00 8.500000e+00 2.016060e+01
8.511784e+00 9.500000e+00 1.887144e+01
8.509288e+00 1.050000e+01 1.823590e+01
8.508926e+00 1.150000e+01 1.804353e+01
8.510007e+00 1.250000e+01 1.718086e+01
8.511563e+00 1.350000e+01 1.513808e+01
8.508957e+00 1.450000e+01 1.205733e+01
8.510102e+00 1.550000e+01 9.468149e+00
8.509805e+00 1.650000e+01 8.514781e+00
8.510339e+00 1.750000e+01 5.661699e+00
8.509898e+00 1.850000e+01 2.766006e+00
8.509677e+00 1.950000e+01 -3.796450e-01
8.511238e+00 2.050000e+01 -1.077069e+00
8.510345e+00 2.150000e+01 -1.291508e-01
8.511130e+00 2.250000e+01 1.954103e-01
8.508543e+00 2.350000e+01 5.511062e-01
8.507971e+00 2.450000e+01 7.810282e-01
9.509839e+00 5.000000e-01 3.545808e+01
9.510463e+00 1.500000e+00 3.236053e+01
9.508068e+00 2.500000e+00 2.656487e+01
9.507705e+00 3.500000e+00 2.668258e+01
9.507974e+00 4.500000e+00 2.456028e+01
9.509836e+00 5.500000e+00 2.251165e+01
9.507556e+00 6.500000e+00 1.932801e+01
9.508922e+00 7.500000e+00 1.913683e+01
9.508350e+00 8.500000e+00 1.945233e+01
9.508643e+00 9.500000e+00 1.774709e+01
9.507175e+00 1.050000e+01 1.637579e+01
9.507627e+00 1.150000e+01 1.611275e+01
9.508561e+00 1.250000e+01 1.428036e+01
9.508560e+00 1.350000e+01 1.314923e+01
9.510479e+00 1.450000e+01 1.092642e+01
9.506482e+00 1.550000e+01 7.631833e+00
9.507925e+00 1.650000e+01 6.111170e+00
9.508233e+00 1.750000e+01 4.885149e+00
9.508787e+00 1.850000e+01 1.807495e+00
9.506540e+00 1.950000e+01 -3.167204e-02
9.507963e+00 2.050000e+01 -1.243774e+00
9.507964e+00 2.150000e+01 -7.154097e-01
9.509393e+00 2.250000e+01 1.245587e-01
9.509876e+00 2.350000e+01 3.622125e-01
9.506996e+00 2.450000e+01 6.587269e-01
1.050918e+01 5.000000e-01 3.143486e+01
1.050663e+01 1.500000e+00 2.626966e+01
1.050806e+01 2.500000e+00 2.616192e+01
1.050700e+01 3.500000e+00 2.383131e+01
1.050843e+01 4.500000e+00 2.288145e+01
1.050766e+01 5.500000e+00 1.975598e+01
1.050759e+01 6.500000e+00 1.768772e+01
1.050852e+01 7.500000e+00 1.661022e+01
1.050828e+01 8.500000e+00 1.506624e+01
1.050725e+01 9.500000e+00 1.446408e+01
1.050807e+01 1.050000e+01 1.425981e+01
1.050975e+01 1.150000e+01 1.343319e+01
1.050775e+01 1.250000e+01 1.115834e+01
1.050861e+01 1.350000e+01 1.125644e+01
1.050765e+01 1.450000e+01 9.955878e+00
1.050808e+01 1.550000e+01 7.444797e+00
1.050838e+01 1.650000e+01 4.255581e+00
1.050698e+01 1.750000e+01 3.626403e+00
1.050677e+01 1.850000e+01 1.332997e+00
1.050908e+01 1.950000e+01 5.788384e-02
1.050728e+01 2.050000e+01 -1.461722e+00
1.050850e+01 2.150000e+01 -8.866974e-01
1.050820e+01 2.250000e+01 -3.018904e-01
1.050747e+01 2.350000e+01 3.096710e-01
1.050800e+01 2.450000e+01 5.103018e-01
1.150637e+01 5.000000e-01 2.641672e+01
1.150702e+01 1.500000e+00 2.563791e+01
1.150768e+01 2.500000e+00 2.352735e+01
1.150611e+01 3.500000e+00 2.265856e+01
1.150720e+01 4.500000e+00 1.919265e+01
1.150694e+01 5.500000e+00 1.741208e+01
1.150702e+01 6.500000e+00 1.543982e+01
1.150766e+01 7.500000e+00 1.494574e+01
1.150798e+01 8.500000e+00 1.324531e+01
1.150845e+01 9.500000e+00 1.282735e+01
1.150843e+01 1.050000e+01 1.163213e+01
1.150685e+01 1.150000e+01 1.016360e+01
1.150626e+01 1.250000e+01 9.057209e+00
1.150755e+01 1.350000e+01 8.004842e+00
1.150728e+01 1.450000e+01 8.859777e+00
1.150737e+01 1.550000e+01 6.157623e+00
1.150722e+01 1.650000e+01 3.966701e+00
1.150687e+01 1.750000e+01 1.601052e+00
1.150714e+01 1.850000e+01 1.238628e+00
1.150690e+01 1.950000e+01 -5.562138e-01
1.150719e+01 2.050000e+01 -1.026309e+00
1.150683e+01 2.150000e+01 -1.257571e+00
1.150540e+01 2.250000e+01 -6.023344e-01
1.150708e+01 2.350000e+01 6.675650e-02
1.150714e+01 2.450000e+01 4.047389e-01
1.250694e+01 5.000000e-01 2.373962e+01
1.250724e+01 1.500000e+00 2.349525e+01
1.250718e+01 2.500000e+00 2.262107e+01
1.250553e+01 3.500000e+00 1.890382e+01
1.250531e+01 4.500000e+00 1.692179e+01
1.250721e+01 5.500000e+00 1.391648e+01
1.250785e+01 6.500000e+00 1.397772e+01
1.250685e+01 7.500000e+00 1.258283e+01
1.250563e+01 8.500000e+00 1.122387e+01
1.250739e+01 9.500000e+00 1.012424e+01
1.250631e+01 1.050000e+01 9.912050e+00
1.250655e+01 1.150000e+01 8.295364e+00
1.250596e+01 1.250000e+01 6.540286e+00
1.250697e+01 1.350000e+01 6.530496e+00
1.250653e+01 1.450000e+01 6.396178e+00
1.250791e+01 1.550000e+01 5.430898e+00
1.250595e+01 1.650000e+01 3.321005e+00
1.250824e+01 1.750000e+01 1.077232e+00
1.250718e+01 1.850000e+01 -1.323578e-01
1.250698e+01 1.950000e+01 -4.169205e-01
1.250518e+01 2.050000e+01 -1.596074e+00
1.250721e+01 2.150000e+01 -8.513494e-01
1.250655e+01 2.250000e+01 -8.533565e-01
1.250618e+01 2.350000e+01 -3.397316e-01
1.250689e+01 2.450000e+01 3.011481e-01
1.350624e+01 5.000000e-01 2.148095e+01
1.350632e+01 1.500000e+00 2.100251e+01
1.350654e+01 2.500000e+00 1.927340e+01
1.350760e+01 3.500000e+00 1.702025e+01
1.350492e+01 4.500000e+00 1.571726e+01
1.350593e+01 5.500000e+00 1.399169e+01
1.350509e+01 6.500000e+00 1.307833e+01
1.350500e+01 7.500000e+00 1.239999e+01
1.350700e+01 8.500000e+00 9.621712e+00
1.350592e+01 9.500000e+00 9.146136e+00
1.350692e+01 1.050000e+01 7.697697e+00
1.350623e+01 1.150000e+01 7.408240e+00
1.350708e+01 1.250000e+01 5.539167e+00
1.350595e+01 1.350000e+01 5.038128e+00
1.350720e+01 1.450000e+01 3.545134e+00
1.350607e+01 1.550000e+01 2.996459e+00
1.350575e+01 1.650000e+01 2.315739e+00
1.350592e+01 1.750000e+01 1.220828e+00
1.350659e+01 1.850000e+01 -1.205550e+00
1.350584e+01 1.950000e+01 -1.353280e+00
1.350674e+01 2.050000e+01 -1.346074e+00
1.350721e+01 2.150000e+01 -1.187611e+00
1.350542e+01 2.250000e+01 -8.511573e-01
1.350658e+01 2.350000e+01 -4.969266e-01
1.350684e+01 2.450000e+01 -9.216985e-02
1.450543e+01 5.000000e-01 1.875423e+01
1.450614e+01 1.500000e+00 1.745963e+01
1.450574e+01 2.500000e+00 1.606449e+01
1.450641e+01 3.500000e+00 1.502987e+01
1.450491e+01 4.500000e+00 1.371780e+01
1.450454e+01 5.500000e+00 1.394940e+01
1.450579e+01 6.500000e+00 1.153160e+01
1.450678e+01 7.500000e+00 1.057130e+01
1.450550e+01 8.500000e+00 9.149021e+00
1.450509e+01 9.500000e+00 6.607858e+00
1.450516e+01 1.050000e+01 5.472280e+00
1.450635e+01 1.150000e+01 4.830514e+00
1.450638e+01 1.250000e+01 4.360243e+00
1.450527e+01 1.350000e+01 2.833209e+00
1.450579e+01 1.450000e+01 2.076433e+00
1.450594e+01 1.550000e+01 4.953191e-01
1.450552e+01 1.650000e+01 7.110818e-01
1.450535e+01 1.750000e+01 5.903447e-02
1.450615e+01 1.850000e+01 -1.114676e+00
1.450700e+01 1.950000e+01 -2.706124e+00
1.450532e+01 2.050000e+01 -1.582097e+00
1.450553e+01 2.150000e+01 -1.251865e+00
1.450598e+01 2.250000e+01 -7.941259e-01
1.450590e+01 2.350000e+01 -7.760168e-01
1.450582e+01 2.450000e+01 -2.730126e-01
1.550500e+01 5.000000e-01 1.690696e+01
1.550494e+01 1.500000e+00 1.468797e+01
1.550543e+01 2.500000e+00 1.335505e+01
1.550594e+01 3.500000e+00 1.301572e+01
1.550431e+01 4.500000e+00 1.291670e+01
1.550517e+01 5.500000e+00 1.209135e+01
1.550596e+01 6.500000e+00 1.026432e+01
1.550510e+01 7.500000e+00 7.935741e+00
1.550539e+01 8.500000e+00 6.974714e+00
1.550528e+01 9.500000e+00 5.302587e+00
1.550359e+01 1.050000e+01 3.770552e+00
1.550595e+01 1.150000e+01 2.311700e+00
1.550604e+01 1.250000e+01 2.567005e+00
1.550535e+01 1.350000e+01 1.835303e+00
1.550653e+01 1.450000e+01 3.507496e-01
1.550556e+01 1.550000e+01 -9.688020e-02
1.550573e+01 1.650000e+01 -1.718100e+00
1.550577e+01 1.750000e+01 -6.077334e-01
1.550495e+01 1.850000e+01 -1.907877e+00
1.550718e+01 1.950000e+01 -2.586375e+00
1.550472e+01 2.050000e+01 -2.764362e+00
1.550627e+01 2.150000e+01 -1.164470e+00
1.550488e+01 2.250000e+01 -1.107585e+00
1.550439e+01 2.350000e+01 -5.502597e-01
1.550458e+01 2.450000e+01 -5.420109e-01
1.650417e+01 5.000000e-01 1.452200e+01
1.650560e+01 1.500000e+00 1.197002e+01
1.650613e+01 2.500000e+00 1.085357e+01
1.650522e+01 3.500000e+00 1.104986e+01
1.650320e+01 4.500000e+00 1.088135e+01
1.650466e+01 5.500000e+00 9.532584e+00
1.650457e+01 6.500000e+00 8.553665e+00
1.650328e+01 7.500000e+00 6.926300e+00
1.650518e+01 8.500000e+00 4.635310e+00
1.650375e+01 9.500000e+00 4.335728e+00
1.650449e+01 1.050000e+01 2.354950e+00
1.650408e+01 1.150000e+01 1.395772e+00
1.650614e+01 1.250000e+01 5.710771e-01
1.650583e+01 1.350000e+01 1.072439e+00
1.650619e+01 1.450000e+01 -1.851457e-01
1.650457e+01 1.550000e+01 -1.497606e+00
1.650364e+01 1.650000e+01 -1.392157e+00
1.650497e+01 1.750000e+01 -2.314688e+00
1.650485e+01 1.850000e+01 -2.213068e+00
1.650411e+01 1.950000e+01 -2.796945e+00
1.650522e+01 2.050000e+01 -3.102235e+00
1.650418e+01 2.150000e+01 -1.962068e+00
1.650463e+01 2.250000e+01 -9.847025e-01
1.650497e+01 2.350000e+01 -8.909210e-01
1.650405e+01 2.450000e+01 -4.939470e-01
1.750395e+01 5.000000e-01 1.135563e+01
1.750473e+01 1.500000e+00 1.104408e+01
1.750460e+01 2.500000e+00 9.332324e+00
1.750528e+01 3.500000e+00 8.453363e+00
1.750433e+01 4.500000e+00 8.073291e+00
1.750428e+01 5.500000e+00 7.186310e+00
1.750436e+01 6.500000e+00 6.044540e+00
1.750383e+01 7.500000e+00 5.405744e+00
1.750504e+01 8.500000e+00 3.644019e+00
1.750430e+01 9.500000e+00 2.565026e+00
1.750485e+01 1.050000e+01 2.044887e+00
1.750350e+01 1.150000e+01 1.879918e-01
1.750415e+01 1.250000e+01 -7.413858e-02
1.750494e+01 1.350000e+01 -5.054160e-01
1.750447e+01 1.450000e+01 -4.864178e-01
1.750418e+01 1.550000e+01 -1.688759e+00
1.750519e+01 1.650000e+01 -2.202153e+00
1.750585e+01 1.750000e+01 -2.813669e+00
1.750567e+01 1.850000e+01 -3.097276e+00
1.750435e+01 1.950000e+01 -2.974003e+00
1.750496e+01 2.050000e+01 -2.944016e+00
1.750502e+01 2.150000e+01 -2.861509e+00
1.750368e+01 2.250000e+01 -1.281885e+00
1.750432e+01 2.350000e+01 -8.597065e-01
1.750439e+01 2.450000e+01 -6.035756e-01
1.850554e+01 5.000000e-01 8.537528e+00
1.850458e+01 1.500000e+00 8.787025e+00
1.850365e+01 2.500000e+00 8.173947e+00
1.850499e+01 3.500000e+00 6.044282e+00
1.850486e+01 4.500000e+00 4.711706e+00
1.850567e+01 5.500000e+00 4.367966e+00
1.850350e+01 6.500000e+00 3.749687e+00
1.850482e+01 7.500000e+00 3.141182e+00
1.850400e+01 8.500000e+00 2.543443e+00
1.850346e+01 9.500000e+00 1.298931e+00
1.850502e+01 1.050000e+01 7.941941e-01
1.850385e+01 1.150000e+01 -1.326722e-01
1.850335e+01 1.250000e+01 -1.589364e+00
1.850494e+01 1.350000e+01 -1.631914e+00
1.850525e+01 1.450000e+01 -1.610117e+00
1.850574e+01 1.550000e+01 -2.179941e+00
1.850355e+01 1.650000e+01 -3.027845e+00
1.850465e+01 1.750000e+01 -3.084227e+00
1.850484e+01 1.850000e+01 -3.890807e+00
1.850565e+01 1.950000e+01 -3.266123e+00
1.850540e+01 2.050000e+01 -3.249624e+00
1.850416e+01 2.150000e+01 -2.677623e+00
1.850507e+01 2.250000e+01 -2.461288e+00
1.850463e+01 2.350000e+01 -8.303104e-01
1.850532e+01 2.450000e+01 -7.683438e-01
1.950489e+01 5.000000e-01 6.561746e+00
1.950505e+01 1.500000e+00 6.381957e+00
1.950428e+01 2.500000e+00 5.920907e+00
1.950429e+01 3.500000e+00 4.492866e+00
1.950476e+01 4.500000e+00 2.671962e+00
1.950436e+01 5.500000e+00 2.060767e+00
1.950410e+01 6.500000e+00 1.707233e+00
1.950359e+01 7.500000e+00 1.358169e+00
1.950373e+01 8.500000e+00 8.224556e-01
1.950333e+01 9.500000e+00 2.825239e-01
1.950514e+01 1.050000e+01 -9.742730e-01
1.950495e+01 1.150000e+01 -1.077619e+00
1.950488e+01 1.250000e+01 -2.428644e+00
1.950385e+01 1.350000e+01 -2.607237e+00
1.950433e+01 1.450000e+01 -2.806963e+00
1.950501e+01 1.550000e+01 -2.768747e+00
1.950394e+01 1.650000e+01 -3.253133e+00
1.950425e+01 1.750000e+01 -3.804073e+00
1.950415e+01 1.850000e+01 -3.672213e+00
1.950368e+01 1.950000e+01 -4.094324e+00
1.950371e+01 2.050000e+01 -3.107488e+00
1.950480e+01 2.150000e+01 -2.964495e+00
1.950519e+01 2.250000e+01 -2.556268e+00
1.950572e+01 2.350000e+01 -1.794433e+00
1.950391e+01 2.450000e+01 -6.489800e-01
2.050352e+01 5.000000e-01 4.063992e+00
2.050312e+01 1.500000e+00 3.310405e+00
2.050344e+01 2.500000e+00 3.067123e+00
2.050442e+01 3.500000e+00 2.548499e+00
2.050371e+01 4.500000e+00 1.077727e+00
2.050363e+01 5.500000e+00 -3.752834e-01
2.050282e+01 6.500000e+00 -3.085074e-01
2.050459e+01 7.500000e+00 -3.266190e-01
2.050436e+01 8.500000e+00 -1.155676e+00
2.050383e+01 9.500000e+00 -1.105284e+00
2.050380e+01 1.050000e+01 -1.705303e+00
2.050460e+01 1.150000e+01 -2.548202e+00
2.050491e+01 1.250000e+01 -2.376801e+00
2.050376e+01 1.350000e+01 -3.746006e+00
2.050385e+01 1.450000e+01 -3.552088e+00
2.050452e+01 1.550000e+01 -3.519227e+00
2.050326e+01 1.650000e+01 -3.331849e+00
2.050449e+01 1.750000e+01 -3.764016e+00
2.050364e+01 1.850000e+01 -4.053629e+00
2.050406e+01 1.950000e+01 -3.877213e+00
2.050377e+01 2.050000e+01 -3.716555e+00
2.050473e+01 2.150000e+01 -2.904026e+00
2.050472e+01 2.250000e+01 -2.604920e+00
2.050433e+01 2.350000e+01 -2.402740e+00
2.050405e+01 2.450000e+01 -1.155013e+00
2.150310e+01 5.000000e-01 2.710862e+00
2.150286e+01 1.500000e+00 2.306739e+00
2.150323e+01 2.500000e+00 1.464402e+00
2.150309e+01 3.500000e+00 1.173073e+00
2.150427e+01 4.500000e+00 5.204887e-01
2.150423e+01 5.500000e+00 -9.803004e-01
2.150320e+01 6.500000e+00 -1.701274e+00
2.150426e+01 7.500000e+00 -1.540772e+00
2.150362e+01 8.500000e+00 -1.499194e+00
2.150285e+01 9.500000e+00 -2.259801e+00
2.150445e+01 1.050000e+01 -2.054387e+00
2.150289e+01 1.150000e+01 -2.648414e+00
2.150278e+01 1.250000e+01 -3.231480e+00
2.150335e+01 1.350000e+01 -3.033834e+00
2.150462e+01 1.450000e+01 -4.332931e+00
2.150349e+01 1.550000e+01 -3.920751e+00
2.150354e+01 1.650000e+01 -3.548041e+00
2.150330e+01 1.750000e+01 -3.546859e+00
2.150389e+01 1.850000e+01 -4.005552e+00
2.150322e+01 1.950000e+01 -3.890022e+00
2.150413e+01 2.050000e+01 -3.889542e+00
2.150453e+01 2.150000e+01 -3.011230e+00
2.150419e+01 2.250000e+01 -2.759173e+00
2.150351e+01 2.350000e+01 -2.336717e+00
2.150332e+01 2.450000e+01 -2.134198e+00
2.250294e+01 5.000000e-01 1.861026e+00
2.250418e+01 1.500000e+00 1.567633e+00
2.250417e+01 2.500000e+00 9.764004e-01
2.250437e+01 3.500000e+00 3.312481e-01
2.250421e+01 4.500000e+00 1.311803e-01
2.250265e+01 5.500000e+00 -6.236318e-01
2.250380e+01 6.500000e+00 -1.821618e+00
2.250361e+01 7.500000e+00 -2.293975e+00
2.250368e+01 8.500000e+00 -2.174534e+00
2.250309e+01 9.500000e+00 -2.330054e+00
2.250443e+01 1.050000e+01 -2.602120e+00
2.250419e+01 1.150000e+01 -2.529431e+00
2.250390e+01 1.250000e+01 -3.097216e+00
2.250415e+01 1.350000e+01 -3.276274e+00
2.250357e+01 1.450000e+01 -3.583096e+00
2.250361e+01 1.550000e+01 -4.218670e+00
2.250364e+01 1.650000e+01 -3.930679e+00
2.250313e+01 1.750000e+01 -3.287996e+00
2.250444e+01 1.850000e+01 -3.596147e+00
2.250424e+01 1.950000e+01 -3.937340e+00
2.250342e+01 2.050000e+01 -3.519236e+00
2.250380e+01 2.150000e+01 -3.644962e+00
2.250370e+01 2.250000e+01 -2.527615e+00
2.250378e+01 2.350000e+01 -2.540163e+00
2.250389e+01 2.450000e+01 -2.202292e+00
2.350307e+01 5.000000e-01 1.413996e+00
2.350230e+01 1.500000e+00 1.043093e+00
2.350419e+01 2.500000e+00 7.696931e-01
2.350350e+01 3.500000e+00 4.103713e-02
2.350328e+01 4.500000e+00 -2.856265e-01
2.350420e+01 5.500000e+00 -5.041880e-01
2.350339e+01 6.500000e+00 -1.434216e+00
2.350381e+01 7.500000e+00 -2.357682e+00
2.350530e+01 8.500000e+00 -2.545786e+00
2.350356e+01 9.500000e+00 -2.339381e+00
2.350286e+01 1.050000e+01 -2.769306e+00
2.350255e+01 1.150000e+01 -2.594080e+00
2.350395e+01 1.250000e+01 -2.763933e+00
2.350341e+01 1.350000e+01 -3.326622e+00
2.350381e+01 1.450000e+01 -3.130878e+00
2.350367e+01 1.550000e+01 -3.990157e+00
2.350425e+01 1.650000e+01 -3.964917e+00
2.350364e+01 1.750000e+01 -3.696345e+00
2.350429e+01 1.850000e+01 -3.218253e+00
2.350321e+01 1.950000e+01 -3.514793e+00
2.350364e+01 2.050000e+01 -3.776964e+00
2.350328e+01 2.150000e+01 -3.297782e+00
2.350480e+01 2.250000e+01 -3.207821e+00
2.350332e+01 2.350000e+01 -2.303641e+00
2.350475e+01 2.450000e+01 -2.300117e+00
2.450398e+01 5.000000e-01 9.968145e-01
2.450398e+01 1.500000e+00 9.061244e-01
2.450273e+01 2.500000e+00 5.827454e-01
2.450254e+01 3.500000e+00 2.304758e-01
2.450276e+01 4.500000e+00 -3.580245e-01
2.450330e+01 5.500000e+00 -6.855876e-01
2.450396e+01 6.500000e+00 -8.436035e-01
2.450274e+01 7.500000e+00 -1.934362e+00
2.450343e+01 8.500000e+00 -2.532915e+00
2.450373e+01 9.500000e+00 -2.538942e+00
2.450318e+01 1.050000e+01 -2.320162e+00
2.450327e+01 1.150000e+01 -2.948176e+00
2.450261e+01 1.250000e+01 -2.553673e+00
2.450370e+01 1.350000e+01 -2.823582e+00
2.450284e+01 1.450000e+01 -3.348978e+00
2.450298e+01 1.550000e+01 -3.012962e+00
2.450333e+01 1.650000e+01 -4.149937e+00
2.450300e+01 1.750000e+01 -3.804733e+00
2.450337e+01 1.850000e+01 -3.381959e+00
2.450324e+01 1.950000e+01 -3.170186e+00
2.450275e+01 2.050000e+01 -3.431185e+00
2.450376e+01 2.150000e+01 -3.353116e+00
2.450328e+01 2.250000e+01 -3.179051e+00
2.450428e+01 2.350000e+01 -2.677133e+00
2.450346e+01 2.450000e+01 -2.198837e+00
