1.077996e+00 5.000000e-01 3.500345e+01
1.077466e+00 1.500000e+00 1.679004e+01
1.077817e+00 2.500000e+00 1.353319e+01
1.078482e+00 3.500000e+00 1.312623e+01
1.077055e+00 4.500000e+00 7.195825e+00
1.077382e+00 5.500000e+00 6.278195e+00
1.077166e+00 6.500000e+00 3.896026e+00
1.077218e+00 7.500000e+00 8.435739e+00
1.077281e+00 8.500000e+00 1.297217e+01
1.077738e+00 9.500000e+00 1.170109e+01
1.077443e+00 1.050000e+01 8.356101e+00
1.077624e+00 1.150000e+01 8.396807e+00
1.078176e+00 1.250000e+01 6.556888e+00
1.077863e+00 1.350000e+01 4.999428e+00
1.077328e+00 1.450000e+01 9.795799e-01
1.077592e+00 1.550000e+01 5.252945e+00
1.077680e+00 1.650000e+01 6.414496e+00
1.078182e+00 1.750000e+01 5.629054e+00
1.077091e+00 1.850000e+01 3.525010e+00
1.077613e+00 1.950000e+01 3.079500e+00
1.077465e+00 2.050000e+01 5.402224e+00
1.077488e+00 2.150000e+01 3.558370e+00
1.077785e+00 2.250000e+01 -1.050380e+00
1.077590e+00 2.350000e+01 -1.213449e+00
1.078163e+00 2.450000e+01 6.116601e-01
1.242019e+00 5.000000e-01 3.132690e+01
1.240665e+00 1.500000e+00 1.497391e+01
1.240457e+00 2.500000e+00 1.228377e+01
1.241571e+00 3.500000e+00 1.197988e+01
1.241025e+00 4.500000e+00 2.634084e+00
1.240946e+00 5.500000e+00 5.800512e+00
1.241844e+00 6.500000e+00 2.987311e+00
1.239667e+00 7.500000e+00 7.681954e+00
1.240349e+00 8.500000e+00 1.204093e+01
1.240421e+00 9.500000e+00 1.008761e+01
1.240430e+00 1.050000e+01 7.685468e+00
1.239268e+00 1.150000e+01 7.854727e+00
1.241643e+00 1.250000e+01 7.687482e+00
1.239628e+00 1.350000e+01 3.029862e+00
1.240056e+00 1.450000e+01 2.808141e+00
1.240359e+00 1.550000e+01 4.510283e+00
1.240654e+00 1.650000e+01 6.053069e+00
1.240342e+00 1.750000e+01 6.197230e+00
1.240848e+00 1.850000e+01 3.044153e+00
1.241773e+00 1.950000e+01 4.868162e+00
1.241106e+00 2.050000e+01 5.575011e+00
1.240547e+00 2.150000e+01 2.275559e+00
1.240058e+00 2.250000e+01 -1.165390e+00
1.242214e+00 2.350000e+01 -2.525333e+00
1.241263e+00 2.450000e+01 3.919841e-01
1.429221e+00 5.000000e-01 2.470417e+01
1.428845e+00 1.500000e+00 1.472554e+01
1.426948e+00 2.500000e+00 1.124590e+01
1.427945e+00 3.500000e+00 1.029862e+01
1.427817e+00 4.500000e+00 6.742458e+00
1.429647e+00 5.500000e+00 3.597195e+00
1.429164e+00 6.500000e+00 5.458746e+00
1.427347e+00 7.500000e+00 6.753653e+00
1.427901e+00 8.500000e+00 8.651406e+00
1.429078e+00 9.500000e+00 8.514763e+00
1.428354e+00 1.050000e+01 9.159680e+00
1.427864e+00 1.150000e+01 7.525352e+00
1.428701e+00 1.250000e+01 5.791315e+00
1.429001e+00 1.350000e+01 3.084762e+00
1.428070e+00 1.450000e+01 3.194763e-01
1.429098e+00 1.550000e+01 3.120153e+00
1.428466e+00 1.650000e+01 5.798820e+00
1.426860e+00 1.750000e+01 6.987996e+00
1.429405e+00 1.850000e+01 4.397863e+00
1.428129e+00 1.950000e+01 5.457856e+00
1.428549e+00 2.050000e+01 5.020676e+00
1.430132e+00 2.150000e+01 3.473204e+00
1.428185e+00 2.250000e+01 8.190045e-01
1.428408e+00 2.350000e+01 -1.573587e-01
1.427284e+00 2.450000e+01 -1.150931e+00
1.645353e+00 5.000000e-01 2.098643e+01
1.644692e+00 1.500000e+00 1.394742e+01
1.644545e+00 2.500000e+00 1.108616e+01
1.644638e+00 3.500000e+00 8.328717e+00
1.644339e+00 4.500000e+00 3.836566e+00
1.645495e+00 5.500000e+00 2.218538e+00
1.645414e+00 6.500000e+00 6.797424e+00
1.644866e+00 7.500000e+00 6.103746e+00
1.643735e+00 8.500000e+00 9.335864e+00
1.645593e+00 9.500000e+00 9.633491e+00
1.645295e+00 1.050000e+01 8.808871e+00
1.645102e+00 1.150000e+01 8.549252e+00
1.643877e+00 1.250000e+01 7.741699e+00
1.644759e+00 1.350000e+01 4.391794e+00
1.644738e+00 1.450000e+01 2.386578e+00
1.645058e+00 1.550000e+01 3.738760e+00
1.645173e+00 1.650000e+01 4.049864e+00
1.645628e+00 1.750000e+01 6.626230e+00
1.644723e+00 1.850000e+01 5.748902e+00
1.645817e+00 1.950000e+01 6.303930e+00
1.645041e+00 2.050000e+01 4.987846e+00
1.645187e+00 2.150000e+01 2.722100e+00
1.644955e+00 2.250000e+01 1.860542e+00
1.644395e+00 2.350000e+01 4.795365e-01
1.645254e+00 2.450000e+01 -2.468421e-01
1.894896e+00 5.000000e-01 1.856292e+01
1.894066e+00 1.500000e+00 1.198354e+01
1.894902e+00 2.500000e+00 9.776761e+00
1.893404e+00 3.500000e+00 7.919466e+00
1.893513e+00 4.500000e+00 4.959077e+00
1.894025e+00 5.500000e+00 2.855823e-01
1.894285e+00 6.500000e+00 4.697817e+00
1.895602e+00 7.500000e+00 5.346698e+00
1.894332e+00 8.500000e+00 6.446029e+00
1.893601e+00 9.500000e+00 1.013874e+01
1.893742e+00 1.050000e+01 7.124072e+00
1.894543e+00 1.150000e+01 9.500368e+00
1.894159e+00 1.250000e+01 7.463665e+00
1.893640e+00 1.350000e+01 5.455188e+00
1.893436e+00 1.450000e+01 3.460186e+00
1.894501e+00 1.550000e+01 3.379169e+00
1.895050e+00 1.650000e+01 2.920583e+00
1.893814e+00 1.750000e+01 5.583838e+00
1.894738e+00 1.850000e+01 5.933162e+00
1.893606e+00 1.950000e+01 5.516962e+00
1.893934e+00 2.050000e+01 4.636234e+00
1.894589e+00 2.150000e+01 9.696071e-01
1.893125e+00 2.250000e+01 1.677084e+00
1.894615e+00 2.350000e+01 1.339246e+00
1.894284e+00 2.450000e+01 1.568650e+00
2.182088e+00 5.000000e-01 1.353044e+01
2.182369e+00 1.500000e+00 1.311178e+01
2.181542e+00 2.500000e+00 7.804089e+00
2.181459e+00 3.500000e+00 8.473648e+00
2.181222e+00 4.500000e+00 5.318389e+00
2.180469e+00 5.500000e+00 1.388280e+00
2.181447e+00 6.500000e+00 4.688975e+00
2.180707e+00 7.500000e+00 6.895065e+00
2.180758e+00 8.500000e+00 6.484991e+00
2.180773e+00 9.500000e+00 6.697468e+00
2.181302e+00 1.050000e+01 7.431181e+00
2.181693e+00 1.150000e+01 8.558785e+00
2.181809e+00 1.250000e+01 8.110086e+00
2.181527e+00 1.350000e+01 6.334752e+00
2.180901e+00 1.450000e+01 4.514707e+00
2.181550e+00 1.550000e+01 1.839757e+00
2.180429e+00 1.650000e+01 1.610760e+00
2.180391e+00 1.750000e+01 3.883627e+00
2.181059e+00 1.850000e+01 5.962097e+00
2.182047e+00 1.950000e+01 5.059252e+00
2.181592e+00 2.050000e+01 3.464396e+00
2.181900e+00 2.150000e+01 -2.424737e+00
2.180706e+00 2.250000e+01 -1.895876e-01
2.180999e+00 2.350000e+01 2.161000e+00
2.180493e+00 2.450000e+01 1.885143e+00
2.511757e+00 5.000000e-01 1.062306e+01
2.511514e+00 1.500000e+00 1.266469e+01
2.512266e+00 2.500000e+00 7.797705e+00
2.512646e+00 3.500000e+00 6.921513e+00
2.511697e+00 4.500000e+00 5.260383e+00
2.512493e+00 5.500000e+00 3.441829e+00
2.511275e+00 6.500000e+00 5.907435e+00
2.510302e+00 7.500000e+00 6.476394e+00
2.511399e+00 8.500000e+00 5.353588e+00
2.511450e+00 9.500000e+00 5.201541e+00
2.513260e+00 1.050000e+01 6.877459e+00
2.511310e+00 1.150000e+01 6.556553e+00
2.511750e+00 1.250000e+01 7.372668e+00
2.511885e+00 1.350000e+01 5.134991e+00
2.511277e+00 1.450000e+01 3.908278e+00
2.511162e+00 1.550000e+01 1.902746e+00
2.511121e+00 1.650000e+01 1.614746e+00
2.511611e+00 1.750000e+01 4.113580e+00
2.511825e+00 1.850000e+01 5.909462e+00
2.511876e+00 1.950000e+01 5.376182e+00
2.512099e+00 2.050000e+01 8.048558e-01
2.512171e+00 2.150000e+01 2.882123e+00
2.511429e+00 2.250000e+01 1.353122e+00
2.511701e+00 2.350000e+01 2.393130e+00
2.511229e+00 2.450000e+01 2.456623e+00
2.892430e+00 5.000000e-01 1.150754e+01
2.891927e+00 1.500000e+00 9.970698e+00
2.891971e+00 2.500000e+00 7.732565e+00
2.891630e+00 3.500000e+00 5.482623e+00
2.891222e+00 4.500000e+00 4.296803e+00
2.891986e+00 5.500000e+00 5.820762e+00
2.892706e+00 6.500000e+00 7.575201e+00
2.891686e+00 7.500000e+00 5.675975e+00
2.891735e+00 8.500000e+00 4.687467e+00
2.891871e+00 9.500000e+00 6.292289e+00
2.891172e+00 1.050000e+01 6.899328e+00
2.891260e+00 1.150000e+01 7.535167e+00
2.892036e+00 1.250000e+01 6.542316e+00
2.891228e+00 1.350000e+01 1.723654e+00
2.891144e+00 1.450000e+01 2.869851e+00
2.891844e+00 1.550000e+01 2.069999e+00
2.891815e+00 1.650000e+01 2.577891e+00
2.892386e+00 1.750000e+01 2.967611e+00
2.891228e+00 1.850000e+01 6.040917e+00
2.891743e+00 1.950000e+01 4.497592e+00
2.891695e+00 2.050000e+01 9.598745e-01
2.892751e+00 2.150000e+01 3.415282e+00
2.891418e+00 2.250000e+01 3.128311e+00
2.892220e+00 2.350000e+01 2.383407e+00
2.892351e+00 2.450000e+01 3.127924e+00
3.329771e+00 5.000000e-01 1.144607e+01
3.330339e+00 1.500000e+00 8.579675e+00
3.329987e+00 2.500000e+00 7.300405e+00
3.330079e+00 3.500000e+00 5.433609e+00
3.329572e+00 4.500000e+00 5.233317e+00
3.329136e+00 5.500000e+00 7.850038e+00
3.329326e+00 6.500000e+00 6.661832e+00
3.330891e+00 7.500000e+00 5.465473e+00
3.329410e+00 8.500000e+00 5.099478e+00
3.329498e+00 9.500000e+00 6.272329e+00
3.330038e+00 1.050000e+01 6.299747e+00
3.330401e+00 1.150000e+01 6.089558e+00
3.329450e+00 1.250000e+01 4.833060e+00
3.329594e+00 1.350000e+01 3.056164e+00
3.330376e+00 1.450000e+01 2.947221e+00
3.328365e+00 1.550000e+01 4.452955e+00
3.329364e+00 1.650000e+01 2.135228e+00
3.330287e+00 1.750000e+01 2.320953e+00
3.329069e+00 1.850000e+01 4.264948e+00
3.330675e+00 1.950000e+01 3.010264e+00
3.330162e+00 2.050000e+01 2.488469e+00
3.330790e+00 2.150000e+01 2.381311e+00
3.330581e+00 2.250000e+01 3.682832e+00
3.330043e+00 2.350000e+01 2.723310e+00
3.330892e+00 2.450000e+01 2.659425e+00
3.834435e+00 5.000000e-01 9.356371e+00
3.833764e+00 1.500000e+00 9.385343e+00
3.833335e+00 2.500000e+00 8.286792e+00
3.834184e+00 3.500000e+00 5.002059e+00
3.833392e+00 4.500000e+00 7.804158e+00
3.833779e+00 5.500000e+00 9.830146e+00
3.834003e+00 6.500000e+00 6.739759e+00
3.834199e+00 7.500000e+00 4.987661e+00
3.833157e+00 8.500000e+00 5.021869e+00
3.834026e+00 9.500000e+00 5.888035e+00
3.833612e+00 1.050000e+01 6.830936e+00
3.833995e+00 1.150000e+01 4.521496e+00
3.834046e+00 1.250000e+01 3.470659e+00
3.834861e+00 1.350000e+01 4.538487e+00
3.834168e+00 1.450000e+01 3.905765e+00
3.834246e+00 1.550000e+01 4.319097e+00
3.834451e+00 1.650000e+01 3.240659e+00
3.833710e+00 1.750000e+01 2.561013e+00
3.834500e+00 1.850000e+01 2.807913e+00
3.834521e+00 1.950000e+01 1.843365e+00
3.834209e+00 2.050000e+01 1.843312e+00
3.834278e+00 2.150000e+01 2.965537e+00
3.834123e+00 2.250000e+01 4.370096e+00
3.835329e+00 2.350000e+01 3.425613e+00
3.834771e+00 2.450000e+01 2.905996e+00
4.413431e+00 5.000000e-01 8.864201e+00
4.415235e+00 1.500000e+00 7.875985e+00
4.415433e+00 2.500000e+00 6.681437e+00
4.414820e+00 3.500000e+00 4.804468e+00
4.415116e+00 4.500000e+00 7.654180e+00
4.415432e+00 5.500000e+00 8.342866e+00
4.415162e+00 6.500000e+00 6.923904e+00
4.414480e+00 7.500000e+00 4.794823e+00
4.414414e+00 8.500000e+00 4.236600e+00
4.415191e+00 9.500000e+00 4.709429e+00
4.415902e+00 1.050000e+01 5.871712e+00
4.414946e+00 1.150000e+01 4.442404e+00
4.414316e+00 1.250000e+01 3.808305e+00
4.415289e+00 1.350000e+01 4.670648e+00
4.414400e+00 1.450000e+01 4.930893e+00
4.413795e+00 1.550000e+01 2.698001e+00
4.415843e+00 1.650000e+01 3.277142e+00
4.415083e+00 1.750000e+01 3.232141e+00
4.414278e+00 1.850000e+01 1.827855e+00
4.414656e+00 1.950000e+01 1.326722e+00
4.414872e+00 2.050000e+01 2.089496e+00
4.414283e+00 2.150000e+01 2.982796e+00
4.416166e+00 2.250000e+01 4.059525e+00
4.416136e+00 2.350000e+01 4.067108e+00
4.414982e+00 2.450000e+01 2.881187e+00
5.082783e+00 5.000000e-01 9.259455e+00
5.083346e+00 1.500000e+00 7.005996e+00
5.083969e+00 2.500000e+00 5.046393e+00
5.083537e+00 3.500000e+00 6.598624e+00
5.084065e+00 4.500000e+00 6.018773e+00
5.083115e+00 5.500000e+00 7.623292e+00
5.083153e+00 6.500000e+00 6.642176e+00
5.084540e+00 7.500000e+00 6.332687e+00
5.083895e+00 8.500000e+00 5.350865e+00
5.082966e+00 9.500000e+00 4.198541e+00
5.084622e+00 1.050000e+01 3.173879e+00
5.083672e+00 1.150000e+01 3.160484e+00
5.083169e+00 1.250000e+01 3.621642e+00
5.084085e+00 1.350000e+01 5.062401e+00
5.084209e+00 1.450000e+01 4.819077e+00
5.084355e+00 1.550000e+01 3.695314e+00
5.082560e+00 1.650000e+01 3.439780e+00
5.083336e+00 1.750000e+01 2.624696e+00
5.084495e+00 1.850000e+01 8.556468e-01
5.084545e+00 1.950000e+01 2.099111e+00
5.083612e+00 2.050000e+01 2.708143e+00
5.083607e+00 2.150000e+01 3.093833e+00
5.084533e+00 2.250000e+01 3.381958e+00
5.084376e+00 2.350000e+01 4.002265e+00
5.083293e+00 2.450000e+01 3.273896e+00
5.854502e+00 5.000000e-01 9.258621e+00
5.853791e+00 1.500000e+00 8.198710e+00
5.852889e+00 2.500000e+00 6.090675e+00
5.853566e+00 3.500000e+00 7.790288e+00
5.852619e+00 4.500000e+00 6.742182e+00
5.853063e+00 5.500000e+00 5.587827e+00
5.853218e+00 6.500000e+00 6.683170e+00
5.853307e+00 7.500000e+00 7.020099e+00
5.853328e+00 8.500000e+00 5.916848e+00
5.853391e+00 9.500000e+00 4.705199e+00
5.853239e+00 1.050000e+01 2.983935e+00
5.853930e+00 1.150000e+01 3.163976e+00
5.853386e+00 1.250000e+01 2.932146e+00
5.852628e+00 1.350000e+01 3.565477e+00
5.854309e+00 1.450000e+01 4.630492e+00
5.854365e+00 1.550000e+01 4.597656e+00
5.852948e+00 1.650000e+01 3.636296e+00
5.853521e+00 1.750000e+01 1.773144e+00
5.852430e+00 1.850000e+01 1.621024e+00
5.852778e+00 1.950000e+01 2.319623e+00
5.852781e+00 2.050000e+01 3.156297e+00
5.853950e+00 2.150000e+01 3.208354e+00
5.852748e+00 2.250000e+01 3.034572e+00
5.853464e+00 2.350000e+01 3.575534e+00
5.853234e+00 2.450000e+01 4.268554e+00
6.740459e+00 5.000000e-01 8.487259e+00
6.739626e+00 1.500000e+00 7.553400e+00
6.739879e+00 2.500000e+00 8.157870e+00
6.740250e+00 3.500000e+00 7.230964e+00
6.739846e+00 4.500000e+00 6.829181e+00
6.739473e+00 5.500000e+00 4.782142e+00
6.739812e+00 6.500000e+00 6.105180e+00
6.740133e+00 7.500000e+00 6.167503e+00
6.740875e+00 8.500000e+00 5.367788e+00
6.739896e+00 9.500000e+00 3.685839e+00
6.739341e+00 1.050000e+01 2.591155e+00
6.739553e+00 1.150000e+01 2.772123e+00
6.739418e+00 1.250000e+01 3.795661e+00
6.740475e+00 1.350000e+01 3.164508e+00
6.740212e+00 1.450000e+01 3.651216e+00
6.740591e+00 1.550000e+01 4.853793e+00
6.739252e+00 1.650000e+01 4.010911e+00
6.740127e+00 1.750000e+01 2.575128e+00
6.740835e+00 1.850000e+01 2.716799e+00
6.740034e+00 1.950000e+01 2.686269e+00
6.740753e+00 2.050000e+01 2.817565e+00
6.740433e+00 2.150000e+01 3.100932e+00
6.740294e+00 2.250000e+01 3.083943e+00
6.740088e+00 2.350000e+01 3.710679e+00
6.739936e+00 2.450000e+01 4.082911e+00
7.761196e+00 5.000000e-01 8.372754e+00
7.761107e+00 1.500000e+00 8.264206e+00
7.759897e+00 2.500000e+00 7.677637e+00
7.761101e+00 3.500000e+00 5.682128e+00
7.762418e+00 4.500000e+00 4.655948e+00
7.761603e+00 5.500000e+00 5.586288e+00
7.760519e+00 6.500000e+00 4.321228e+00
7.760686e+00 7.500000e+00 5.132321e+00
7.760900e+00 8.500000e+00 4.369750e+00
7.762117e+00 9.500000e+00 3.383590e+00
7.761618e+00 1.050000e+01 2.550564e+00
7.760978e+00 1.150000e+01 2.591598e+00
7.759574e+00 1.250000e+01 2.513310e+00
7.761430e+00 1.350000e+01 2.607914e+00
7.761362e+00 1.450000e+01 3.096160e+00
7.761226e+00 1.550000e+01 3.402251e+00
7.761204e+00 1.650000e+01 3.556221e+00
7.761980e+00 1.750000e+01 3.974415e+00
7.760819e+00 1.850000e+01 3.650402e+00
7.760747e+00 1.950000e+01 2.961329e+00
7.760861e+00 2.050000e+01 2.975183e+00
7.762657e+00 2.150000e+01 3.549607e+00
7.760296e+00 2.250000e+01 3.784399e+00
7.761988e+00 2.350000e+01 3.329259e+00
7.760779e+00 2.450000e+01 3.508851e+00
8.936058e+00 5.000000e-01 8.400717e+00
8.936225e+00 1.500000e+00 8.801765e+00
8.936818e+00 2.500000e+00 8.192836e+00
8.938103e+00 3.500000e+00 6.158035e+00
8.936885e+00 4.500000e+00 5.366966e+00
8.936364e+00 5.500000e+00 5.333619e+00
8.937309e+00 6.500000e+00 4.775503e+00
8.936470e+00 7.500000e+00 3.532440e+00
8.937567e+00 8.500000e+00 4.084356e+00
8.937027e+00 9.500000e+00 3.374143e+00
8.936529e+00 1.050000e+01 3.247438e+00
8.936559e+00 1.150000e+01 2.534538e+00
8.935646e+00 1.250000e+01 1.982432e+00
8.936694e+00 1.350000e+01 2.618919e+00
8.937008e+00 1.450000e+01 2.698615e+00
8.935482e+00 1.550000e+01 2.420669e+00
8.936097e+00 1.650000e+01 3.594799e+00
8.936688e+00 1.750000e+01 4.014236e+00
8.936455e+00 1.850000e+01 3.771098e+00
8.936325e+00 1.950000e+01 3.650810e+00
8.936164e+00 2.050000e+01 3.283248e+00
8.936058e+00 2.150000e+01 3.397371e+00
8.937428e+00 2.250000e+01 3.989037e+00
8.936447e+00 2.350000e+01 3.852532e+00
8.936252e+00 2.450000e+01 3.430780e+00
1.028951e+01 5.000000e-01 7.288072e+00
1.029055e+01 1.500000e+00 6.941337e+00
1.029129e+01 2.500000e+00 6.293596e+00
1.029078e+01 3.500000e+00 6.845269e+00
1.029062e+01 4.500000e+00 6.430188e+00
1.029102e+01 5.500000e+00 4.691094e+00
1.029029e+01 6.500000e+00 3.405343e+00
1.028885e+01 7.500000e+00 3.016407e+00
1.029051e+01 8.500000e+00 2.043661e+00
1.029099e+01 9.500000e+00 3.476437e+00
1.028993e+01 1.050000e+01 3.726791e+00
1.029094e+01 1.150000e+01 3.875770e+00
1.029103e+01 1.250000e+01 3.302801e+00
1.029072e+01 1.350000e+01 2.729005e+00
1.028977e+01 1.450000e+01 2.400435e+00
1.029098e+01 1.550000e+01 3.004186e+00
1.029027e+01 1.650000e+01 3.403935e+00
1.029112e+01 1.750000e+01 4.049480e+00
1.028989e+01 1.850000e+01 4.002480e+00
1.029132e+01 1.950000e+01 4.145633e+00
1.029012e+01 2.050000e+01 4.220779e+00
1.029057e+01 2.150000e+01 3.280171e+00
1.029036e+01 2.250000e+01 3.194543e+00
1.029053e+01 2.350000e+01 3.996455e+00
1.028982e+01 2.450000e+01 3.646345e+00
1.184880e+01 5.000000e-01 5.463759e+00
1.184863e+01 1.500000e+00 4.412396e+00
1.184752e+01 2.500000e+00 4.637547e+00
1.184778e+01 3.500000e+00 4.975319e+00
1.184877e+01 4.500000e+00 5.073392e+00
1.184885e+01 5.500000e+00 4.798934e+00
1.184733e+01 6.500000e+00 3.467168e+00
1.184740e+01 7.500000e+00 2.560634e+00
1.184921e+01 8.500000e+00 2.724493e+00
1.184822e+01 9.500000e+00 2.356371e+00
1.184874e+01 1.050000e+01 3.545450e+00
1.184778e+01 1.150000e+01 3.554093e+00
1.184949e+01 1.250000e+01 3.190378e+00
1.184959e+01 1.350000e+01 2.490260e+00
1.184789e+01 1.450000e+01 2.441350e+00
1.184959e+01 1.550000e+01 2.781635e+00
1.184798e+01 1.650000e+01 3.073927e+00
1.184898e+01 1.750000e+01 3.363359e+00
1.184810e+01 1.850000e+01 3.858289e+00
1.184990e+01 1.950000e+01 3.985741e+00
1.184806e+01 2.050000e+01 3.519634e+00
1.184916e+01 2.150000e+01 3.624819e+00
1.184770e+01 2.250000e+01 3.395068e+00
1.184828e+01 2.350000e+01 2.728059e+00
1.184842e+01 2.450000e+01 3.066400e+00
1.364395e+01 5.000000e-01 5.375358e+00
1.364382e+01 1.500000e+00 6.027039e+00
1.364370e+01 2.500000e+00 5.698327e+00
1.364423e+01 3.500000e+00 4.988586e+00
1.364332e+01 4.500000e+00 4.409777e+00
1.364319e+01 5.500000e+00 3.783017e+00
1.364297e+01 6.500000e+00 3.536352e+00
1.364335e+01 7.500000e+00 3.106922e+00
1.364323e+01 8.500000e+00 2.594638e+00
1.364396e+01 9.500000e+00 2.695185e+00
1.364343e+01 1.050000e+01 2.160674e+00
1.364324e+01 1.150000e+01 2.426529e+00
1.364309e+01 1.250000e+01 2.990036e+00
1.364331e+01 1.350000e+01 3.048254e+00
1.364279e+01 1.450000e+01 2.814179e+00
1.364313e+01 1.550000e+01 2.505567e+00
1.364404e+01 1.650000e+01 2.757146e+00
1.364388e+01 1.750000e+01 2.799363e+00
1.364297e+01 1.850000e+01 2.841811e+00
1.364298e+01 1.950000e+01 3.229494e+00
1.364290e+01 2.050000e+01 3.449283e+00
1.364200e+01 2.150000e+01 3.340125e+00
1.364236e+01 2.250000e+01 3.202699e+00
1.364384e+01 2.350000e+01 2.796873e+00
1.364353e+01 2.450000e+01 2.121863e+00
1.571107e+01 5.000000e-01 6.270951e+00
1.570872e+01 1.500000e+00 5.133263e+00
1.570949e+01 2.500000e+00 4.787801e+00
1.571017e+01 3.500000e+00 4.211959e+00
1.570978e+01 4.500000e+00 3.324275e+00
1.570938e+01 5.500000e+00 3.144602e+00
1.570997e+01 6.500000e+00 3.348663e+00
1.570930e+01 7.500000e+00 3.107795e+00
1.571020e+01 8.500000e+00 2.759740e+00
1.570986e+01 9.500000e+00 2.343821e+00
1.570930e+01 1.050000e+01 2.155021e+00
1.570916e+01 1.150000e+01 2.273992e+00
1.571060e+01 1.250000e+01 2.251777e+00
1.570955e+01 1.350000e+01 2.627535e+00
1.570956e+01 1.450000e+01 2.745839e+00
1.570963e+01 1.550000e+01 2.788800e+00
1.571030e+01 1.650000e+01 2.689018e+00
1.570917e+01 1.750000e+01 2.535173e+00
1.570896e+01 1.850000e+01 2.697411e+00
1.570949e+01 1.950000e+01 2.623139e+00
1.570935e+01 2.050000e+01 2.639410e+00
1.570929e+01 2.150000e+01 2.786376e+00
1.570928e+01 2.250000e+01 2.656009e+00
1.571060e+01 2.350000e+01 2.370497e+00
1.570968e+01 2.450000e+01 2.040202e+00
1.808934e+01 5.000000e-01 4.844970e+00
1.809011e+01 1.500000e+00 4.546081e+00
1.808986e+01 2.500000e+00 3.739791e+00
1.808925e+01 3.500000e+00 3.469681e+00
1.808995e+01 4.500000e+00 3.641291e+00
1.808923e+01 5.500000e+00 3.570383e+00
1.808898e+01 6.500000e+00 3.132023e+00
1.808957e+01 7.500000e+00 2.825287e+00
1.808902e+01 8.500000e+00 2.436997e+00
1.808895e+01 9.500000e+00 2.033383e+00
1.808896e+01 1.050000e+01 1.873928e+00
1.808993e+01 1.150000e+01 1.712667e+00
1.808923e+01 1.250000e+01 1.821803e+00
1.808985e+01 1.350000e+01 1.605792e+00
1.808968e+01 1.450000e+01 1.642377e+00
1.808886e+01 1.550000e+01 1.880110e+00
1.808926e+01 1.650000e+01 2.043534e+00
1.808933e+01 1.750000e+01 2.141508e+00
1.808922e+01 1.850000e+01 1.938681e+00
1.808945e+01 1.950000e+01 1.924985e+00
1.808956e+01 2.050000e+01 1.718872e+00
1.808762e+01 2.150000e+01 1.470547e+00
1.808940e+01 2.250000e+01 1.787139e+00
1.808938e+01 2.350000e+01 2.070877e+00
1.808937e+01 2.450000e+01 1.760730e+00
2.082938e+01 5.000000e-01 3.799068e+00
2.082917e+01 1.500000e+00 3.825895e+00
2.083080e+01 2.500000e+00 3.923819e+00
2.082851e+01 3.500000e+00 3.924788e+00
2.082928e+01 4.500000e+00 3.438858e+00
2.082821e+01 5.500000e+00 3.095265e+00
2.082892e+01 6.500000e+00 2.863698e+00
2.082921e+01 7.500000e+00 2.606936e+00
2.083011e+01 8.500000e+00 2.192611e+00
2.082893e+01 9.500000e+00 1.907846e+00
2.082938e+01 1.050000e+01 1.799063e+00
2.082928e+01 1.150000e+01 1.870740e+00
2.082835e+01 1.250000e+01 1.549748e+00
2.082956e+01 1.350000e+01 1.259772e+00
2.082823e+01 1.450000e+01 1.245619e+00
2.082912e+01 1.550000e+01 1.265393e+00
2.082894e+01 1.650000e+01 1.376492e+00
2.082921e+01 1.750000e+01 1.508220e+00
2.082888e+01 1.850000e+01 1.336073e+00
2.082936e+01 1.950000e+01 1.057448e+00
2.082879e+01 2.050000e+01 8.571086e-01
2.082940e+01 2.150000e+01 9.072337e-01
2.083029e+01 2.250000e+01 8.641973e-01
2.082922e+01 2.350000e+01 7.649123e-01
2.082917e+01 2.450000e+01 9.150277e-01
2.398455e+01 5.000000e-01 3.605678e+00
2.398514e+01 1.500000e+00 3.323881e+00
2.398390e+01 2.500000e+00 3.064126e+00
2.398458e+01 3.500000e+00 3.048952e+00
2.398456e+01 4.500000e+00 2.949586e+00
2.398472e+01 5.500000e+00 2.956502e+00
2.398443e+01 6.500000e+00 2.866995e+00
2.398361e+01 7.500000e+00 2.742857e+00
2.398350e+01 8.500000e+00 2.660362e+00
2.398420e+01 9.500000e+00 2.515741e+00
2.398436e+01 1.050000e+01 2.278150e+00
2.398391e+01 1.150000e+01 2.035561e+00
2.398399e+01 1.250000e+01 1.780252e+00
2.398377e+01 1.350000e+01 1.541571e+00
2.398374e+01 1.450000e+01 1.204633e+00
2.398384e+01 1.550000e+01 8.711487e-01
2.398292e+01 1.650000e+01 7.482738e-01
2.398515e+01 1.750000e+01 6.586616e-01
2.398410e+01 1.850000e+01 5.289903e-01
2.398471e+01 1.950000e+01 6.451771e-01
2.398385e+01 2.050000e+01 5.877526e-01
2.398349e+01 2.150000e+01 3.656684e-01
2.398411e+01 2.250000e+01 2.049317e-01
2.398363e+01 2.350000e+01 1.363665e-01
2.398340e+01 2.450000e+01 -1.375320e-03
2.761629e+01 5.000000e-01 2.885437e+00
2.761610e+01 1.500000e+00 2.735709e+00
2.761777e+01 2.500000e+00 2.566964e+00
2.761651e+01 3.500000e+00 2.343877e+00
2.761670e+01 4.500000e+00 2.198989e+00
2.761579e+01 5.500000e+00 2.196686e+00
2.761747e+01 6.500000e+00 2.273146e+00
2.761752e+01 7.500000e+00 2.258875e+00
2.761703e+01 8.500000e+00 2.080414e+00
2.761687e+01 9.500000e+00 1.905723e+00
2.761592e+01 1.050000e+01 1.727329e+00
2.761660e+01 1.150000e+01 1.560852e+00
2.761662e+01 1.250000e+01 1.295289e+00
2.761671e+01 1.350000e+01 9.329571e-01
2.761580e+01 1.450000e+01 7.559387e-01
2.761662e+01 1.550000e+01 5.924271e-01
2.761675e+01 1.650000e+01 3.300596e-01
2.761714e+01 1.750000e+01 3.072677e-02
2.761584e+01 1.850000e+01 -1.368813e-01
2.761686e+01 1.950000e+01 -1.722476e-01
2.761675e+01 2.050000e+01 -1.888632e-01
2.761506e+01 2.150000e+01 -1.674766e-01
2.761588e+01 2.250000e+01 -7.989349e-03
2.761684e+01 2.350000e+01 -1.487677e-01
2.761735e+01 2.450000e+01 -3.646709e-01
