1.106465e-01 6.290319e+02
1.347990e-01 4.140117e+02
1.644135e-01 2.507625e+02
1.997323e-01 1.675008e+02
2.424253e-01 1.086999e+02
2.958376e-01 7.235765e+01
3.597499e-01 5.158821e+01
4.379071e-01 3.353762e+01
5.335895e-01 2.434173e+01
6.480709e-01 1.731413e+01
7.891339e-01 1.195696e+01
9.603463e-01 8.958156e+00
1.169598e+00 6.537271e+00
1.422138e+00 4.914693e+00
1.728664e+00 3.676532e+00
2.107132e+00 2.760485e+00
2.563725e+00 2.066912e+00
3.118262e+00 1.513138e+00
3.795738e+00 1.118131e+00
4.619881e+00 8.247481e-01
5.623562e+00 6.105696e-01
6.843675e+00 4.175702e-01
8.328028e+00 2.950630e-01
1.013603e+01 1.771407e-01
1.233593e+01 1.095412e-01
1.501550e+01 5.923661e-02
1.827344e+01 3.443429e-02
2.223241e+01 2.728241e-02
2.705056e+01 1.748404e-02
