4.076667e-01 5.000000e-01 1.026374e+02
4.081555e-01 1.500000e+00 1.866690e+01
4.084563e-01 2.500000e+00 1.522508e+01
4.099714e-01 3.500000e+00 2.369138e+00
4.085827e-01 4.500000e+00 1.081876e+01
4.064236e-01 5.500000e+00 6.213852e+00
4.081283e-01 6.500000e+00 2.887088e+00
4.115362e-01 7.500000e+00 1.269864e+01
4.090390e-01 8.500000e+00 1.432511e+01
4.102458e-01 9.500000e+00 9.630744e+00
4.075980e-01 1.050000e+01 9.208173e+00
4.071922e-01 1.150000e+01 5.487377e+00
4.095653e-01 1.250000e+01 2.593103e+00
4.101018e-01 1.350000e+01 7.249602e+00
4.058708e-01 1.450000e+01 2.443953e+00
4.089037e-01 1.550000e+01 -6.816827e-01
4.087816e-01 1.650000e+01 7.168229e+00
4.104104e-01 1.750000e+01 4.778152e+00
4.122702e-01 1.850000e+01 5.556609e+00
4.117374e-01 1.950000e+01 5.589995e+00
4.094923e-01 2.050000e+01 6.670207e+00
4.110594e-01 2.150000e+01 6.362547e+00
4.106740e-01 2.250000e+01 1.350683e+00
4.092524e-01 2.350000e+01 -7.264711e-01
4.089576e-01 2.450000e+01 2.262443e-03
8.731669e-01 5.000000e-01 4.348667e+01
8.742743e-01 1.500000e+00 1.835387e+01
8.735236e-01 2.500000e+00 1.385799e+01
8.737439e-01 3.500000e+00 1.008612e+01
8.758082e-01 4.500000e+00 9.349369e+00
8.764724e-01 5.500000e+00 7.162752e+00
8.767763e-01 6.500000e+00 4.500626e+00
8.746747e-01 7.500000e+00 1.024399e+01
8.746398e-01 8.500000e+00 1.371922e+01
8.753711e-01 9.500000e+00 1.135408e+01
8.741371e-01 1.050000e+01 9.422368e+00
8.741814e-01 1.150000e+01 7.145999e+00
8.735762e-01 1.250000e+01 6.160256e+00
8.740155e-01 1.350000e+01 5.480968e+00
8.755487e-01 1.450000e+01 3.101605e+00
8.730319e-01 1.550000e+01 4.971942e+00
8.776758e-01 1.650000e+01 7.138050e+00
8.717564e-01 1.750000e+01 4.940200e+00
8.737436e-01 1.850000e+01 4.155358e+00
8.749313e-01 1.950000e+01 4.199173e+00
8.749268e-01 2.050000e+01 5.516155e+00
8.739320e-01 2.150000e+01 3.215136e+00
8.746960e-01 2.250000e+01 4.563205e-02
8.748109e-01 2.350000e+01 -1.552452e+00
8.741407e-01 2.450000e+01 4.812578e-01
1.364783e+00 5.000000e-01 2.747225e+01
1.364153e+00 1.500000e+00 1.518705e+01
1.367167e+00 2.500000e+00 1.140333e+01
1.365704e+00 3.500000e+00 1.089465e+01
1.364784e+00 4.500000e+00 4.881768e+00
1.365269e+00 5.500000e+00 3.997119e+00
1.365807e+00 6.500000e+00 4.672046e+00
1.364215e+00 7.500000e+00 7.048915e+00
1.365580e+00 8.500000e+00 1.020645e+01
1.367166e+00 9.500000e+00 9.442157e+00
1.363800e+00 1.050000e+01 8.766544e+00
1.365230e+00 1.150000e+01 7.682592e+00
1.365396e+00 1.250000e+01 6.622608e+00
1.365944e+00 1.350000e+01 3.417476e+00
1.366251e+00 1.450000e+01 1.453581e+00
1.364575e+00 1.550000e+01 3.767584e+00
1.365636e+00 1.650000e+01 5.509734e+00
1.362743e+00 1.750000e+01 6.762337e+00
1.365904e+00 1.850000e+01 4.144084e+00
1.364292e+00 1.950000e+01 5.208996e+00
1.365626e+00 2.050000e+01 5.079553e+00
1.365454e+00 2.150000e+01 2.892327e+00
1.365603e+00 2.250000e+01 1.214532e-01
1.366958e+00 2.350000e+01 -1.023090e+00
1.365912e+00 2.450000e+01 -4.418818e-01
1.859875e+00 5.000000e-01 1.884496e+01
1.860676e+00 1.500000e+00 1.234142e+01
1.862007e+00 2.500000e+00 1.001422e+01
1.860915e+00 3.500000e+00 8.036212e+00
1.859775e+00 4.500000e+00 4.720820e+00
1.861246e+00 5.500000e+00 1.023922e+00
1.861314e+00 6.500000e+00 5.271233e+00
1.862958e+00 7.500000e+00 5.801668e+00
1.862917e+00 8.500000e+00 7.102204e+00
1.860455e+00 9.500000e+00 9.814050e+00
1.862116e+00 1.050000e+01 7.365351e+00
1.861035e+00 1.150000e+01 9.366740e+00
1.862742e+00 1.250000e+01 7.664158e+00
1.860898e+00 1.350000e+01 5.391642e+00
1.861674e+00 1.450000e+01 3.288835e+00
1.861721e+00 1.550000e+01 3.624541e+00
1.862692e+00 1.650000e+01 2.996188e+00
1.861717e+00 1.750000e+01 5.476060e+00
1.862442e+00 1.850000e+01 5.876951e+00
1.859303e+00 1.950000e+01 5.594411e+00
1.858627e+00 2.050000e+01 4.741561e+00
1.859778e+00 2.150000e+01 1.305752e+00
1.860106e+00 2.250000e+01 1.735057e+00
1.861439e+00 2.350000e+01 1.317762e+00
1.861125e+00 2.450000e+01 9.817901e-01
2.358204e+00 5.000000e-01 1.154873e+01
2.359814e+00 1.500000e+00 1.343122e+01
2.358488e+00 2.500000e+00 7.700670e+00
2.359742e+00 3.500000e+00 7.791804e+00
2.359704e+00 4.500000e+00 5.197675e+00
2.359937e+00 5.500000e+00 2.252479e+00
2.358806e+00 6.500000e+00 5.207026e+00
2.361173e+00 7.500000e+00 6.827597e+00
2.359280e+00 8.500000e+00 5.948210e+00
2.358636e+00 9.500000e+00 5.427989e+00
2.359213e+00 1.050000e+01 7.245736e+00
2.360002e+00 1.150000e+01 7.291952e+00
2.359400e+00 1.250000e+01 7.843589e+00
2.357334e+00 1.350000e+01 5.613175e+00
2.358544e+00 1.450000e+01 4.487434e+00
2.359912e+00 1.550000e+01 1.490520e+00
2.359789e+00 1.650000e+01 1.653352e+00
2.359250e+00 1.750000e+01 4.169318e+00
2.359450e+00 1.850000e+01 6.032742e+00
2.357989e+00 1.950000e+01 5.399862e+00
2.359025e+00 2.050000e+01 1.873963e+00
2.358343e+00 2.150000e+01 2.328368e-01
2.358575e+00 2.250000e+01 3.098255e-01
2.359090e+00 2.350000e+01 2.236989e+00
2.357771e+00 2.450000e+01 2.175156e+00
2.857031e+00 5.000000e-01 1.123116e+01
2.857012e+00 1.500000e+00 1.003407e+01
2.856788e+00 2.500000e+00 7.852755e+00
2.856178e+00 3.500000e+00 5.577035e+00
2.857319e+00 4.500000e+00 4.500973e+00
2.857167e+00 5.500000e+00 5.811811e+00
2.857944e+00 6.500000e+00 7.499300e+00
2.858058e+00 7.500000e+00 5.695166e+00
2.857743e+00 8.500000e+00 4.820259e+00
2.857539e+00 9.500000e+00 6.265572e+00
2.854978e+00 1.050000e+01 6.819510e+00
2.857296e+00 1.150000e+01 7.350454e+00
2.856706e+00 1.250000e+01 6.584978e+00
2.856943e+00 1.350000e+01 2.215837e+00
2.856972e+00 1.450000e+01 2.892229e+00
2.857699e+00 1.550000e+01 2.144138e+00
2.857183e+00 1.650000e+01 2.456854e+00
2.857494e+00 1.750000e+01 3.006447e+00
2.856778e+00 1.850000e+01 5.863152e+00
2.856750e+00 1.950000e+01 4.555575e+00
2.856841e+00 2.050000e+01 9.391019e-01
2.857813e+00 2.150000e+01 3.340357e+00
2.857342e+00 2.250000e+01 2.973982e+00
2.856802e+00 2.350000e+01 2.437677e+00
2.858279e+00 2.450000e+01 3.112415e+00
3.356857e+00 5.000000e-01 1.136354e+01
3.356725e+00 1.500000e+00 8.572782e+00
3.356848e+00 2.500000e+00 7.259852e+00
3.356700e+00 3.500000e+00 5.340897e+00
3.356525e+00 4.500000e+00 5.453708e+00
3.355859e+00 5.500000e+00 7.963816e+00
3.356258e+00 6.500000e+00 6.570974e+00
3.357091e+00 7.500000e+00 5.399993e+00
3.356080e+00 8.500000e+00 4.921678e+00
3.355798e+00 9.500000e+00 6.332432e+00
3.356201e+00 1.050000e+01 6.176208e+00
3.357272e+00 1.150000e+01 5.991472e+00
3.356136e+00 1.250000e+01 4.793412e+00
3.356115e+00 1.350000e+01 3.264809e+00
3.357234e+00 1.450000e+01 3.080961e+00
3.355069e+00 1.550000e+01 4.540135e+00
3.355654e+00 1.650000e+01 2.220002e+00
3.356598e+00 1.750000e+01 2.389035e+00
3.355779e+00 1.850000e+01 4.220594e+00
3.357219e+00 1.950000e+01 2.926138e+00
3.356936e+00 2.050000e+01 2.498162e+00
3.357095e+00 2.150000e+01 2.416153e+00
3.356566e+00 2.250000e+01 3.730222e+00
3.356281e+00 2.350000e+01 2.747289e+00
3.356827e+00 2.450000e+01 2.707390e+00
3.856069e+00 5.000000e-01 9.245093e+00
3.855082e+00 1.500000e+00 9.428239e+00
3.854866e+00 2.500000e+00 8.371103e+00
3.855528e+00 3.500000e+00 5.024026e+00
3.854785e+00 4.500000e+00 7.845613e+00
3.855497e+00 5.500000e+00 9.920855e+00
3.855697e+00 6.500000e+00 6.822773e+00
3.855047e+00 7.500000e+00 5.006615e+00
3.854333e+00 8.500000e+00 5.149797e+00
3.855178e+00 9.500000e+00 5.790144e+00
3.855093e+00 1.050000e+01 7.005692e+00
3.855331e+00 1.150000e+01 4.478489e+00
3.855377e+00 1.250000e+01 3.376479e+00
3.856341e+00 1.350000e+01 4.511663e+00
3.855445e+00 1.450000e+01 3.860488e+00
3.855751e+00 1.550000e+01 4.256883e+00
3.855596e+00 1.650000e+01 3.255750e+00
3.855166e+00 1.750000e+01 2.525582e+00
3.855967e+00 1.850000e+01 2.762978e+00
3.855797e+00 1.950000e+01 1.804353e+00
3.855862e+00 2.050000e+01 1.787545e+00
3.855482e+00 2.150000e+01 2.979814e+00
3.855325e+00 2.250000e+01 4.390462e+00
3.856464e+00 2.350000e+01 3.457593e+00
3.855874e+00 2.450000e+01 2.888002e+00
4.353657e+00 5.000000e-01 8.850104e+00
4.355162e+00 1.500000e+00 8.149640e+00
4.354952e+00 2.500000e+00 6.797780e+00
4.354505e+00 3.500000e+00 4.714765e+00
4.355022e+00 4.500000e+00 7.822384e+00
4.355959e+00 5.500000e+00 8.206666e+00
4.354506e+00 6.500000e+00 7.091382e+00
4.354792e+00 7.500000e+00 4.692631e+00
4.354680e+00 8.500000e+00 4.381668e+00
4.355166e+00 9.500000e+00 5.028182e+00
4.354535e+00 1.050000e+01 6.197140e+00
4.355117e+00 1.150000e+01 4.490062e+00
4.354976e+00 1.250000e+01 3.778318e+00
4.354675e+00 1.350000e+01 4.408915e+00
4.354036e+00 1.450000e+01 4.955033e+00
4.354712e+00 1.550000e+01 2.769527e+00
4.355143e+00 1.650000e+01 3.045186e+00
4.355657e+00 1.750000e+01 3.291709e+00
4.353972e+00 1.850000e+01 2.182814e+00
4.354458e+00 1.950000e+01 1.411840e+00
4.354979e+00 2.050000e+01 2.006155e+00
4.354776e+00 2.150000e+01 3.102004e+00
4.355527e+00 2.250000e+01 4.127056e+00
4.355859e+00 2.350000e+01 4.068417e+00
4.354842e+00 2.450000e+01 3.018771e+00
4.854637e+00 5.000000e-01 9.340885e+00
4.853979e+00 1.500000e+00 6.263025e+00
4.854271e+00 2.500000e+00 5.105501e+00
4.854133e+00 3.500000e+00 5.655006e+00
4.854020e+00 4.500000e+00 6.286150e+00
4.853812e+00 5.500000e+00 8.234710e+00
4.854044e+00 6.500000e+00 6.254568e+00
4.854226e+00 7.500000e+00 5.832740e+00
4.853816e+00 8.500000e+00 4.723286e+00
4.854345e+00 9.500000e+00 3.831715e+00
4.852886e+00 1.050000e+01 4.036230e+00
4.854324e+00 1.150000e+01 3.706177e+00
4.855204e+00 1.250000e+01 3.808885e+00
4.854641e+00 1.350000e+01 5.483173e+00
4.854133e+00 1.450000e+01 4.968195e+00
4.855233e+00 1.550000e+01 3.453460e+00
4.854440e+00 1.650000e+01 3.822728e+00
4.855220e+00 1.750000e+01 2.773491e+00
4.854672e+00 1.850000e+01 7.763829e-01
4.854357e+00 1.950000e+01 1.589959e+00
4.853592e+00 2.050000e+01 2.349515e+00
4.854156e+00 2.150000e+01 2.772076e+00
4.854151e+00 2.250000e+01 3.628909e+00
4.854257e+00 2.350000e+01 4.115578e+00
4.854015e+00 2.450000e+01 2.595512e+00
5.353735e+00 5.000000e-01 9.090474e+00
5.353286e+00 1.500000e+00 7.919747e+00
5.353705e+00 2.500000e+00 5.528183e+00
5.353455e+00 3.500000e+00 7.471962e+00
5.354494e+00 4.500000e+00 6.144526e+00
5.354565e+00 5.500000e+00 6.869794e+00
5.353263e+00 6.500000e+00 6.908357e+00
5.353941e+00 7.500000e+00 6.827832e+00
5.354071e+00 8.500000e+00 5.670755e+00
5.354104e+00 9.500000e+00 4.551438e+00
5.353608e+00 1.050000e+01 2.530458e+00
5.353787e+00 1.150000e+01 2.752266e+00
5.353900e+00 1.250000e+01 3.286426e+00
5.353406e+00 1.350000e+01 4.610116e+00
5.353271e+00 1.450000e+01 4.807112e+00
5.353060e+00 1.550000e+01 3.753356e+00
5.353516e+00 1.650000e+01 3.143625e+00
5.353635e+00 1.750000e+01 2.446045e+00
5.354682e+00 1.850000e+01 8.198274e-01
5.353543e+00 1.950000e+01 2.630554e+00
5.353884e+00 2.050000e+01 3.052469e+00
5.353314e+00 2.150000e+01 3.323919e+00
5.354363e+00 2.250000e+01 3.032963e+00
5.354272e+00 2.350000e+01 3.731029e+00
5.353829e+00 2.450000e+01 4.159924e+00
5.853501e+00 5.000000e-01 8.984341e+00
5.853981e+00 1.500000e+00 8.430933e+00
5.853464e+00 2.500000e+00 5.794972e+00
5.853754e+00 3.500000e+00 7.894402e+00
5.853431e+00 4.500000e+00 6.644557e+00
5.853063e+00 5.500000e+00 5.622120e+00
5.852916e+00 6.500000e+00 6.880314e+00
5.853885e+00 7.500000e+00 7.126188e+00
5.853668e+00 8.500000e+00 5.856841e+00
5.853763e+00 9.500000e+00 4.652424e+00
5.853231e+00 1.050000e+01 3.037526e+00
5.853250e+00 1.150000e+01 3.387405e+00
5.853975e+00 1.250000e+01 2.866113e+00
5.852543e+00 1.350000e+01 3.592829e+00
5.853279e+00 1.450000e+01 4.471263e+00
5.853841e+00 1.550000e+01 4.646096e+00
5.853324e+00 1.650000e+01 3.702712e+00
5.854215e+00 1.750000e+01 1.764776e+00
5.853089e+00 1.850000e+01 1.723612e+00
5.852946e+00 1.950000e+01 2.365585e+00
5.854027e+00 2.050000e+01 3.254026e+00
5.854221e+00 2.150000e+01 3.174246e+00
5.853234e+00 2.250000e+01 3.108755e+00
5.852777e+00 2.350000e+01 3.606629e+00
5.852776e+00 2.450000e+01 4.164960e+00
6.352976e+00 5.000000e-01 9.779753e+00
6.353052e+00 1.500000e+00 7.966646e+00
6.354079e+00 2.500000e+00 7.808113e+00
6.353417e+00 3.500000e+00 7.563338e+00
6.353977e+00 4.500000e+00 7.309772e+00
6.352885e+00 5.500000e+00 4.292931e+00
6.353565e+00 6.500000e+00 6.269500e+00
6.353205e+00 7.500000e+00 6.528267e+00
6.352693e+00 8.500000e+00 6.298463e+00
6.353358e+00 9.500000e+00 4.347772e+00
6.353481e+00 1.050000e+01 3.016540e+00
6.353524e+00 1.150000e+01 2.706609e+00
6.353801e+00 1.250000e+01 3.370465e+00
6.353734e+00 1.350000e+01 2.696052e+00
6.352957e+00 1.450000e+01 4.200945e+00
6.352620e+00 1.550000e+01 4.947166e+00
6.353974e+00 1.650000e+01 3.778583e+00
6.353203e+00 1.750000e+01 1.666292e+00
6.354127e+00 1.850000e+01 2.483096e+00
6.353561e+00 1.950000e+01 2.014402e+00
6.353108e+00 2.050000e+01 3.052957e+00
6.353663e+00 2.150000e+01 3.281022e+00
6.353341e+00 2.250000e+01 2.931206e+00
6.353485e+00 2.350000e+01 3.564684e+00
6.353142e+00 2.450000e+01 4.084926e+00
6.853008e+00 5.000000e-01 7.875314e+00
6.853165e+00 1.500000e+00 7.235492e+00
6.852582e+00 2.500000e+00 8.397017e+00
6.852810e+00 3.500000e+00 7.139543e+00
6.852820e+00 4.500000e+00 6.677639e+00
6.852768e+00 5.500000e+00 5.224435e+00
6.852470e+00 6.500000e+00 6.287889e+00
6.853278e+00 7.500000e+00 6.062711e+00
6.853130e+00 8.500000e+00 4.959585e+00
6.852330e+00 9.500000e+00 3.698356e+00
6.852018e+00 1.050000e+01 2.458339e+00
6.852532e+00 1.150000e+01 2.996083e+00
6.853390e+00 1.250000e+01 4.182782e+00
6.852792e+00 1.350000e+01 3.373310e+00
6.852764e+00 1.450000e+01 3.474074e+00
6.853231e+00 1.550000e+01 4.935205e+00
6.852664e+00 1.650000e+01 4.102925e+00
6.852949e+00 1.750000e+01 2.918586e+00
6.853934e+00 1.850000e+01 2.626614e+00
6.853378e+00 1.950000e+01 2.968749e+00
6.853502e+00 2.050000e+01 2.645998e+00
6.853419e+00 2.150000e+01 2.947184e+00
6.852382e+00 2.250000e+01 3.156156e+00
6.853736e+00 2.350000e+01 3.786550e+00
6.853212e+00 2.450000e+01 4.162984e+00
7.352897e+00 5.000000e-01 8.343092e+00
7.353190e+00 1.500000e+00 8.147113e+00
7.353006e+00 2.500000e+00 7.283630e+00
7.352249e+00 3.500000e+00 5.877585e+00
7.352487e+00 4.500000e+00 5.482501e+00
7.353232e+00 5.500000e+00 5.025473e+00
7.352792e+00 6.500000e+00 4.637185e+00
7.353228e+00 7.500000e+00 5.249387e+00
7.352715e+00 8.500000e+00 4.038456e+00
7.352231e+00 9.500000e+00 3.207416e+00
7.352422e+00 1.050000e+01 2.394073e+00
7.352490e+00 1.150000e+01 2.234022e+00
7.352585e+00 1.250000e+01 3.134139e+00
7.352645e+00 1.350000e+01 3.153430e+00
7.353002e+00 1.450000e+01 3.470157e+00
7.352978e+00 1.550000e+01 4.033465e+00
7.352566e+00 1.650000e+01 4.010837e+00
7.353286e+00 1.750000e+01 3.766839e+00
7.352781e+00 1.850000e+01 3.361692e+00
7.352091e+00 1.950000e+01 2.765963e+00
7.353319e+00 2.050000e+01 2.973634e+00
7.353147e+00 2.150000e+01 3.530538e+00
7.352411e+00 2.250000e+01 3.268130e+00
7.353351e+00 2.350000e+01 3.582940e+00
7.353321e+00 2.450000e+01 3.751039e+00
7.852643e+00 5.000000e-01 8.319169e+00
7.852667e+00 1.500000e+00 7.994316e+00
7.851961e+00 2.500000e+00 7.793099e+00
7.852397e+00 3.500000e+00 5.428083e+00
7.852764e+00 4.500000e+00 4.578111e+00
7.852237e+00 5.500000e+00 5.845034e+00
7.852464e+00 6.500000e+00 4.184069e+00
7.853001e+00 7.500000e+00 5.264313e+00
7.852235e+00 8.500000e+00 4.616320e+00
7.853179e+00 9.500000e+00 3.285525e+00
7.852172e+00 1.050000e+01 2.532237e+00
7.853181e+00 1.150000e+01 2.706624e+00
7.852675e+00 1.250000e+01 2.114811e+00
7.853169e+00 1.350000e+01 2.422735e+00
7.852583e+00 1.450000e+01 2.887093e+00
7.852524e+00 1.550000e+01 3.167137e+00
7.852637e+00 1.650000e+01 3.432777e+00
7.852966e+00 1.750000e+01 3.917330e+00
7.852398e+00 1.850000e+01 3.863148e+00
7.852840e+00 1.950000e+01 2.955916e+00
7.852375e+00 2.050000e+01 2.964976e+00
7.853143e+00 2.150000e+01 3.539264e+00
7.852091e+00 2.250000e+01 4.028197e+00
7.852645e+00 2.350000e+01 3.242770e+00
7.853044e+00 2.450000e+01 3.387497e+00
8.352424e+00 5.000000e-01 8.307976e+00
8.352168e+00 1.500000e+00 9.170958e+00
8.352639e+00 2.500000e+00 8.206457e+00
8.352187e+00 3.500000e+00 6.145163e+00
8.352534e+00 4.500000e+00 4.113015e+00
8.352616e+00 5.500000e+00 5.756857e+00
8.351806e+00 6.500000e+00 4.388057e+00
8.352651e+00 7.500000e+00 4.323427e+00
8.352967e+00 8.500000e+00 4.285830e+00
8.351933e+00 9.500000e+00 3.446036e+00
8.352297e+00 1.050000e+01 2.943036e+00
8.352716e+00 1.150000e+01 2.811968e+00
8.352951e+00 1.250000e+01 2.042650e+00
8.352043e+00 1.350000e+01 2.446672e+00
8.352660e+00 1.450000e+01 2.582633e+00
8.352855e+00 1.550000e+01 2.682279e+00
8.352649e+00 1.650000e+01 3.408170e+00
8.352259e+00 1.750000e+01 4.202536e+00
8.352372e+00 1.850000e+01 3.737809e+00
8.353069e+00 1.950000e+01 3.409051e+00
8.352510e+00 2.050000e+01 3.098533e+00
8.352191e+00 2.150000e+01 3.649858e+00
8.352579e+00 2.250000e+01 4.256839e+00
8.352117e+00 2.350000e+01 3.351495e+00
8.352465e+00 2.450000e+01 3.532815e+00
8.852085e+00 5.000000e-01 8.568759e+00
8.852836e+00 1.500000e+00 9.013444e+00
8.852175e+00 2.500000e+00 8.144054e+00
8.852848e+00 3.500000e+00 6.133290e+00
8.852570e+00 4.500000e+00 5.533936e+00
8.851861e+00 5.500000e+00 5.648849e+00
8.852629e+00 6.500000e+00 4.990428e+00
8.852265e+00 7.500000e+00 3.973279e+00
8.852329e+00 8.500000e+00 4.254988e+00
8.852573e+00 9.500000e+00 3.214178e+00
8.852738e+00 1.050000e+01 2.916342e+00
8.852569e+00 1.150000e+01 2.063552e+00
8.851709e+00 1.250000e+01 1.307118e+00
8.852268e+00 1.350000e+01 3.156149e+00
8.852732e+00 1.450000e+01 2.625383e+00
8.852190e+00 1.550000e+01 2.305789e+00
8.852133e+00 1.650000e+01 3.764228e+00
8.852288e+00 1.750000e+01 3.872386e+00
8.851758e+00 1.850000e+01 3.523764e+00
8.852241e+00 1.950000e+01 3.494557e+00
8.852655e+00 2.050000e+01 3.224395e+00
8.852056e+00 2.150000e+01 3.656865e+00
8.852093e+00 2.250000e+01 3.987351e+00
8.851524e+00 2.350000e+01 3.801182e+00
8.852646e+00 2.450000e+01 3.502044e+00
9.352416e+00 5.000000e-01 8.267067e+00
9.352077e+00 1.500000e+00 8.238332e+00
9.353000e+00 2.500000e+00 8.203058e+00
9.351883e+00 3.500000e+00 6.349983e+00
9.351928e+00 4.500000e+00 5.801102e+00
9.352217e+00 5.500000e+00 4.850926e+00
9.352086e+00 6.500000e+00 4.687919e+00
9.352311e+00 7.500000e+00 2.662808e+00
9.352217e+00 8.500000e+00 3.773716e+00
9.352282e+00 9.500000e+00 3.507162e+00
9.352628e+00 1.050000e+01 3.646697e+00
9.352538e+00 1.150000e+01 2.960787e+00
9.352040e+00 1.250000e+01 2.752749e+00
9.352107e+00 1.350000e+01 2.047002e+00
9.351882e+00 1.450000e+01 2.952805e+00
9.352140e+00 1.550000e+01 2.433081e+00
9.352004e+00 1.650000e+01 3.474109e+00
9.351970e+00 1.750000e+01 4.057293e+00
9.352010e+00 1.850000e+01 4.037463e+00
9.352582e+00 1.950000e+01 3.981350e+00
9.352484e+00 2.050000e+01 3.430179e+00
9.352521e+00 2.150000e+01 2.916167e+00
9.351923e+00 2.250000e+01 3.798630e+00
9.351581e+00 2.350000e+01 4.148084e+00
9.352496e+00 2.450000e+01 3.260321e+00
9.851706e+00 5.000000e-01 7.116392e+00
9.851962e+00 1.500000e+00 8.045137e+00
9.852173e+00 2.500000e+00 7.001807e+00
9.851475e+00 3.500000e+00 7.072052e+00
9.851664e+00 4.500000e+00 6.142042e+00
9.851823e+00 5.500000e+00 4.584940e+00
9.851821e+00 6.500000e+00 4.061400e+00
9.852282e+00 7.500000e+00 3.152662e+00
9.852047e+00 8.500000e+00 2.306938e+00
9.852422e+00 9.500000e+00 3.289195e+00
9.852615e+00 1.050000e+01 3.863281e+00
9.852716e+00 1.150000e+01 3.286759e+00
9.851859e+00 1.250000e+01 3.345911e+00
9.852603e+00 1.350000e+01 2.696138e+00
9.851620e+00 1.450000e+01 2.677499e+00
9.851815e+00 1.550000e+01 2.883720e+00
9.852245e+00 1.650000e+01 3.325784e+00
9.851982e+00 1.750000e+01 4.329039e+00
9.852116e+00 1.850000e+01 3.932651e+00
9.852599e+00 1.950000e+01 4.343170e+00
9.851746e+00 2.050000e+01 4.223542e+00
9.852600e+00 2.150000e+01 2.923879e+00
9.852131e+00 2.250000e+01 3.467469e+00
9.852076e+00 2.350000e+01 4.227550e+00
9.852244e+00 2.450000e+01 3.576274e+00
1.035162e+01 5.000000e-01 7.661545e+00
1.035215e+01 1.500000e+00 6.931829e+00
1.035221e+01 2.500000e+00 6.393136e+00
1.035221e+01 3.500000e+00 6.983492e+00
1.035170e+01 4.500000e+00 6.770524e+00
1.035205e+01 5.500000e+00 4.823200e+00
1.035161e+01 6.500000e+00 3.061587e+00
1.035172e+01 7.500000e+00 3.134563e+00
1.035222e+01 8.500000e+00 1.783093e+00
1.035265e+01 9.500000e+00 3.616252e+00
1.035214e+01 1.050000e+01 3.531572e+00
1.035183e+01 1.150000e+01 3.909226e+00
1.035250e+01 1.250000e+01 3.217326e+00
1.035226e+01 1.350000e+01 3.084818e+00
1.035203e+01 1.450000e+01 2.312868e+00
1.035206e+01 1.550000e+01 3.228500e+00
1.035209e+01 1.650000e+01 3.383321e+00
1.035206e+01 1.750000e+01 3.784920e+00
1.035187e+01 1.850000e+01 4.031729e+00
1.035254e+01 1.950000e+01 4.333477e+00
1.035205e+01 2.050000e+01 4.352368e+00
1.035212e+01 2.150000e+01 3.367208e+00
1.035204e+01 2.250000e+01 3.035650e+00
1.035175e+01 2.350000e+01 3.967020e+00
1.035164e+01 2.450000e+01 3.618755e+00
1.085272e+01 5.000000e-01 6.859442e+00
1.085227e+01 1.500000e+00 5.287626e+00
1.085139e+01 2.500000e+00 5.079786e+00
1.085233e+01 3.500000e+00 6.334315e+00
1.085186e+01 4.500000e+00 6.346816e+00
1.085090e+01 5.500000e+00 4.697370e+00
1.085293e+01 6.500000e+00 2.903234e+00
1.085234e+01 7.500000e+00 2.898761e+00
1.085121e+01 8.500000e+00 1.998250e+00
1.085142e+01 9.500000e+00 3.399952e+00
1.085175e+01 1.050000e+01 3.913776e+00
1.085289e+01 1.150000e+01 4.430512e+00
1.085222e+01 1.250000e+01 3.381909e+00
1.085158e+01 1.350000e+01 2.395458e+00
1.085212e+01 1.450000e+01 2.177367e+00
1.085119e+01 1.550000e+01 2.952950e+00
1.085244e+01 1.650000e+01 3.454825e+00
1.085149e+01 1.750000e+01 4.085714e+00
1.085245e+01 1.850000e+01 4.031393e+00
1.085154e+01 1.950000e+01 3.637568e+00
1.085231e+01 2.050000e+01 4.066929e+00
1.085192e+01 2.150000e+01 3.625416e+00
1.085233e+01 2.250000e+01 2.999076e+00
1.085253e+01 2.350000e+01 3.627129e+00
1.085170e+01 2.450000e+01 3.790261e+00
1.135208e+01 5.000000e-01 6.317701e+00
1.135183e+01 1.500000e+00 3.448527e+00
1.135170e+01 2.500000e+00 3.221510e+00
1.135160e+01 3.500000e+00 4.572105e+00
1.135139e+01 4.500000e+00 5.136566e+00
1.135206e+01 5.500000e+00 5.243591e+00
1.135190e+01 6.500000e+00 3.574246e+00
1.135190e+01 7.500000e+00 2.517410e+00
1.135183e+01 8.500000e+00 2.511409e+00
1.135168e+01 9.500000e+00 2.486238e+00
1.135159e+01 1.050000e+01 3.820380e+00
1.135143e+01 1.150000e+01 3.824660e+00
1.135189e+01 1.250000e+01 3.310990e+00
1.135164e+01 1.350000e+01 2.407697e+00
1.135112e+01 1.450000e+01 2.662161e+00
1.135175e+01 1.550000e+01 3.067652e+00
1.135168e+01 1.650000e+01 3.590911e+00
1.135123e+01 1.750000e+01 3.699761e+00
1.135193e+01 1.850000e+01 4.095173e+00
1.135162e+01 1.950000e+01 3.896079e+00
1.135191e+01 2.050000e+01 3.502997e+00
1.135181e+01 2.150000e+01 3.763167e+00
1.135194e+01 2.250000e+01 3.265430e+00
1.135152e+01 2.350000e+01 2.948950e+00
1.135172e+01 2.450000e+01 3.537748e+00
1.185172e+01 5.000000e-01 5.155666e+00
1.185181e+01 1.500000e+00 4.543201e+00
1.185158e+01 2.500000e+00 4.826828e+00
1.185116e+01 3.500000e+00 5.046743e+00
1.185162e+01 4.500000e+00 4.799749e+00
1.185134e+01 5.500000e+00 4.494371e+00
1.185167e+01 6.500000e+00 3.777132e+00
1.185125e+01 7.500000e+00 2.591184e+00
1.185171e+01 8.500000e+00 2.613761e+00
1.185152e+01 9.500000e+00 2.188768e+00
1.185174e+01 1.050000e+01 3.754601e+00
1.185171e+01 1.150000e+01 3.353521e+00
1.185133e+01 1.250000e+01 3.068077e+00
1.185191e+01 1.350000e+01 2.297275e+00
1.185152e+01 1.450000e+01 2.219833e+00
1.185240e+01 1.550000e+01 2.803051e+00
1.185181e+01 1.650000e+01 3.056768e+00
1.185150e+01 1.750000e+01 3.207736e+00
1.185195e+01 1.850000e+01 4.084140e+00
1.185202e+01 1.950000e+01 4.012379e+00
1.185157e+01 2.050000e+01 3.579809e+00
1.185231e+01 2.150000e+01 3.589068e+00
1.185168e+01 2.250000e+01 3.440586e+00
1.185175e+01 2.350000e+01 2.567501e+00
1.185209e+01 2.450000e+01 3.033934e+00
1.235193e+01 5.000000e-01 4.856751e+00
1.235163e+01 1.500000e+00 5.196470e+00
1.235182e+01 2.500000e+00 5.580912e+00
1.235112e+01 3.500000e+00 5.011250e+00
1.235223e+01 4.500000e+00 5.165376e+00
1.235072e+01 5.500000e+00 4.638524e+00
1.235171e+01 6.500000e+00 3.205906e+00
1.235178e+01 7.500000e+00 2.461042e+00
1.235151e+01 8.500000e+00 3.120635e+00
1.235159e+01 9.500000e+00 2.332166e+00
1.235109e+01 1.050000e+01 3.070693e+00
1.235175e+01 1.150000e+01 3.487901e+00
1.235148e+01 1.250000e+01 3.187603e+00
1.235216e+01 1.350000e+01 2.713868e+00
1.235147e+01 1.450000e+01 2.456501e+00
1.235181e+01 1.550000e+01 2.546731e+00
1.235133e+01 1.650000e+01 2.609018e+00
1.235205e+01 1.750000e+01 3.076981e+00
1.235112e+01 1.850000e+01 3.470843e+00
1.235121e+01 1.950000e+01 4.102452e+00
1.235168e+01 2.050000e+01 3.443026e+00
1.235245e+01 2.150000e+01 3.558066e+00
1.235168e+01 2.250000e+01 3.553411e+00
1.235175e+01 2.350000e+01 2.596321e+00
1.235200e+01 2.450000e+01 2.630094e+00
1.285198e+01 5.000000e-01 4.771878e+00
1.285194e+01 1.500000e+00 4.861423e+00
1.285186e+01 2.500000e+00 5.986808e+00
1.285155e+01 3.500000e+00 5.431092e+00
1.285163e+01 4.500000e+00 4.592309e+00
1.285157e+01 5.500000e+00 4.008383e+00
1.285239e+01 6.500000e+00 3.053557e+00
1.285164e+01 7.500000e+00 2.716718e+00
1.285173e+01 8.500000e+00 3.070829e+00
1.285193e+01 9.500000e+00 2.424683e+00
1.285148e+01 1.050000e+01 2.131805e+00
1.285164e+01 1.150000e+01 2.944578e+00
1.285184e+01 1.250000e+01 3.063934e+00
1.285220e+01 1.350000e+01 3.226432e+00
1.285180e+01 1.450000e+01 2.647792e+00
1.285171e+01 1.550000e+01 2.588718e+00
1.285181e+01 1.650000e+01 2.562356e+00
1.285161e+01 1.750000e+01 2.856224e+00
1.285148e+01 1.850000e+01 2.948078e+00
1.285130e+01 1.950000e+01 3.755174e+00
1.285123e+01 2.050000e+01 3.327552e+00
1.285146e+01 2.150000e+01 3.514704e+00
1.285184e+01 2.250000e+01 3.452461e+00
1.285174e+01 2.350000e+01 2.762005e+00
1.285130e+01 2.450000e+01 2.284033e+00
1.335157e+01 5.000000e-01 5.560582e+00
1.335196e+01 1.500000e+00 5.980576e+00
1.335168e+01 2.500000e+00 5.293666e+00
1.335170e+01 3.500000e+00 5.485992e+00
1.335193e+01 4.500000e+00 4.825227e+00
1.335109e+01 5.500000e+00 3.766777e+00
1.335148e+01 6.500000e+00 3.488277e+00
1.335188e+01 7.500000e+00 2.707269e+00
1.335114e+01 8.500000e+00 2.677397e+00
1.335157e+01 9.500000e+00 3.342991e+00
1.335130e+01 1.050000e+01 2.227947e+00
1.335103e+01 1.150000e+01 2.904229e+00
1.335164e+01 1.250000e+01 2.882523e+00
1.335083e+01 1.350000e+01 3.201260e+00
1.335111e+01 1.450000e+01 2.765015e+00
1.335091e+01 1.550000e+01 2.200196e+00
1.335168e+01 1.650000e+01 3.056759e+00
1.335144e+01 1.750000e+01 2.603804e+00
1.335183e+01 1.850000e+01 2.790511e+00
1.335183e+01 1.950000e+01 3.337186e+00
1.335137e+01 2.050000e+01 3.664642e+00
1.335183e+01 2.150000e+01 3.398963e+00
1.335160e+01 2.250000e+01 3.344725e+00
1.335187e+01 2.350000e+01 2.886899e+00
1.335176e+01 2.450000e+01 2.055567e+00
1.385205e+01 5.000000e-01 5.691039e+00
1.385149e+01 1.500000e+00 6.425549e+00
1.385170e+01 2.500000e+00 5.600252e+00
1.385125e+01 3.500000e+00 4.768542e+00
1.385140e+01 4.500000e+00 4.378680e+00
1.385156e+01 5.500000e+00 3.768565e+00
1.385136e+01 6.500000e+00 3.755855e+00
1.385139e+01 7.500000e+00 3.701197e+00
1.385188e+01 8.500000e+00 2.220908e+00
1.385127e+01 9.500000e+00 2.819927e+00
1.385200e+01 1.050000e+01 2.150370e+00
1.385145e+01 1.150000e+01 2.107038e+00
1.385133e+01 1.250000e+01 3.069002e+00
1.385133e+01 1.350000e+01 3.067897e+00
1.385152e+01 1.450000e+01 2.865528e+00
1.385105e+01 1.550000e+01 2.356979e+00
1.385195e+01 1.650000e+01 2.711495e+00
1.385148e+01 1.750000e+01 2.850778e+00
1.385220e+01 1.850000e+01 2.865485e+00
1.385153e+01 1.950000e+01 2.947224e+00
1.385150e+01 2.050000e+01 3.545498e+00
1.385160e+01 2.150000e+01 3.240944e+00
1.385131e+01 2.250000e+01 3.150068e+00
1.385196e+01 2.350000e+01 2.820223e+00
1.385165e+01 2.450000e+01 2.024913e+00
1.435198e+01 5.000000e-01 5.402485e+00
1.435155e+01 1.500000e+00 6.551012e+00
1.435127e+01 2.500000e+00 5.901612e+00
1.435136e+01 3.500000e+00 4.373428e+00
1.435128e+01 4.500000e+00 3.836263e+00
1.435154e+01 5.500000e+00 3.694955e+00
1.435145e+01 6.500000e+00 3.756818e+00
1.435141e+01 7.500000e+00 3.213543e+00
1.435159e+01 8.500000e+00 2.510211e+00
1.435127e+01 9.500000e+00 2.103954e+00
1.435123e+01 1.050000e+01 2.244528e+00
1.435166e+01 1.150000e+01 1.856798e+00
1.435113e+01 1.250000e+01 2.962841e+00
1.435091e+01 1.350000e+01 2.749184e+00
1.435086e+01 1.450000e+01 2.931368e+00
1.435178e+01 1.550000e+01 2.846337e+00
1.435083e+01 1.650000e+01 2.692810e+00
1.435168e+01 1.750000e+01 2.932223e+00
1.435117e+01 1.850000e+01 2.797888e+00
1.435140e+01 1.950000e+01 3.020352e+00
1.435138e+01 2.050000e+01 3.255946e+00
1.435165e+01 2.150000e+01 3.210856e+00
1.435125e+01 2.250000e+01 2.910562e+00
1.435114e+01 2.350000e+01 2.702118e+00
1.435091e+01 2.450000e+01 2.148982e+00
1.485139e+01 5.000000e-01 5.803202e+00
1.485159e+01 1.500000e+00 6.036360e+00
1.485090e+01 2.500000e+00 5.838517e+00
1.485185e+01 3.500000e+00 4.330170e+00
1.485135e+01 4.500000e+00 3.103316e+00
1.485143e+01 5.500000e+00 3.027072e+00
1.485177e+01 6.500000e+00 3.264150e+00
1.485105e+01 7.500000e+00 3.368467e+00
1.485156e+01 8.500000e+00 2.744868e+00
1.485159e+01 9.500000e+00 2.053251e+00
1.485199e+01 1.050000e+01 2.722943e+00
1.485116e+01 1.150000e+01 1.922945e+00
1.485128e+01 1.250000e+01 2.919657e+00
1.485151e+01 1.350000e+01 3.313066e+00
1.485112e+01 1.450000e+01 3.000923e+00
1.485107e+01 1.550000e+01 2.663606e+00
1.485222e+01 1.650000e+01 2.741942e+00
1.485141e+01 1.750000e+01 2.889989e+00
1.485208e+01 1.850000e+01 2.449789e+00
1.485160e+01 1.950000e+01 2.801289e+00
1.485178e+01 2.050000e+01 3.059910e+00
1.485146e+01 2.150000e+01 3.122615e+00
1.485122e+01 2.250000e+01 2.741144e+00
1.485188e+01 2.350000e+01 2.591688e+00
1.485097e+01 2.450000e+01 2.060378e+00
1.535157e+01 5.000000e-01 6.359522e+00
1.535134e+01 1.500000e+00 5.156671e+00
1.535110e+01 2.500000e+00 5.204863e+00
1.535120e+01 3.500000e+00 4.408797e+00
1.535123e+01 4.500000e+00 2.689303e+00
1.535175e+01 5.500000e+00 3.173588e+00
1.535142e+01 6.500000e+00 3.302505e+00
1.535153e+01 7.500000e+00 2.917908e+00
1.535091e+01 8.500000e+00 2.786096e+00
1.535127e+01 9.500000e+00 2.161425e+00
1.535107e+01 1.050000e+01 2.354760e+00
1.535132e+01 1.150000e+01 2.341234e+00
1.535178e+01 1.250000e+01 2.271119e+00
1.535123e+01 1.350000e+01 2.843788e+00
1.535062e+01 1.450000e+01 3.022002e+00
1.535154e+01 1.550000e+01 2.776840e+00
1.535168e+01 1.650000e+01 2.732795e+00
1.535097e+01 1.750000e+01 2.753071e+00
1.535131e+01 1.850000e+01 2.578330e+00
1.535136e+01 1.950000e+01 2.680003e+00
1.535125e+01 2.050000e+01 2.895203e+00
1.535125e+01 2.150000e+01 2.895193e+00
1.535143e+01 2.250000e+01 2.585398e+00
1.535096e+01 2.350000e+01 2.353184e+00
1.535171e+01 2.450000e+01 2.121291e+00
1.585124e+01 5.000000e-01 6.806265e+00
1.585080e+01 1.500000e+00 4.793945e+00
1.585159e+01 2.500000e+00 4.695622e+00
1.585172e+01 3.500000e+00 4.264583e+00
1.585127e+01 4.500000e+00 3.301106e+00
1.585112e+01 5.500000e+00 3.316244e+00
1.585122e+01 6.500000e+00 3.283810e+00
1.585135e+01 7.500000e+00 3.165160e+00
1.585144e+01 8.500000e+00 2.950292e+00
1.585133e+01 9.500000e+00 2.387431e+00
1.585122e+01 1.050000e+01 2.140032e+00
1.585135e+01 1.150000e+01 2.645698e+00
1.585157e+01 1.250000e+01 2.159145e+00
1.585144e+01 1.350000e+01 2.503325e+00
1.585157e+01 1.450000e+01 3.013371e+00
1.585132e+01 1.550000e+01 2.898448e+00
1.585110e+01 1.650000e+01 2.634953e+00
1.585138e+01 1.750000e+01 2.377509e+00
1.585116e+01 1.850000e+01 3.031982e+00
1.585157e+01 1.950000e+01 2.640174e+00
1.585151e+01 2.050000e+01 2.553474e+00
1.585136e+01 2.150000e+01 2.789827e+00
1.585160e+01 2.250000e+01 2.655474e+00
1.585130e+01 2.350000e+01 2.349612e+00
1.585156e+01 2.450000e+01 2.054054e+00
1.635119e+01 5.000000e-01 6.262630e+00
1.635096e+01 1.500000e+00 4.676643e+00
1.635156e+01 2.500000e+00 4.063198e+00
1.635118e+01 3.500000e+00 4.019302e+00
1.635101e+01 4.500000e+00 3.937765e+00
1.635107e+01 5.500000e+00 3.007718e+00
1.635076e+01 6.500000e+00 3.521266e+00
1.635125e+01 7.500000e+00 2.943270e+00
1.635140e+01 8.500000e+00 2.661839e+00
1.635101e+01 9.500000e+00 2.665496e+00
1.635106e+01 1.050000e+01 1.546397e+00
1.635079e+01 1.150000e+01 2.271188e+00
1.635092e+01 1.250000e+01 1.845509e+00
1.635092e+01 1.350000e+01 2.304914e+00
1.635080e+01 1.450000e+01 2.249335e+00
1.635111e+01 1.550000e+01 2.833742e+00
1.635108e+01 1.650000e+01 2.574560e+00
1.635131e+01 1.750000e+01 2.182636e+00
1.635102e+01 1.850000e+01 2.801910e+00
1.635147e+01 1.950000e+01 2.473901e+00
1.635132e+01 2.050000e+01 2.271127e+00
1.635166e+01 2.150000e+01 2.574732e+00
1.635105e+01 2.250000e+01 2.664029e+00
1.635099e+01 2.350000e+01 2.211562e+00
1.635189e+01 2.450000e+01 1.989578e+00
1.685139e+01 5.000000e-01 5.737868e+00
1.685077e+01 1.500000e+00 4.992445e+00
1.685215e+01 2.500000e+00 3.468490e+00
1.685149e+01 3.500000e+00 3.796071e+00
1.685058e+01 4.500000e+00 3.912847e+00
1.685152e+01 5.500000e+00 3.152320e+00
1.685162e+01 6.500000e+00 3.232535e+00
1.685129e+01 7.500000e+00 3.009399e+00
1.685117e+01 8.500000e+00 2.606318e+00
1.685161e+01 9.500000e+00 2.520600e+00
1.685126e+01 1.050000e+01 1.911140e+00
1.685103e+01 1.150000e+01 2.028062e+00
1.685138e+01 1.250000e+01 2.022103e+00
1.685143e+01 1.350000e+01 1.427823e+00
1.685100e+01 1.450000e+01 2.095814e+00
1.685115e+01 1.550000e+01 2.571400e+00
1.685156e+01 1.650000e+01 2.911020e+00
1.685106e+01 1.750000e+01 2.522635e+00
1.685135e+01 1.850000e+01 2.279023e+00
1.685081e+01 1.950000e+01 2.435170e+00
1.685088e+01 2.050000e+01 2.037629e+00
1.685153e+01 2.150000e+01 2.101647e+00
1.685154e+01 2.250000e+01 2.529811e+00
1.685128e+01 2.350000e+01 2.321212e+00
1.685163e+01 2.450000e+01 1.860364e+00
1.735100e+01 5.000000e-01 5.354904e+00
1.735082e+01 1.500000e+00 5.062112e+00
1.735165e+01 2.500000e+00 3.655294e+00
1.735146e+01 3.500000e+00 3.740389e+00
1.735105e+01 4.500000e+00 3.522817e+00
1.735135e+01 5.500000e+00 3.493761e+00
1.735143e+01 6.500000e+00 2.538321e+00
1.735120e+01 7.500000e+00 3.122822e+00
1.735099e+01 8.500000e+00 2.557452e+00
1.735144e+01 9.500000e+00 1.999918e+00
1.735134e+01 1.050000e+01 1.913706e+00
1.735084e+01 1.150000e+01 1.849707e+00
1.735104e+01 1.250000e+01 1.677326e+00
1.735137e+01 1.350000e+01 1.618685e+00
1.735118e+01 1.450000e+01 2.041049e+00
1.735140e+01 1.550000e+01 2.315650e+00
1.735070e+01 1.650000e+01 2.661006e+00
1.735126e+01 1.750000e+01 2.493676e+00
1.735111e+01 1.850000e+01 2.178256e+00
1.735117e+01 1.950000e+01 2.434133e+00
1.735108e+01 2.050000e+01 1.717040e+00
1.735133e+01 2.150000e+01 1.797180e+00
1.735131e+01 2.250000e+01 2.305845e+00
1.735107e+01 2.350000e+01 2.294361e+00
1.735114e+01 2.450000e+01 1.744289e+00
1.785182e+01 5.000000e-01 5.078834e+00
1.785080e+01 1.500000e+00 4.584914e+00
1.785085e+01 2.500000e+00 3.422004e+00
1.785083e+01 3.500000e+00 3.097677e+00
1.785141e+01 4.500000e+00 3.813536e+00
1.785107e+01 5.500000e+00 3.877434e+00
1.785115e+01 6.500000e+00 3.432748e+00
1.785067e+01 7.500000e+00 2.883191e+00
1.785139e+01 8.500000e+00 2.604826e+00
1.785103e+01 9.500000e+00 1.954854e+00
1.785104e+01 1.050000e+01 1.571353e+00
1.785092e+01 1.150000e+01 1.753366e+00
1.785111e+01 1.250000e+01 1.819985e+00
1.785140e+01 1.350000e+01 1.153015e+00
1.785114e+01 1.450000e+01 1.904227e+00
1.785120e+01 1.550000e+01 1.499930e+00
1.785140e+01 1.650000e+01 1.699639e+00
1.785184e+01 1.750000e+01 2.276456e+00
1.785103e+01 1.850000e+01 1.971877e+00
1.785179e+01 1.950000e+01 2.040941e+00
1.785108e+01 2.050000e+01 1.720200e+00
1.785092e+01 2.150000e+01 1.480759e+00
1.785132e+01 2.250000e+01 2.092940e+00
1.785118e+01 2.350000e+01 2.268425e+00
1.785161e+01 2.450000e+01 1.713774e+00
1.835109e+01 5.000000e-01 4.548450e+00
1.835070e+01 1.500000e+00 4.399511e+00
1.835083e+01 2.500000e+00 3.760856e+00
1.835123e+01 3.500000e+00 3.001407e+00
1.835157e+01 4.500000e+00 3.666770e+00
1.835105e+01 5.500000e+00 3.647036e+00
1.835107e+01 6.500000e+00 3.404008e+00
1.835105e+01 7.500000e+00 2.620216e+00
1.835134e+01 8.500000e+00 2.456472e+00
1.835127e+01 9.500000e+00 1.874669e+00
1.835107e+01 1.050000e+01 1.689623e+00
1.835115e+01 1.150000e+01 1.777344e+00
1.835109e+01 1.250000e+01 2.202057e+00
1.835084e+01 1.350000e+01 1.466352e+00
1.835083e+01 1.450000e+01 1.297422e+00
1.835102e+01 1.550000e+01 1.683053e+00
1.835095e+01 1.650000e+01 1.415411e+00
1.835112e+01 1.750000e+01 2.035544e+00
1.835104e+01 1.850000e+01 2.011938e+00
1.835123e+01 1.950000e+01 1.577224e+00
1.835122e+01 2.050000e+01 1.852593e+00
1.835129e+01 2.150000e+01 1.247708e+00
1.835088e+01 2.250000e+01 1.523673e+00
1.835087e+01 2.350000e+01 2.117183e+00
1.835103e+01 2.450000e+01 1.700161e+00
1.885096e+01 5.000000e-01 4.405919e+00
1.885099e+01 1.500000e+00 4.009847e+00
1.885075e+01 2.500000e+00 4.041451e+00
1.885105e+01 3.500000e+00 3.571179e+00
1.885165e+01 4.500000e+00 3.396262e+00
1.885110e+01 5.500000e+00 3.598431e+00
1.885099e+01 6.500000e+00 3.074578e+00
1.885109e+01 7.500000e+00 2.775321e+00
1.885108e+01 8.500000e+00 2.213459e+00
1.885080e+01 9.500000e+00 2.030621e+00
1.885087e+01 1.050000e+01 2.148161e+00
1.885097e+01 1.150000e+01 1.644144e+00
1.885104e+01 1.250000e+01 1.526957e+00
1.885076e+01 1.350000e+01 2.057887e+00
1.885091e+01 1.450000e+01 1.145709e+00
1.885111e+01 1.550000e+01 1.818796e+00
1.885107e+01 1.650000e+01 1.884253e+00
1.885066e+01 1.750000e+01 1.691251e+00
1.885106e+01 1.850000e+01 1.645131e+00
1.885102e+01 1.950000e+01 1.637621e+00
1.885122e+01 2.050000e+01 1.600696e+00
1.885092e+01 2.150000e+01 1.185883e+00
1.885092e+01 2.250000e+01 1.207677e+00
1.885159e+01 2.350000e+01 1.742417e+00
1.885101e+01 2.450000e+01 1.842464e+00
1.935106e+01 5.000000e-01 3.962612e+00
1.935116e+01 1.500000e+00 4.090493e+00
1.935045e+01 2.500000e+00 4.162343e+00
1.935104e+01 3.500000e+00 4.105457e+00
1.935095e+01 4.500000e+00 3.543777e+00
1.935102e+01 5.500000e+00 3.494546e+00
1.935146e+01 6.500000e+00 3.205921e+00
1.935088e+01 7.500000e+00 2.527353e+00
1.935165e+01 8.500000e+00 2.014763e+00
1.935140e+01 9.500000e+00 2.208273e+00
1.935103e+01 1.050000e+01 1.591301e+00
1.935134e+01 1.150000e+01 1.281478e+00
1.935138e+01 1.250000e+01 1.583930e+00
1.935101e+01 1.350000e+01 1.989928e+00
1.935072e+01 1.450000e+01 1.462020e+00
1.935131e+01 1.550000e+01 1.466792e+00
1.935099e+01 1.650000e+01 1.950511e+00
1.935079e+01 1.750000e+01 1.844676e+00
1.935118e+01 1.850000e+01 1.546677e+00
1.935065e+01 1.950000e+01 1.370516e+00
1.935134e+01 2.050000e+01 1.273950e+00
1.935132e+01 2.150000e+01 1.267078e+00
1.935092e+01 2.250000e+01 1.012858e+00
1.935106e+01 2.350000e+01 1.519402e+00
1.935062e+01 2.450000e+01 1.641239e+00
1.985099e+01 5.000000e-01 3.856357e+00
1.985126e+01 1.500000e+00 3.912003e+00
1.985094e+01 2.500000e+00 4.214525e+00
1.985069e+01 3.500000e+00 4.239307e+00
1.985082e+01 4.500000e+00 3.454430e+00
1.985089e+01 5.500000e+00 3.266100e+00
1.985096e+01 6.500000e+00 3.105622e+00
1.985117e+01 7.500000e+00 2.632126e+00
1.985078e+01 8.500000e+00 2.006380e+00
1.985113e+01 9.500000e+00 2.036953e+00
1.985101e+01 1.050000e+01 1.315542e+00
1.985110e+01 1.150000e+01 1.622167e+00
1.985082e+01 1.250000e+01 1.373931e+00
1.985100e+01 1.350000e+01 1.709967e+00
1.985046e+01 1.450000e+01 1.288824e+00
1.985076e+01 1.550000e+01 9.557725e-01
1.985137e+01 1.650000e+01 1.614030e+00
1.985125e+01 1.750000e+01 1.603177e+00
1.985118e+01 1.850000e+01 1.348286e+00
1.985077e+01 1.950000e+01 1.211644e+00
1.985096e+01 2.050000e+01 9.836540e-01
1.985147e+01 2.150000e+01 1.354151e+00
1.985101e+01 2.250000e+01 8.945306e-01
1.985103e+01 2.350000e+01 1.051477e+00
1.985080e+01 2.450000e+01 1.406819e+00
2.035093e+01 5.000000e-01 3.973967e+00
2.035094e+01 1.500000e+00 3.884695e+00
2.035111e+01 2.500000e+00 3.978842e+00
2.035111e+01 3.500000e+00 4.359986e+00
2.035118e+01 4.500000e+00 3.356039e+00
2.035076e+01 5.500000e+00 3.152980e+00
2.035088e+01 6.500000e+00 2.817794e+00
2.035079e+01 7.500000e+00 2.561205e+00
2.035107e+01 8.500000e+00 1.911810e+00
2.035112e+01 9.500000e+00 1.257816e+00
2.035123e+01 1.050000e+01 1.501850e+00
2.035138e+01 1.150000e+01 1.209182e+00
2.035083e+01 1.250000e+01 1.126150e+00
2.035117e+01 1.350000e+01 1.166181e+00
2.035089e+01 1.450000e+01 1.395649e+00
2.035057e+01 1.550000e+01 1.072046e+00
2.035115e+01 1.650000e+01 1.472052e+00
2.035092e+01 1.750000e+01 1.403982e+00
2.035094e+01 1.850000e+01 1.389053e+00
2.035117e+01 1.950000e+01 1.074203e+00
2.035169e+01 2.050000e+01 9.305430e-01
2.035095e+01 2.150000e+01 9.267391e-01
2.035083e+01 2.250000e+01 9.924417e-01
2.035069e+01 2.350000e+01 9.431577e-01
2.035105e+01 2.450000e+01 1.254628e+00
2.085099e+01 5.000000e-01 3.912680e+00
2.085072e+01 1.500000e+00 3.719791e+00
2.085118e+01 2.500000e+00 3.991300e+00
2.085104e+01 3.500000e+00 4.230264e+00
2.085092e+01 4.500000e+00 3.584548e+00
2.085094e+01 5.500000e+00 2.716803e+00
2.085082e+01 6.500000e+00 2.954204e+00
2.085108e+01 7.500000e+00 2.655739e+00
2.085076e+01 8.500000e+00 2.092734e+00
2.085041e+01 9.500000e+00 1.482862e+00
2.085114e+01 1.050000e+01 2.019361e+00
2.085100e+01 1.150000e+01 1.711915e+00
2.085105e+01 1.250000e+01 1.327639e+00
2.085106e+01 1.350000e+01 7.265378e-01
2.085049e+01 1.450000e+01 1.292314e+00
2.085122e+01 1.550000e+01 1.154790e+00
2.085058e+01 1.650000e+01 1.342443e+00
2.085126e+01 1.750000e+01 1.559231e+00
2.085093e+01 1.850000e+01 1.206247e+00
2.085090e+01 1.950000e+01 8.377845e-01
2.085125e+01 2.050000e+01 9.391889e-01
2.085096e+01 2.150000e+01 8.174161e-01
2.085106e+01 2.250000e+01 8.840217e-01
2.085036e+01 2.350000e+01 7.155814e-01
2.085065e+01 2.450000e+01 9.983949e-01
2.135135e+01 5.000000e-01 3.718320e+00
2.135065e+01 1.500000e+00 3.725512e+00
2.135098e+01 2.500000e+00 3.946094e+00
2.135062e+01 3.500000e+00 3.636424e+00
2.135101e+01 4.500000e+00 3.392534e+00
2.135116e+01 5.500000e+00 2.746395e+00
2.135064e+01 6.500000e+00 2.958576e+00
2.135141e+01 7.500000e+00 2.701539e+00
2.135142e+01 8.500000e+00 2.139378e+00
2.135112e+01 9.500000e+00 2.163430e+00
2.135096e+01 1.050000e+01 2.102884e+00
2.135103e+01 1.150000e+01 2.186723e+00
2.135110e+01 1.250000e+01 1.775813e+00
2.135085e+01 1.350000e+01 9.424355e-01
2.135137e+01 1.450000e+01 1.167359e+00
2.135150e+01 1.550000e+01 1.541310e+00
2.135059e+01 1.650000e+01 1.184554e+00
2.135126e+01 1.750000e+01 1.540035e+00
2.135083e+01 1.850000e+01 1.329918e+00
2.135123e+01 1.950000e+01 1.012420e+00
2.135083e+01 2.050000e+01 6.542077e-01
2.135088e+01 2.150000e+01 7.588709e-01
2.135117e+01 2.250000e+01 9.356873e-01
2.135127e+01 2.350000e+01 5.165908e-01
2.135123e+01 2.450000e+01 6.518986e-01
2.185091e+01 5.000000e-01 3.606290e+00
2.185090e+01 1.500000e+00 3.815305e+00
2.185100e+01 2.500000e+00 3.550607e+00
2.185068e+01 3.500000e+00 3.302846e+00
2.185099e+01 4.500000e+00 3.381617e+00
2.185055e+01 5.500000e+00 3.218180e+00
2.185066e+01 6.500000e+00 2.537640e+00
2.185095e+01 7.500000e+00 2.573998e+00
2.185082e+01 8.500000e+00 2.647900e+00
2.185083e+01 9.500000e+00 2.252254e+00
2.185120e+01 1.050000e+01 2.158682e+00
2.185081e+01 1.150000e+01 2.521168e+00
2.185095e+01 1.250000e+01 1.982232e+00
2.185114e+01 1.350000e+01 1.333163e+00
2.185075e+01 1.450000e+01 1.073518e+00
2.185125e+01 1.550000e+01 1.437040e+00
2.185082e+01 1.650000e+01 1.193611e+00
2.185077e+01 1.750000e+01 1.377978e+00
2.185023e+01 1.850000e+01 1.364761e+00
2.185096e+01 1.950000e+01 1.012821e+00
2.185093e+01 2.050000e+01 6.742810e-01
2.185039e+01 2.150000e+01 6.303451e-01
2.185108e+01 2.250000e+01 6.615292e-01
2.185072e+01 2.350000e+01 3.816503e-01
2.185099e+01 2.450000e+01 3.081721e-01
2.235116e+01 5.000000e-01 3.408258e+00
2.235092e+01 1.500000e+00 3.964942e+00
2.235112e+01 2.500000e+00 3.389547e+00
2.235074e+01 3.500000e+00 3.413992e+00
2.235087e+01 4.500000e+00 3.568905e+00
2.235124e+01 5.500000e+00 3.349397e+00
2.235099e+01 6.500000e+00 2.440297e+00
2.235091e+01 7.500000e+00 2.551775e+00
2.235070e+01 8.500000e+00 2.659751e+00
2.235057e+01 9.500000e+00 2.231945e+00
2.235069e+01 1.050000e+01 2.361590e+00
2.235099e+01 1.150000e+01 2.461549e+00
2.235067e+01 1.250000e+01 1.940333e+00
2.235090e+01 1.350000e+01 1.635642e+00
2.235100e+01 1.450000e+01 1.199340e+00
2.235121e+01 1.550000e+01 1.350137e+00
2.235075e+01 1.650000e+01 1.010367e+00
2.235077e+01 1.750000e+01 1.163849e+00
2.235099e+01 1.850000e+01 1.210961e+00
2.235057e+01 1.950000e+01 1.012148e+00
2.235095e+01 2.050000e+01 7.084700e-01
2.235097e+01 2.150000e+01 5.597308e-01
2.235038e+01 2.250000e+01 5.507630e-01
2.235046e+01 2.350000e+01 5.335535e-01
2.235132e+01 2.450000e+01 -6.116060e-02
2.285053e+01 5.000000e-01 3.575555e+00
2.285079e+01 1.500000e+00 3.626091e+00
2.285059e+01 2.500000e+00 3.221499e+00
2.285099e+01 3.500000e+00 3.390961e+00
2.285091e+01 4.500000e+00 3.499229e+00
2.285131e+01 5.500000e+00 3.186117e+00
2.285056e+01 6.500000e+00 2.515093e+00
2.285081e+01 7.500000e+00 2.769518e+00
2.285084e+01 8.500000e+00 2.646174e+00
2.285092e+01 9.500000e+00 2.213659e+00
2.285110e+01 1.050000e+01 2.520325e+00
2.285102e+01 1.150000e+01 2.200556e+00
2.285100e+01 1.250000e+01 2.025507e+00
2.285064e+01 1.350000e+01 1.533772e+00
2.285069e+01 1.450000e+01 1.134481e+00
2.285096e+01 1.550000e+01 1.026322e+00
2.285085e+01 1.650000e+01 1.095857e+00
2.285083e+01 1.750000e+01 7.864027e-01
2.285094e+01 1.850000e+01 1.186935e+00
2.285093e+01 1.950000e+01 9.331001e-01
2.285122e+01 2.050000e+01 7.163227e-01
2.285098e+01 2.150000e+01 4.918381e-01
2.285124e+01 2.250000e+01 3.505942e-01
2.285121e+01 2.350000e+01 4.535029e-01
2.285053e+01 2.450000e+01 -3.419657e-02
2.335078e+01 5.000000e-01 3.733060e+00
2.335070e+01 1.500000e+00 3.308073e+00
2.335099e+01 2.500000e+00 3.289620e+00
2.335109e+01 3.500000e+00 3.223186e+00
2.335087e+01 4.500000e+00 3.257855e+00
2.335073e+01 5.500000e+00 3.070773e+00
2.335086e+01 6.500000e+00 2.909285e+00
2.335065e+01 7.500000e+00 2.572915e+00
2.335110e+01 8.500000e+00 2.634943e+00
2.335083e+01 9.500000e+00 2.577457e+00
2.335065e+01 1.050000e+01 2.308700e+00
2.335071e+01 1.150000e+01 2.063282e+00
2.335096e+01 1.250000e+01 1.982126e+00
2.335096e+01 1.350000e+01 1.562243e+00
2.335090e+01 1.450000e+01 1.206796e+00
2.335052e+01 1.550000e+01 9.391507e-01
2.335086e+01 1.650000e+01 9.608597e-01
2.335068e+01 1.750000e+01 5.461621e-01
2.335104e+01 1.850000e+01 8.244579e-01
2.335103e+01 1.950000e+01 1.015421e+00
2.335068e+01 2.050000e+01 6.396256e-01
2.335098e+01 2.150000e+01 2.904166e-01
2.335106e+01 2.250000e+01 2.062048e-01
2.335079e+01 2.350000e+01 3.777636e-01
2.335103e+01 2.450000e+01 6.920161e-02
2.385059e+01 5.000000e-01 3.712219e+00
2.385058e+01 1.500000e+00 3.091308e+00
2.385078e+01 2.500000e+00 3.267612e+00
2.385079e+01 3.500000e+00 3.036413e+00
2.385057e+01 4.500000e+00 3.040595e+00
2.385117e+01 5.500000e+00 2.905109e+00
2.385087e+01 6.500000e+00 3.055157e+00
2.385079e+01 7.500000e+00 2.573134e+00
2.385108e+01 8.500000e+00 2.684526e+00
2.385098e+01 9.500000e+00 2.703060e+00
2.385101e+01 1.050000e+01 2.294324e+00
2.385074e+01 1.150000e+01 1.959530e+00
2.385101e+01 1.250000e+01 1.838277e+00
2.385079e+01 1.350000e+01 1.602734e+00
2.385116e+01 1.450000e+01 1.243613e+00
2.385114e+01 1.550000e+01 8.169178e-01
2.385088e+01 1.650000e+01 7.832773e-01
2.385081e+01 1.750000e+01 5.701362e-01
2.385109e+01 1.850000e+01 4.047368e-01
2.385111e+01 1.950000e+01 8.519889e-01
2.385118e+01 2.050000e+01 6.058318e-01
2.385063e+01 2.150000e+01 2.232952e-01
2.385068e+01 2.250000e+01 2.260663e-01
2.385070e+01 2.350000e+01 7.117747e-02
2.385075e+01 2.450000e+01 2.467275e-01
2.435062e+01 5.000000e-01 3.563516e+00
2.435106e+01 1.500000e+00 3.228263e+00
2.435123e+01 2.500000e+00 3.022180e+00
2.435044e+01 3.500000e+00 2.800040e+00
2.435129e+01 4.500000e+00 2.716121e+00
2.435078e+01 5.500000e+00 2.870170e+00
2.435073e+01 6.500000e+00 2.999174e+00
2.435078e+01 7.500000e+00 2.684629e+00
2.435078e+01 8.500000e+00 2.709184e+00
2.435055e+01 9.500000e+00 2.662240e+00
2.435097e+01 1.050000e+01 2.311500e+00
2.435122e+01 1.150000e+01 1.980144e+00
2.435061e+01 1.250000e+01 1.551219e+00
2.435043e+01 1.350000e+01 1.764201e+00
2.435146e+01 1.450000e+01 1.167221e+00
2.435080e+01 1.550000e+01 6.888042e-01
2.435077e+01 1.650000e+01 7.321375e-01
2.435082e+01 1.750000e+01 6.836499e-01
2.435143e+01 1.850000e+01 1.469244e-01
2.435096e+01 1.950000e+01 5.411334e-01
2.435141e+01 2.050000e+01 6.593082e-01
2.435076e+01 2.150000e+01 3.690145e-01
2.435068e+01 2.250000e+01 8.489443e-02
2.435100e+01 2.350000e+01 -2.721531e-02
2.435095e+01 2.450000e+01 1.858016e-01
