1.110828e-01 7.187812e+00
1.351496e-01 5.326779e+00
1.644585e-01 3.871062e+00
2.001254e-01 2.803181e+00
2.435835e-01 2.038599e+00
2.965529e-01 1.532638e+00
3.610726e-01 1.194475e+00
4.394272e-01 9.686267e-01
5.347856e-01 7.904677e-01
6.507990e-01 6.521180e-01
7.919480e-01 5.437859e-01
9.635351e-01 4.480220e-01
1.172390e+00 3.608663e-01
1.426660e+00 2.897072e-01
1.735910e+00 2.317795e-01
2.112349e+00 1.850165e-01
2.570115e+00 1.465722e-01
3.127118e+00 1.150627e-01
3.806261e+00 8.929694e-02
4.625139e+00 6.811118e-02
5.658948e+00 5.054653e-02
6.912111e+00 3.649187e-02
8.211720e+00 2.530336e-02
9.791574e+00 1.683366e-02
1.261892e+01 1.064456e-02
1.387813e+01 6.158590e-03
1.768832e+01 3.471494e-03
1.869395e+01 2.536535e-03
2.203941e+01 1.459599e-03
