1.076219e+00 1.241005e+01
1.237783e+00 8.453705e+00
1.429232e+00 7.605835e+00
1.646370e+00 6.106051e+00
1.895388e+00 4.914948e+00
2.180213e+00 4.039077e+00
2.513216e+00 3.421450e+00
2.886332e+00 2.554548e+00
3.335166e+00 2.079177e+00
3.838188e+00 1.729139e+00
4.413536e+00 1.362775e+00
5.083909e+00 1.118362e+00
5.853709e+00 8.894135e-01
6.743800e+00 6.767600e-01
7.770674e+00 5.176085e-01
8.944557e+00 4.124070e-01
1.030000e+01 3.006377e-01
1.185842e+01 2.065907e-01
1.365854e+01 1.505908e-01
1.572512e+01 1.038221e-01
1.811156e+01 5.589521e-02
2.086042e+01 4.061580e-02
2.401866e+01 2.914695e-02
2.765630e+01 1.567915e-02
