2.055462e-01 5.000000e-01 5.552828e+00
6.647192e-01 1.500000e+00 4.863309e+00
6.645814e-01 2.500000e+00 2.986724e+00
6.699168e-01 3.500000e+00 1.434275e+00
6.672485e-01 4.500000e+00 6.434831e-01
6.684136e-01 5.500000e+00 6.539537e-01
6.660818e-01 6.500000e+00 -9.070016e-01
6.685136e-01 7.500000e+00 -1.053410e+00
6.670930e-01 8.500000e+00 2.734258e-01
6.679416e-01 9.500000e+00 1.794062e-01
6.654329e-01 1.050000e+01 2.834743e-01
6.660137e-01 1.150000e+01 -7.841215e-03
6.665131e-01 1.250000e+01 -1.042401e-01
6.655102e-01 1.350000e+01 -1.172401e+00
6.659213e-01 1.450000e+01 -3.373292e-01
6.643633e-01 1.550000e+01 -4.447734e-01
6.661591e-01 1.650000e+01 -1.182274e+00
6.666849e-01 1.750000e+01 -1.923153e+00
6.677621e-01 1.850000e+01 -1.537844e+00
6.661215e-01 1.950000e+01 -9.227907e-02
6.660975e-01 2.050000e+01 7.624430e-01
6.663423e-01 2.150000e+01 5.980546e-02
6.659542e-01 2.250000e+01 1.540633e-01
6.660808e-01 2.350000e+01 1.018092e+00
6.648716e-01 2.450000e+01 6.784524e-01
1.554763e+00 5.000000e-01 3.053674e+00
1.555465e+00 1.500000e+00 2.503538e+00
1.555187e+00 2.500000e+00 1.080314e+00
1.555622e+00 3.500000e+00 7.809110e-01
1.552766e+00 4.500000e+00 4.149981e-01
1.555252e+00 5.500000e+00 -4.549926e-01
1.555312e+00 6.500000e+00 -8.842790e-01
1.555683e+00 7.500000e+00 -1.064056e+00
1.554896e+00 8.500000e+00 -1.095835e+00
1.556937e+00 9.500000e+00 -1.882417e-01
1.556404e+00 1.050000e+01 -1.372889e-01
1.556385e+00 1.150000e+01 -2.717843e-01
1.553621e+00 1.250000e+01 -4.658600e-01
1.555772e+00 1.350000e+01 2.873802e-02
1.558318e+00 1.450000e+01 -5.620509e-01
1.554204e+00 1.550000e+01 -9.286612e-01
1.554715e+00 1.650000e+01 -1.180197e+00
1.555741e+00 1.750000e+01 -1.131328e+00
1.555931e+00 1.850000e+01 -9.341394e-01
1.555763e+00 1.950000e+01 -7.500103e-02
1.555864e+00 2.050000e+01 3.218130e-01
1.556970e+00 2.150000e+01 6.436872e-01
1.554829e+00 2.250000e+01 2.941905e-01
1.556113e+00 2.350000e+01 -1.325175e-01
1.557021e+00 2.450000e+01 1.667701e-01
2.534757e+00 5.000000e-01 1.211937e+00
2.536169e+00 1.500000e+00 9.542559e-01
2.532412e+00 2.500000e+00 8.807994e-01
2.533425e+00 3.500000e+00 1.787367e-01
2.534575e+00 4.500000e+00 -8.474175e-02
2.533691e+00 5.500000e+00 -3.742371e-01
2.532640e+00 6.500000e+00 1.284271e-02
2.532654e+00 7.500000e+00 -1.510315e-01
2.533520e+00 8.500000e+00 -2.679963e-01
2.534309e+00 9.500000e+00 -2.486614e-01
2.532775e+00 1.050000e+01 -3.565616e-02
2.533057e+00 1.150000e+01 1.011991e-01
2.532877e+00 1.250000e+01 1.993074e-03
2.533572e+00 1.350000e+01 -3.240424e-02
2.532292e+00 1.450000e+01 -4.161962e-01
2.533336e+00 1.550000e+01 -6.586258e-01
2.533671e+00 1.650000e+01 -7.124861e-01
2.532695e+00 1.750000e+01 -4.201939e-01
2.533252e+00 1.850000e+01 -1.607593e-01
2.533424e+00 1.950000e+01 -5.095154e-01
2.534916e+00 2.050000e+01 -8.198742e-02
2.532935e+00 2.150000e+01 2.302883e-01
2.534227e+00 2.250000e+01 2.454960e-01
2.534029e+00 2.350000e+01 1.837548e-01
2.532950e+00 2.450000e+01 2.204029e-01
3.526113e+00 5.000000e-01 1.222552e+00
3.524111e+00 1.500000e+00 8.512648e-01
3.523991e+00 2.500000e+00 4.667559e-01
3.524397e+00 3.500000e+00 3.760280e-01
3.525250e+00 4.500000e+00 -2.206472e-01
3.523072e+00 5.500000e+00 -8.417765e-02
3.524037e+00 6.500000e+00 -1.018801e-01
3.524505e+00 7.500000e+00 7.410558e-02
3.524509e+00 8.500000e+00 -9.576264e-02
3.523458e+00 9.500000e+00 -2.390691e-01
3.524889e+00 1.050000e+01 -1.190648e-01
3.524827e+00 1.150000e+01 -1.073717e-01
3.524963e+00 1.250000e+01 -5.249734e-02
3.523005e+00 1.350000e+01 -5.632985e-01
3.524607e+00 1.450000e+01 -4.326217e-01
3.523862e+00 1.550000e+01 -4.100220e-01
3.523248e+00 1.650000e+01 -4.301850e-01
3.522962e+00 1.750000e+01 -4.167477e-01
3.522862e+00 1.850000e+01 -4.266599e-01
3.525382e+00 1.950000e+01 -3.111967e-01
3.524639e+00 2.050000e+01 -5.644006e-01
3.523780e+00 2.150000e+01 -1.566137e-01
3.523923e+00 2.250000e+01 1.161746e-01
3.525549e+00 2.350000e+01 1.103644e-01
3.522717e+00 2.450000e+01 -1.665314e-01
4.517850e+00 5.000000e-01 7.289896e-01
4.519863e+00 1.500000e+00 4.344537e-01
4.520393e+00 2.500000e+00 -3.115549e-02
4.518547e+00 3.500000e+00 -3.010588e-01
4.519322e+00 4.500000e+00 -1.301902e-01
4.519242e+00 5.500000e+00 -1.678446e-01
4.518710e+00 6.500000e+00 -1.882834e-01
4.517630e+00 7.500000e+00 -6.354001e-02
4.518634e+00 8.500000e+00 7.503634e-02
4.518653e+00 9.500000e+00 -2.136636e-01
4.519418e+00 1.050000e+01 -3.460529e-01
4.517968e+00 1.150000e+01 -2.505882e-01
4.517108e+00 1.250000e+01 -3.469485e-01
4.518624e+00 1.350000e+01 -3.763582e-01
4.517525e+00 1.450000e+01 -4.949152e-01
4.517827e+00 1.550000e+01 -3.601637e-01
4.519423e+00 1.650000e+01 -4.166896e-01
4.519005e+00 1.750000e+01 -2.959836e-01
4.517028e+00 1.850000e+01 -2.892720e-01
4.518397e+00 1.950000e+01 -2.164430e-01
4.517755e+00 2.050000e+01 -3.089494e-01
4.518635e+00 2.150000e+01 -4.056614e-01
4.519023e+00 2.250000e+01 -7.885182e-02
4.518577e+00 2.350000e+01 8.281219e-02
4.519221e+00 2.450000e+01 7.795308e-03
5.514829e+00 5.000000e-01 4.140775e-01
5.514812e+00 1.500000e+00 3.239662e-01
5.514843e+00 2.500000e+00 6.847556e-02
5.515903e+00 3.500000e+00 -1.572921e-01
5.515453e+00 4.500000e+00 -1.783043e-01
5.516357e+00 5.500000e+00 -1.858758e-01
5.515443e+00 6.500000e+00 -2.190864e-01
5.515340e+00 7.500000e+00 -5.515235e-02
5.515558e+00 8.500000e+00 2.626415e-02
5.515271e+00 9.500000e+00 -4.937643e-03
5.514398e+00 1.050000e+01 -3.712424e-01
5.516203e+00 1.150000e+01 -5.994096e-01
5.514530e+00 1.250000e+01 -5.305049e-01
5.514671e+00 1.350000e+01 -4.013467e-01
5.514690e+00 1.450000e+01 -5.109193e-01
5.515446e+00 1.550000e+01 -5.556447e-01
5.515759e+00 1.650000e+01 -3.176840e-01
5.514276e+00 1.750000e+01 -3.189504e-01
5.515282e+00 1.850000e+01 -3.067172e-01
5.514572e+00 1.950000e+01 -5.125684e-01
5.514419e+00 2.050000e+01 -3.383980e-01
5.514478e+00 2.150000e+01 -2.990376e-01
5.514662e+00 2.250000e+01 -2.830550e-01
5.515313e+00 2.350000e+01 -1.048383e-01
5.514970e+00 2.450000e+01 -2.478203e-01
6.513492e+00 5.000000e-01 2.449104e-01
6.512882e+00 1.500000e+00 1.174391e-01
6.513037e+00 2.500000e+00 8.894921e-02
6.513813e+00 3.500000e+00 -6.631950e-02
6.513506e+00 4.500000e+00 -3.222784e-01
6.512902e+00 5.500000e+00 -1.075101e-01
6.513335e+00 6.500000e+00 9.694735e-02
6.512494e+00 7.500000e+00 -1.299555e-01
6.513365e+00 8.500000e+00 -2.038226e-01
6.513154e+00 9.500000e+00 -1.615586e-01
6.513428e+00 1.050000e+01 -2.475826e-01
6.512674e+00 1.150000e+01 -4.091132e-01
6.512420e+00 1.250000e+01 -3.890162e-01
6.513888e+00 1.350000e+01 -4.341311e-01
6.512669e+00 1.450000e+01 -5.569678e-01
6.512805e+00 1.550000e+01 -5.830987e-01
6.514024e+00 1.650000e+01 -3.237944e-01
6.512278e+00 1.750000e+01 -3.033229e-01
6.513550e+00 1.850000e+01 -4.161575e-01
6.512726e+00 1.950000e+01 -2.874312e-01
6.514044e+00 2.050000e+01 -3.851562e-01
6.513068e+00 2.150000e+01 -3.239310e-01
6.513130e+00 2.250000e+01 -4.324428e-01
6.512873e+00 2.350000e+01 -4.175826e-01
6.512320e+00 2.450000e+01 -1.726359e-01
7.511840e+00 5.000000e-01 -1.507705e-01
7.511271e+00 1.500000e+00 5.761085e-02
7.510897e+00 2.500000e+00 3.140480e-02
7.511693e+00 3.500000e+00 4.091957e-02
7.511647e+00 4.500000e+00 1.366193e-01
7.511621e+00 5.500000e+00 1.142698e-01
7.510938e+00 6.500000e+00 1.544805e-02
7.510284e+00 7.500000e+00 -1.277669e-01
7.511147e+00 8.500000e+00 -3.744707e-01
7.511964e+00 9.500000e+00 -3.753823e-01
7.511674e+00 1.050000e+01 -2.788356e-01
7.511089e+00 1.150000e+01 -2.158979e-01
7.510325e+00 1.250000e+01 -4.957055e-01
7.510995e+00 1.350000e+01 -5.124444e-01
7.510936e+00 1.450000e+01 -3.562957e-01
7.511144e+00 1.550000e+01 -2.361017e-01
7.511068e+00 1.650000e+01 -5.361101e-01
7.511806e+00 1.750000e+01 -4.714252e-01
7.510570e+00 1.850000e+01 -3.227043e-01
7.510956e+00 1.950000e+01 -3.149311e-01
7.510938e+00 2.050000e+01 -1.648700e-01
7.511436e+00 2.150000e+01 -3.083668e-01
7.511457e+00 2.250000e+01 -3.439029e-01
7.512080e+00 2.350000e+01 -5.336406e-01
7.510517e+00 2.450000e+01 -3.306376e-01
8.509979e+00 5.000000e-01 -1.934180e-01
8.509641e+00 1.500000e+00 -2.742339e-01
8.510182e+00 2.500000e+00 -7.450865e-02
8.509563e+00 3.500000e+00 1.214422e-02
8.509120e+00 4.500000e+00 1.035778e-01
8.510382e+00 5.500000e+00 -1.005253e-01
8.509912e+00 6.500000e+00 -3.349698e-01
8.508975e+00 7.500000e+00 -2.089518e-01
8.509357e+00 8.500000e+00 -2.679454e-01
8.509685e+00 9.500000e+00 -4.396854e-01
8.509765e+00 1.050000e+01 -4.060520e-01
8.508927e+00 1.150000e+01 -5.528326e-01
8.510868e+00 1.250000e+01 -5.108511e-01
8.509301e+00 1.350000e+01 -5.371487e-01
8.510261e+00 1.450000e+01 -2.455437e-01
8.509256e+00 1.550000e+01 -2.079385e-01
8.509937e+00 1.650000e+01 -4.080948e-01
8.509329e+00 1.750000e+01 -5.247104e-01
8.509900e+00 1.850000e+01 -3.770184e-01
8.510015e+00 1.950000e+01 -1.875452e-01
8.509442e+00 2.050000e+01 -2.974238e-01
8.509156e+00 2.150000e+01 -4.217424e-01
8.510667e+00 2.250000e+01 -4.998242e-01
8.509681e+00 2.350000e+01 -2.910331e-01
8.510146e+00 2.450000e+01 -3.705356e-01
9.508791e+00 5.000000e-01 -3.183313e-02
9.508787e+00 1.500000e+00 -1.668170e-01
9.508602e+00 2.500000e+00 -1.013765e-01
9.507796e+00 3.500000e+00 1.319896e-01
9.508120e+00 4.500000e+00 -1.010713e-01
9.508682e+00 5.500000e+00 -3.071006e-01
9.508327e+00 6.500000e+00 -3.916395e-01
9.509207e+00 7.500000e+00 -5.698522e-01
9.508622e+00 8.500000e+00 -3.872312e-01
9.508464e+00 9.500000e+00 -3.484790e-01
9.508884e+00 1.050000e+01 -4.869323e-01
9.508421e+00 1.150000e+01 -3.721145e-01
9.509208e+00 1.250000e+01 -4.362462e-01
9.508663e+00 1.350000e+01 -3.054285e-01
9.507859e+00 1.450000e+01 -4.682256e-01
9.508606e+00 1.550000e+01 -5.064452e-01
9.509005e+00 1.650000e+01 -3.413184e-01
9.508976e+00 1.750000e+01 -4.271432e-01
9.508732e+00 1.850000e+01 -5.085356e-01
9.507915e+00 1.950000e+01 -5.977752e-01
9.509382e+00 2.050000e+01 -5.387100e-01
9.509301e+00 2.150000e+01 -4.945181e-01
9.508017e+00 2.250000e+01 -4.397599e-01
9.508770e+00 2.350000e+01 -4.527127e-01
9.509066e+00 2.450000e+01 -3.942366e-01
1.050782e+01 5.000000e-01 -1.460038e-01
1.050806e+01 1.500000e+00 3.250366e-02
1.050886e+01 2.500000e+00 -1.616571e-03
1.050903e+01 3.500000e+00 -1.321287e-01
1.050797e+01 4.500000e+00 -1.849906e-01
1.050844e+01 5.500000e+00 -2.672928e-01
1.050770e+01 6.500000e+00 -3.976450e-01
1.050685e+01 7.500000e+00 -5.265791e-01
1.050832e+01 8.500000e+00 -4.858464e-01
1.050828e+01 9.500000e+00 -2.621673e-01
1.050782e+01 1.050000e+01 -2.098359e-01
1.050754e+01 1.150000e+01 -3.607240e-01
1.050872e+01 1.250000e+01 -1.589570e-01
1.050761e+01 1.350000e+01 -1.992689e-01
1.050759e+01 1.450000e+01 -3.159349e-01
1.050843e+01 1.550000e+01 -2.352206e-01
1.050838e+01 1.650000e+01 -1.931109e-01
1.050798e+01 1.750000e+01 -3.620070e-02
1.050807e+01 1.850000e+01 -3.134447e-01
1.050800e+01 1.950000e+01 -4.225014e-01
1.050867e+01 2.050000e+01 -4.862212e-01
1.050781e+01 2.150000e+01 -4.734142e-01
1.050742e+01 2.250000e+01 -5.413393e-01
1.050804e+01 2.350000e+01 -5.702647e-01
1.050734e+01 2.450000e+01 -4.231168e-01
1.150685e+01 5.000000e-01 -3.277808e-01
1.150718e+01 1.500000e+00 -2.641984e-01
1.150708e+01 2.500000e+00 -1.783748e-01
1.150682e+01 3.500000e+00 -2.104577e-01
1.150725e+01 4.500000e+00 -1.120655e-01
1.150801e+01 5.500000e+00 -1.480572e-01
1.150672e+01 6.500000e+00 -2.499960e-01
1.150711e+01 7.500000e+00 -1.572978e-01
1.150693e+01 8.500000e+00 -3.752229e-01
1.150733e+01 9.500000e+00 -4.798008e-01
1.150645e+01 1.050000e+01 -3.327220e-01
1.150595e+01 1.150000e+01 -7.649054e-02
1.150754e+01 1.250000e+01 -6.646756e-02
1.150704e+01 1.350000e+01 -8.004059e-02
1.150657e+01 1.450000e+01 -3.131062e-02
1.150735e+01 1.550000e+01 -2.880965e-02
1.150736e+01 1.650000e+01 8.125233e-02
1.150749e+01 1.750000e+01 -7.416498e-02
1.150696e+01 1.850000e+01 -8.457207e-02
1.150784e+01 1.950000e+01 -2.322574e-01
1.150728e+01 2.050000e+01 -4.147725e-01
1.150707e+01 2.150000e+01 -5.007397e-01
1.150778e+01 2.250000e+01 -3.995399e-01
1.150598e+01 2.350000e+01 -3.825292e-01
1.150747e+01 2.450000e+01 -1.614276e-01
1.250592e+01 5.000000e-01 -3.180213e-01
1.250627e+01 1.500000e+00 -2.241531e-01
1.250704e+01 2.500000e+00 -1.252771e-01
1.250628e+01 3.500000e+00 -9.574723e-02
1.250755e+01 4.500000e+00 -2.109485e-01
1.250608e+01 5.500000e+00 -1.885023e-01
1.250725e+01 6.500000e+00 -2.625640e-03
1.250642e+01 7.500000e+00 -2.292845e-01
1.250636e+01 8.500000e+00 -2.878524e-01
1.250691e+01 9.500000e+00 -4.109495e-01
1.250629e+01 1.050000e+01 -3.904649e-01
1.250712e+01 1.150000e+01 -1.111537e-01
1.250648e+01 1.250000e+01 -5.279265e-02
1.250658e+01 1.350000e+01 2.141647e-02
1.250678e+01 1.450000e+01 1.109719e-01
1.250667e+01 1.550000e+01 8.702132e-02
1.250660e+01 1.650000e+01 -8.632761e-02
1.250655e+01 1.750000e+01 -6.465845e-03
1.250647e+01 1.850000e+01 7.386902e-03
1.250648e+01 1.950000e+01 -1.570538e-01
1.250682e+01 2.050000e+01 -2.392930e-01
1.250778e+01 2.150000e+01 -2.913063e-01
1.250742e+01 2.250000e+01 -3.338923e-01
1.250660e+01 2.350000e+01 -1.793560e-01
1.250762e+01 2.450000e+01 -3.761720e-01
1.350586e+01 5.000000e-01 -1.574177e-02
1.350649e+01 1.500000e+00 -1.645196e-01
1.350631e+01 2.500000e+00 -3.188738e-01
1.350658e+01 3.500000e+00 -1.878038e-01
1.350638e+01 4.500000e+00 -2.112101e-01
1.350638e+01 5.500000e+00 -1.222375e-01
1.350604e+01 6.500000e+00 -2.721350e-01
1.350614e+01 7.500000e+00 -2.773119e-01
1.350599e+01 8.500000e+00 -3.275141e-01
1.350640e+01 9.500000e+00 -3.153162e-01
1.350667e+01 1.050000e+01 -2.849826e-01
1.350621e+01 1.150000e+01 -4.106164e-01
1.350602e+01 1.250000e+01 -2.271421e-01
1.350509e+01 1.350000e+01 -2.692077e-02
1.350575e+01 1.450000e+01 2.913679e-02
1.350551e+01 1.550000e+01 1.747933e-02
1.350666e+01 1.650000e+01 8.215250e-02
1.350649e+01 1.750000e+01 6.761350e-02
1.350694e+01 1.850000e+01 -1.397979e-02
1.350645e+01 1.950000e+01 -8.474123e-02
1.350557e+01 2.050000e+01 -1.183187e-01
1.350586e+01 2.150000e+01 -1.713683e-01
1.350553e+01 2.250000e+01 -1.934929e-01
1.350615e+01 2.350000e+01 -3.440731e-01
1.350618e+01 2.450000e+01 -2.843180e-01
1.450588e+01 5.000000e-01 8.526104e-03
1.450561e+01 1.500000e+00 -1.176858e-01
1.450541e+01 2.500000e+00 -2.737510e-01
1.450560e+01 3.500000e+00 -5.169145e-01
1.450547e+01 4.500000e+00 -3.634764e-01
1.450531e+01 5.500000e+00 -4.663984e-01
1.450623e+01 6.500000e+00 -3.692772e-01
1.450608e+01 7.500000e+00 -2.294473e-01
1.450600e+01 8.500000e+00 -2.449423e-01
1.450590e+01 9.500000e+00 -2.693239e-01
1.450622e+01 1.050000e+01 -3.538890e-01
1.450589e+01 1.150000e+01 -3.427104e-01
1.450520e+01 1.250000e+01 -1.990466e-01
1.450573e+01 1.350000e+01 -4.846239e-02
1.450578e+01 1.450000e+01 5.869134e-02
1.450626e+01 1.550000e+01 1.780960e-01
1.450527e+01 1.650000e+01 1.443482e-01
1.450635e+01 1.750000e+01 -2.004195e-02
1.450607e+01 1.850000e+01 -2.015082e-01
1.450631e+01 1.950000e+01 -1.203320e-01
1.450611e+01 2.050000e+01 -1.213648e-01
1.450579e+01 2.150000e+01 -1.007734e-01
1.450607e+01 2.250000e+01 -1.421557e-01
1.450457e+01 2.350000e+01 -2.581989e-01
1.450544e+01 2.450000e+01 -3.381035e-01
1.550611e+01 5.000000e-01 -6.865637e-03
1.550531e+01 1.500000e+00 -1.216845e-01
1.550522e+01 2.500000e+00 -2.007883e-01
1.550532e+01 3.500000e+00 -2.564039e-01
1.550502e+01 4.500000e+00 -3.885030e-01
1.550494e+01 5.500000e+00 -2.769561e-01
1.550573e+01 6.500000e+00 -3.424848e-01
1.550543e+01 7.500000e+00 -2.947944e-01
1.550547e+01 8.500000e+00 -2.260832e-01
1.550509e+01 9.500000e+00 -2.094842e-01
1.550417e+01 1.050000e+01 -1.787210e-01
1.550539e+01 1.150000e+01 -1.062344e-01
1.550564e+01 1.250000e+01 -1.714871e-01
1.550561e+01 1.350000e+01 -1.976151e-01
1.550522e+01 1.450000e+01 -3.592972e-02
1.550599e+01 1.550000e+01 1.138148e-01
1.550551e+01 1.650000e+01 3.296353e-02
1.550509e+01 1.750000e+01 -1.160735e-01
1.550506e+01 1.850000e+01 -3.784248e-02
1.550497e+01 1.950000e+01 -3.753511e-02
1.550451e+01 2.050000e+01 -1.497860e-02
1.550460e+01 2.150000e+01 -4.833310e-02
1.550591e+01 2.250000e+01 -9.106492e-02
1.550511e+01 2.350000e+01 -1.207818e-01
1.550575e+01 2.450000e+01 -1.037621e-01
1.650562e+01 5.000000e-01 2.837544e-03
1.650522e+01 1.500000e+00 -7.242747e-02
1.650484e+01 2.500000e+00 -1.755750e-01
1.650438e+01 3.500000e+00 -2.637464e-01
1.650509e+01 4.500000e+00 -3.136608e-01
1.650486e+01 5.500000e+00 -4.678132e-01
1.650497e+01 6.500000e+00 -3.492848e-01
1.650472e+01 7.500000e+00 -3.666488e-01
1.650525e+01 8.500000e+00 -1.935999e-01
1.650444e+01 9.500000e+00 -9.617286e-02
1.650538e+01 1.050000e+01 4.348194e-02
1.650422e+01 1.150000e+01 -5.471650e-02
1.650548e+01 1.250000e+01 -1.388591e-01
1.650495e+01 1.350000e+01 -1.177110e-01
1.650470e+01 1.450000e+01 -7.199953e-02
1.650512e+01 1.550000e+01 -1.246847e-01
1.650482e+01 1.650000e+01 -9.634480e-02
1.650533e+01 1.750000e+01 7.212028e-03
1.650482e+01 1.850000e+01 3.325711e-02
1.650504e+01 1.950000e+01 8.565331e-02
1.650471e+01 2.050000e+01 1.571167e-01
1.650557e+01 2.150000e+01 8.386405e-02
1.650457e+01 2.250000e+01 3.150021e-02
1.650457e+01 2.350000e+01 1.587081e-01
1.650499e+01 2.450000e+01 2.003077e-01
1.750491e+01 5.000000e-01 -5.642705e-02
1.750490e+01 1.500000e+00 -9.457873e-02
1.750458e+01 2.500000e+00 -1.358410e-01
1.750470e+01 3.500000e+00 -2.582386e-01
1.750523e+01 4.500000e+00 -3.311112e-01
1.750435e+01 5.500000e+00 -3.742282e-01
1.750508e+01 6.500000e+00 -4.448950e-01
1.750484e+01 7.500000e+00 -3.773084e-01
1.750460e+01 8.500000e+00 -2.388033e-01
1.750465e+01 9.500000e+00 -8.487670e-02
1.750484e+01 1.050000e+01 -8.556534e-02
1.750466e+01 1.150000e+01 -1.100150e-01
1.750438e+01 1.250000e+01 -6.982101e-02
1.750504e+01 1.350000e+01 4.927616e-04
1.750450e+01 1.450000e+01 -1.677532e-01
1.750498e+01 1.550000e+01 -1.339648e-01
1.750424e+01 1.650000e+01 -2.049792e-02
1.750486e+01 1.750000e+01 6.265841e-02
1.750442e+01 1.850000e+01 6.048147e-02
1.750517e+01 1.950000e+01 1.245526e-01
1.750500e+01 2.050000e+01 1.068580e-01
1.750488e+01 2.150000e+01 2.058091e-01
1.750444e+01 2.250000e+01 1.760355e-01
1.750427e+01 2.350000e+01 1.737322e-01
1.750486e+01 2.450000e+01 2.215918e-01
1.850417e+01 5.000000e-01 -5.394460e-02
1.850518e+01 1.500000e+00 1.402351e-01
1.850426e+01 2.500000e+00 2.459149e-01
1.850496e+01 3.500000e+00 4.099794e-02
1.850462e+01 4.500000e+00 -1.331877e-01
1.850486e+01 5.500000e+00 -1.455071e-01
1.850390e+01 6.500000e+00 -2.749287e-01
1.850465e+01 7.500000e+00 -2.416840e-01
1.850463e+01 8.500000e+00 -2.703957e-01
1.850461e+01 9.500000e+00 -1.277696e-01
1.850453e+01 1.050000e+01 -7.239356e-02
1.850432e+01 1.150000e+01 -5.204951e-02
1.850442e+01 1.250000e+01 5.710140e-02
1.850371e+01 1.350000e+01 -3.396967e-02
1.850459e+01 1.450000e+01 -1.684319e-01
1.850431e+01 1.550000e+01 -2.539381e-01
1.850435e+01 1.650000e+01 -1.869203e-01
1.850453e+01 1.750000e+01 -4.093886e-02
1.850449e+01 1.850000e+01 7.539566e-02
1.850428e+01 1.950000e+01 3.825069e-02
1.850447e+01 2.050000e+01 1.210477e-01
1.850465e+01 2.150000e+01 1.194450e-01
1.850467e+01 2.250000e+01 2.496209e-01
1.850492e+01 2.350000e+01 2.378363e-01
1.850428e+01 2.450000e+01 1.613906e-01
1.950422e+01 5.000000e-01 1.375749e-01
1.950424e+01 1.500000e+00 1.745166e-01
1.950341e+01 2.500000e+00 1.125263e-01
1.950457e+01 3.500000e+00 1.881517e-01
1.950389e+01 4.500000e+00 7.710367e-02
1.950393e+01 5.500000e+00 -1.756133e-01
1.950425e+01 6.500000e+00 -1.002996e-01
1.950394e+01 7.500000e+00 -1.125101e-01
1.950446e+01 8.500000e+00 -6.485981e-02
1.950446e+01 9.500000e+00 -2.274004e-01
1.950463e+01 1.050000e+01 -9.218834e-02
1.950457e+01 1.150000e+01 1.107657e-01
1.950431e+01 1.250000e+01 -2.867324e-02
1.950414e+01 1.350000e+01 -1.649104e-01
1.950481e+01 1.450000e+01 -7.645719e-02
1.950430e+01 1.550000e+01 -9.674696e-02
1.950460e+01 1.650000e+01 -1.626267e-01
1.950473e+01 1.750000e+01 -6.053192e-02
1.950464e+01 1.850000e+01 3.867607e-02
1.950468e+01 1.950000e+01 1.378392e-01
1.950417e+01 2.050000e+01 5.862461e-02
1.950484e+01 2.150000e+01 1.689167e-01
1.950398e+01 2.250000e+01 1.853007e-01
1.950405e+01 2.350000e+01 1.324499e-01
1.950471e+01 2.450000e+01 8.503944e-03
2.050459e+01 5.000000e-01 1.002161e-01
2.050400e+01 1.500000e+00 -6.431495e-02
2.050434e+01 2.500000e+00 1.681726e-02
2.050462e+01 3.500000e+00 8.825711e-02
2.050441e+01 4.500000e+00 3.819608e-02
2.050399e+01 5.500000e+00 -1.273688e-02
2.050399e+01 6.500000e+00 -4.122431e-02
2.050383e+01 7.500000e+00 -5.319517e-02
2.050444e+01 8.500000e+00 -8.945237e-02
2.050414e+01 9.500000e+00 -6.554037e-02
2.050390e+01 1.050000e+01 -1.328073e-01
2.050467e+01 1.150000e+01 -6.546739e-02
2.050366e+01 1.250000e+01 -1.152751e-02
2.050423e+01 1.350000e+01 -2.359762e-02
2.050426e+01 1.450000e+01 -1.338091e-01
2.050387e+01 1.550000e+01 -2.365736e-02
2.050340e+01 1.650000e+01 -9.836265e-03
2.050448e+01 1.750000e+01 -6.339627e-02
2.050367e+01 1.850000e+01 5.073345e-02
2.050472e+01 1.950000e+01 1.036378e-01
2.050419e+01 2.050000e+01 1.560587e-01
2.050392e+01 2.150000e+01 1.455825e-01
2.050404e+01 2.250000e+01 1.809568e-01
2.050436e+01 2.350000e+01 1.300421e-01
2.050453e+01 2.450000e+01 1.571200e-01
2.150420e+01 5.000000e-01 3.101912e-03
2.150360e+01 1.500000e+00 2.158003e-02
2.150402e+01 2.500000e+00 -2.109081e-02
2.150354e+01 3.500000e+00 -3.926002e-02
2.150421e+01 4.500000e+00 5.534042e-02
2.150370e+01 5.500000e+00 1.072556e-01
2.150413e+01 6.500000e+00 -3.039499e-02
2.150407e+01 7.500000e+00 -1.454947e-01
2.150500e+01 8.500000e+00 -2.020379e-01
2.150443e+01 9.500000e+00 -1.182688e-01
2.150356e+01 1.050000e+01 -3.112078e-03
2.150369e+01 1.150000e+01 -1.175633e-01
2.150417e+01 1.250000e+01 -5.788877e-02
2.150333e+01 1.350000e+01 -6.983926e-02
2.150378e+01 1.450000e+01 -6.619622e-02
2.150373e+01 1.550000e+01 -1.711220e-01
2.150410e+01 1.650000e+01 -1.555816e-01
2.150426e+01 1.750000e+01 -7.447537e-02
2.150347e+01 1.850000e+01 -1.323776e-01
2.150428e+01 1.950000e+01 -6.336204e-02
2.150418e+01 2.050000e+01 5.065747e-02
2.150398e+01 2.150000e+01 7.774635e-02
2.150418e+01 2.250000e+01 6.321624e-02
2.150413e+01 2.350000e+01 1.461251e-01
2.150415e+01 2.450000e+01 2.265441e-01
2.250360e+01 5.000000e-01 9.332531e-03
2.250411e+01 1.500000e+00 1.048003e-01
2.250358e+01 2.500000e+00 4.776428e-02
2.250352e+01 3.500000e+00 3.402679e-02
2.250359e+01 4.500000e+00 1.917696e-01
2.250367e+01 5.500000e+00 2.088561e-01
2.250360e+01 6.500000e+00 1.282883e-01
2.250366e+01 7.500000e+00 -3.042984e-02
2.250323e+01 8.500000e+00 -1.191809e-01
2.250396e+01 9.500000e+00 -8.576858e-02
2.250393e+01 1.050000e+01 -1.157813e-01
2.250378e+01 1.150000e+01 -1.671303e-01
2.250363e+01 1.250000e+01 -2.556280e-01
2.250345e+01 1.350000e+01 -1.151158e-01
2.250412e+01 1.450000e+01 -6.284757e-02
2.250373e+01 1.550000e+01 -5.209592e-02
2.250360e+01 1.650000e+01 -3.713964e-02
2.250350e+01 1.750000e+01 -8.403162e-02
2.250456e+01 1.850000e+01 -4.061221e-02
2.250381e+01 1.950000e+01 1.272474e-02
2.250372e+01 2.050000e+01 9.520025e-02
2.250418e+01 2.150000e+01 1.230323e-01
2.250348e+01 2.250000e+01 4.394598e-02
2.250339e+01 2.350000e+01 1.488291e-01
2.250407e+01 2.450000e+01 1.502315e-01
2.350388e+01 5.000000e-01 1.920830e-01
2.350419e+01 1.500000e+00 8.365692e-02
2.350368e+01 2.500000e+00 1.121553e-01
2.350332e+01 3.500000e+00 1.140698e-01
2.350374e+01 4.500000e+00 8.093323e-02
2.350354e+01 5.500000e+00 2.029833e-01
2.350343e+01 6.500000e+00 2.494246e-01
2.350335e+01 7.500000e+00 1.363808e-01
2.350377e+01 8.500000e+00 9.202560e-02
2.350387e+01 9.500000e+00 -6.258291e-02
2.350303e+01 1.050000e+01 -2.360030e-01
2.350404e+01 1.150000e+01 -1.935256e-01
2.350320e+01 1.250000e+01 -1.773356e-01
2.350362e+01 1.350000e+01 -1.164380e-01
2.350408e+01 1.450000e+01 4.570345e-02
2.350349e+01 1.550000e+01 9.025713e-02
2.350336e+01 1.650000e+01 -4.756471e-02
2.350342e+01 1.750000e+01 -1.223917e-01
2.350292e+01 1.850000e+01 -6.276889e-02
2.350352e+01 1.950000e+01 1.053955e-01
2.350296e+01 2.050000e+01 2.362369e-01
2.350367e+01 2.150000e+01 1.714270e-01
2.350368e+01 2.250000e+01 3.072741e-01
2.350300e+01 2.350000e+01 2.222585e-01
2.350372e+01 2.450000e+01 8.425015e-02
2.450351e+01 5.000000e-01 2.298613e-01
2.450350e+01 1.500000e+00 1.774219e-01
2.450396e+01 2.500000e+00 1.438624e-01
2.450282e+01 3.500000e+00 1.917178e-01
2.450390e+01 4.500000e+00 1.883712e-01
2.450309e+01 5.500000e+00 1.364749e-01
2.450324e+01 6.500000e+00 2.132839e-01
2.450305e+01 7.500000e+00 3.619802e-01
2.450312e+01 8.500000e+00 2.901658e-01
2.450390e+01 9.500000e+00 9.474775e-03
2.450358e+01 1.050000e+01 -1.391590e-01
2.450387e+01 1.150000e+01 -2.244490e-01
2.450292e+01 1.250000e+01 -1.674248e-01
2.450342e+01 1.350000e+01 -2.073260e-01
2.450406e+01 1.450000e+01 -1.931736e-01
2.450326e+01 1.550000e+01 -1.064700e-01
2.450344e+01 1.650000e+01 -2.776603e-02
2.450329e+01 1.750000e+01 5.579748e-02
2.450387e+01 1.850000e+01 5.775195e-02
2.450341e+01 1.950000e+01 -1.902791e-02
2.450370e+01 2.050000e+01 -1.847975e-02
2.450382e+01 2.150000e+01 2.309189e-01
2.450372e+01 2.250000e+01 2.555203e-01
2.450353e+01 2.350000e+01 1.277576e-01
2.450345e+01 2.450000e+01 5.385883e-02
