2.055462e-01 5.000000e-01 2.507463e+01
6.647191e-01 1.500000e+00 1.869133e+01
6.645814e-01 2.500000e+00 1.429892e+01
6.699169e-01 3.500000e+00 6.927840e+00
6.672486e-01 4.500000e+00 1.036696e+01
6.684135e-01 5.500000e+00 6.987515e+00
6.660820e-01 6.500000e+00 4.136954e+00
6.685137e-01 7.500000e+00 1.147203e+01
6.670929e-01 8.500000e+00 1.402774e+01
6.679416e-01 9.500000e+00 1.075919e+01
6.654329e-01 1.050000e+01 9.456448e+00
6.660140e-01 1.150000e+01 6.197439e+00
6.665131e-01 1.250000e+01 4.711500e+00
6.655102e-01 1.350000e+01 6.245270e+00
6.659215e-01 1.450000e+01 3.505280e+00
6.643634e-01 1.550000e+01 2.768548e+00
6.661591e-01 1.650000e+01 7.308411e+00
6.666851e-01 1.750000e+01 4.821000e+00
6.677620e-01 1.850000e+01 4.806112e+00
6.661215e-01 1.950000e+01 4.918698e+00
6.660974e-01 2.050000e+01 5.850059e+00
6.663423e-01 2.150000e+01 4.246815e+00
6.659541e-01 2.250000e+01 7.751657e-01
6.660808e-01 2.350000e+01 -1.362648e+00
6.648718e-01 2.450000e+01 1.677157e-01
1.554763e+00 5.000000e-01 2.408013e+01
1.555466e+00 1.500000e+00 1.389487e+01
1.555187e+00 2.500000e+00 1.121346e+01
1.555622e+00 3.500000e+00 9.599798e+00
1.552766e+00 4.500000e+00 4.887087e+00
1.555252e+00 5.500000e+00 2.957606e+00
1.555312e+00 6.500000e+00 5.061819e+00
1.555683e+00 7.500000e+00 6.466696e+00
1.554896e+00 8.500000e+00 9.137612e+00
1.556937e+00 9.500000e+00 9.890646e+00
1.556403e+00 1.050000e+01 8.140173e+00
1.556385e+00 1.150000e+01 8.532266e+00
1.553621e+00 1.250000e+01 7.181996e+00
1.555772e+00 1.350000e+01 4.308130e+00
1.558318e+00 1.450000e+01 2.231673e+00
1.554204e+00 1.550000e+01 3.792079e+00
1.554715e+00 1.650000e+01 4.639795e+00
1.555741e+00 1.750000e+01 6.279250e+00
1.555931e+00 1.850000e+01 4.891136e+00
1.555762e+00 1.950000e+01 5.423365e+00
1.555865e+00 2.050000e+01 5.031814e+00
1.556970e+00 2.150000e+01 2.388079e+00
1.554829e+00 2.250000e+01 8.758458e-01
1.556114e+00 2.350000e+01 -5.846976e-04
1.557021e+00 2.450000e+01 3.242925e-01
2.534757e+00 5.000000e-01 1.179109e+01
2.536169e+00 1.500000e+00 1.189868e+01
2.532412e+00 2.500000e+00 7.699520e+00
2.533425e+00 3.500000e+00 6.884911e+00
2.534574e+00 4.500000e+00 4.924850e+00
2.533690e+00 5.500000e+00 3.627578e+00
2.532640e+00 6.500000e+00 6.180969e+00
2.532654e+00 7.500000e+00 6.314471e+00
2.533520e+00 8.500000e+00 5.284585e+00
2.534309e+00 9.500000e+00 6.027669e+00
2.532774e+00 1.050000e+01 7.010510e+00
2.533057e+00 1.150000e+01 7.497197e+00
2.532877e+00 1.250000e+01 7.340517e+00
2.533572e+00 1.350000e+01 4.313710e+00
2.532292e+00 1.450000e+01 3.683693e+00
2.533336e+00 1.550000e+01 1.986011e+00
2.533671e+00 1.650000e+01 2.052530e+00
2.532695e+00 1.750000e+01 3.607500e+00
2.533252e+00 1.850000e+01 6.034035e+00
2.533424e+00 1.950000e+01 4.988927e+00
2.534916e+00 2.050000e+01 1.497678e+00
2.532935e+00 2.150000e+01 1.659266e+00
2.534227e+00 2.250000e+01 1.541676e+00
2.534029e+00 2.350000e+01 2.317840e+00
2.532949e+00 2.450000e+01 2.583269e+00
3.526113e+00 5.000000e-01 1.054917e+01
3.524111e+00 1.500000e+00 9.074297e+00
3.523990e+00 2.500000e+00 7.892479e+00
3.524397e+00 3.500000e+00 5.270801e+00
3.525250e+00 4.500000e+00 6.344377e+00
3.523072e+00 5.500000e+00 8.654054e+00
3.524037e+00 6.500000e+00 6.745122e+00
3.524505e+00 7.500000e+00 5.206023e+00
3.524509e+00 8.500000e+00 4.997856e+00
3.523458e+00 9.500000e+00 6.177760e+00
3.524889e+00 1.050000e+01 6.568477e+00
3.524826e+00 1.150000e+01 5.484867e+00
3.524963e+00 1.250000e+01 4.225744e+00
3.523005e+00 1.350000e+01 3.638827e+00
3.524607e+00 1.450000e+01 3.360957e+00
3.523863e+00 1.550000e+01 4.202987e+00
3.523248e+00 1.650000e+01 2.619265e+00
3.522963e+00 1.750000e+01 2.541539e+00
3.522862e+00 1.850000e+01 3.668344e+00
3.525382e+00 1.950000e+01 2.576259e+00
3.524639e+00 2.050000e+01 2.189728e+00
3.523780e+00 2.150000e+01 2.698597e+00
3.523923e+00 2.250000e+01 4.023008e+00
3.525550e+00 2.350000e+01 2.989309e+00
3.522717e+00 2.450000e+01 2.737810e+00
4.517850e+00 5.000000e-01 9.016045e+00
4.519863e+00 1.500000e+00 7.283560e+00
4.520392e+00 2.500000e+00 6.223868e+00
4.518548e+00 3.500000e+00 4.978389e+00
4.519322e+00 4.500000e+00 7.271195e+00
4.519241e+00 5.500000e+00 8.435986e+00
4.518711e+00 6.500000e+00 6.671658e+00
4.517630e+00 7.500000e+00 5.156751e+00
4.518634e+00 8.500000e+00 4.540582e+00
4.518653e+00 9.500000e+00 4.476443e+00
4.519418e+00 1.050000e+01 5.360391e+00
4.517968e+00 1.150000e+01 4.198180e+00
4.517108e+00 1.250000e+01 3.852210e+00
4.518624e+00 1.350000e+01 4.901786e+00
4.517525e+00 1.450000e+01 4.899153e+00
4.517827e+00 1.550000e+01 3.126522e+00
4.519423e+00 1.650000e+01 3.424146e+00
4.519005e+00 1.750000e+01 3.044828e+00
4.517028e+00 1.850000e+01 1.646627e+00
4.518397e+00 1.950000e+01 1.395538e+00
4.517754e+00 2.050000e+01 2.088352e+00
4.518635e+00 2.150000e+01 2.913612e+00
4.519023e+00 2.250000e+01 3.937762e+00
4.518577e+00 2.350000e+01 4.095983e+00
4.519220e+00 2.450000e+01 2.795521e+00
5.514829e+00 5.000000e-01 8.969083e+00
5.514813e+00 1.500000e+00 8.128095e+00
5.514843e+00 2.500000e+00 5.571643e+00
5.515904e+00 3.500000e+00 7.575929e+00
5.515451e+00 4.500000e+00 6.278731e+00
5.516357e+00 5.500000e+00 6.494740e+00
5.515443e+00 6.500000e+00 6.860813e+00
5.515340e+00 7.500000e+00 6.976832e+00
5.515558e+00 8.500000e+00 5.727700e+00
5.515271e+00 9.500000e+00 4.541427e+00
5.514398e+00 1.050000e+01 2.874633e+00
5.516203e+00 1.150000e+01 3.055317e+00
5.514529e+00 1.250000e+01 3.152259e+00
5.514670e+00 1.350000e+01 4.310176e+00
5.514691e+00 1.450000e+01 4.657669e+00
5.515444e+00 1.550000e+01 4.105309e+00
5.515758e+00 1.650000e+01 3.428111e+00
5.514275e+00 1.750000e+01 2.212737e+00
5.515283e+00 1.850000e+01 1.206370e+00
5.514572e+00 1.950000e+01 2.598619e+00
5.514419e+00 2.050000e+01 3.128250e+00
5.514477e+00 2.150000e+01 3.225976e+00
5.514662e+00 2.250000e+01 3.060697e+00
5.515313e+00 2.350000e+01 3.678463e+00
5.514971e+00 2.450000e+01 4.108356e+00
6.513492e+00 5.000000e-01 9.022232e+00
6.512882e+00 1.500000e+00 7.705051e+00
6.513037e+00 2.500000e+00 7.933902e+00
6.513813e+00 3.500000e+00 7.451168e+00
6.513505e+00 4.500000e+00 7.107531e+00
6.512903e+00 5.500000e+00 4.685499e+00
6.513336e+00 6.500000e+00 6.419235e+00
6.512493e+00 7.500000e+00 6.386222e+00
6.513365e+00 8.500000e+00 5.816569e+00
6.513152e+00 9.500000e+00 4.139108e+00
6.513425e+00 1.050000e+01 2.833871e+00
6.512672e+00 1.150000e+01 2.935136e+00
6.512420e+00 1.250000e+01 3.619636e+00
6.513889e+00 1.350000e+01 3.056951e+00
6.512671e+00 1.450000e+01 3.963977e+00
6.512805e+00 1.550000e+01 4.965041e+00
6.514023e+00 1.650000e+01 3.887795e+00
6.512280e+00 1.750000e+01 2.144241e+00
6.513549e+00 1.850000e+01 2.419309e+00
6.512725e+00 1.950000e+01 2.328230e+00
6.514043e+00 2.050000e+01 2.873516e+00
6.513069e+00 2.150000e+01 3.150195e+00
6.513132e+00 2.250000e+01 3.008365e+00
6.512873e+00 2.350000e+01 3.682029e+00
6.512322e+00 2.450000e+01 4.112286e+00
7.511838e+00 5.000000e-01 8.313859e+00
7.511271e+00 1.500000e+00 7.913451e+00
7.510896e+00 2.500000e+00 7.513192e+00
7.511693e+00 3.500000e+00 5.754673e+00
7.511646e+00 4.500000e+00 5.186357e+00
7.511621e+00 5.500000e+00 5.410269e+00
7.510937e+00 6.500000e+00 4.561705e+00
7.510284e+00 7.500000e+00 5.323557e+00
7.511147e+00 8.500000e+00 4.288375e+00
7.511964e+00 9.500000e+00 3.322375e+00
7.511675e+00 1.050000e+01 2.435372e+00
7.511089e+00 1.150000e+01 2.480891e+00
7.510324e+00 1.250000e+01 2.763680e+00
7.510995e+00 1.350000e+01 2.861324e+00
7.510935e+00 1.450000e+01 3.274324e+00
7.511144e+00 1.550000e+01 3.753643e+00
7.511069e+00 1.650000e+01 3.843481e+00
7.511806e+00 1.750000e+01 3.708078e+00
7.510570e+00 1.850000e+01 3.539141e+00
7.510955e+00 1.950000e+01 2.902549e+00
7.510937e+00 2.050000e+01 2.932127e+00
7.511437e+00 2.150000e+01 3.492777e+00
7.511456e+00 2.250000e+01 3.594879e+00
7.512079e+00 2.350000e+01 3.462012e+00
7.510517e+00 2.450000e+01 3.642238e+00
8.509980e+00 5.000000e-01 8.333532e+00
8.509643e+00 1.500000e+00 9.077245e+00
8.510182e+00 2.500000e+00 8.123108e+00
8.509562e+00 3.500000e+00 6.104944e+00
8.509120e+00 4.500000e+00 4.670447e+00
8.510383e+00 5.500000e+00 5.732593e+00
8.509913e+00 6.500000e+00 4.585237e+00
8.508976e+00 7.500000e+00 4.283513e+00
8.509358e+00 8.500000e+00 4.260577e+00
8.509686e+00 9.500000e+00 3.262204e+00
8.509764e+00 1.050000e+01 2.897243e+00
8.508927e+00 1.150000e+01 2.464866e+00
8.510867e+00 1.250000e+01 1.707377e+00
8.509302e+00 1.350000e+01 2.764051e+00
8.510259e+00 1.450000e+01 2.538886e+00
8.509254e+00 1.550000e+01 2.586804e+00
8.509939e+00 1.650000e+01 3.539854e+00
8.509331e+00 1.750000e+01 4.050342e+00
8.509903e+00 1.850000e+01 3.678330e+00
8.510014e+00 1.950000e+01 3.403957e+00
8.509445e+00 2.050000e+01 3.130728e+00
8.509157e+00 2.150000e+01 3.644134e+00
8.510666e+00 2.250000e+01 4.150896e+00
8.509683e+00 2.350000e+01 3.519115e+00
8.510142e+00 2.450000e+01 3.492147e+00
9.508792e+00 5.000000e-01 7.883995e+00
9.508787e+00 1.500000e+00 8.263450e+00
9.508603e+00 2.500000e+00 7.722486e+00
9.507796e+00 3.500000e+00 6.596469e+00
9.508118e+00 4.500000e+00 5.884212e+00
9.508681e+00 5.500000e+00 4.809531e+00
9.508328e+00 6.500000e+00 4.516169e+00
9.509207e+00 7.500000e+00 2.865460e+00
9.508622e+00 8.500000e+00 3.276068e+00
9.508465e+00 9.500000e+00 3.423991e+00
9.508882e+00 1.050000e+01 3.654388e+00
9.508422e+00 1.150000e+01 2.972036e+00
9.509206e+00 1.250000e+01 2.905573e+00
9.508659e+00 1.350000e+01 2.314669e+00
9.507858e+00 1.450000e+01 2.864640e+00
9.508605e+00 1.550000e+01 2.539556e+00
9.509005e+00 1.650000e+01 3.410928e+00
9.508974e+00 1.750000e+01 4.197945e+00
9.508736e+00 1.850000e+01 3.949249e+00
9.507916e+00 1.950000e+01 4.076731e+00
9.509379e+00 2.050000e+01 3.731236e+00
9.509299e+00 2.150000e+01 2.956752e+00
9.508017e+00 2.250000e+01 3.695617e+00
9.508774e+00 2.350000e+01 4.162293e+00
9.509066e+00 2.450000e+01 3.405501e+00
1.050782e+01 5.000000e-01 7.304534e+00
1.050806e+01 1.500000e+00 6.407942e+00
1.050886e+01 2.500000e+00 5.951130e+00
1.050903e+01 3.500000e+00 6.777985e+00
1.050797e+01 4.500000e+00 6.602708e+00
1.050844e+01 5.500000e+00 4.702256e+00
1.050770e+01 6.500000e+00 3.041031e+00
1.050685e+01 7.500000e+00 3.098509e+00
1.050832e+01 8.500000e+00 1.911234e+00
1.050828e+01 9.500000e+00 3.554182e+00
1.050782e+01 1.050000e+01 3.696442e+00
1.050754e+01 1.150000e+01 4.155715e+00
1.050872e+01 1.250000e+01 3.330717e+00
1.050761e+01 1.350000e+01 2.818566e+00
1.050759e+01 1.450000e+01 2.247732e+00
1.050843e+01 1.550000e+01 3.135799e+00
1.050838e+01 1.650000e+01 3.431166e+00
1.050798e+01 1.750000e+01 3.922914e+00
1.050806e+01 1.850000e+01 4.002433e+00
1.050800e+01 1.950000e+01 4.059268e+00
1.050866e+01 2.050000e+01 4.266065e+00
1.050781e+01 2.150000e+01 3.440043e+00
1.050742e+01 2.250000e+01 3.056151e+00
1.050804e+01 2.350000e+01 3.890451e+00
1.050734e+01 2.450000e+01 3.697754e+00
1.150685e+01 5.000000e-01 5.887792e+00
1.150718e+01 1.500000e+00 3.929301e+00
1.150708e+01 2.500000e+00 3.992468e+00
1.150682e+01 3.500000e+00 4.921849e+00
1.150725e+01 4.500000e+00 5.101751e+00
1.150801e+01 5.500000e+00 4.939907e+00
1.150673e+01 6.500000e+00 3.578319e+00
1.150711e+01 7.500000e+00 2.593700e+00
1.150693e+01 8.500000e+00 2.526340e+00
1.150733e+01 9.500000e+00 2.382392e+00
1.150645e+01 1.050000e+01 3.870199e+00
1.150596e+01 1.150000e+01 3.649184e+00
1.150755e+01 1.250000e+01 3.195353e+00
1.150704e+01 1.350000e+01 2.332777e+00
1.150657e+01 1.450000e+01 2.446523e+00
1.150735e+01 1.550000e+01 2.978651e+00
1.150736e+01 1.650000e+01 3.393007e+00
1.150749e+01 1.750000e+01 3.565799e+00
1.150697e+01 1.850000e+01 4.115048e+00
1.150783e+01 1.950000e+01 3.901142e+00
1.150728e+01 2.050000e+01 3.560399e+00
1.150706e+01 2.150000e+01 3.690359e+00
1.150779e+01 2.250000e+01 3.298446e+00
1.150598e+01 2.350000e+01 2.830048e+00
1.150747e+01 2.450000e+01 3.378195e+00
1.250592e+01 5.000000e-01 4.850808e+00
1.250628e+01 1.500000e+00 4.977058e+00
1.250704e+01 2.500000e+00 5.724181e+00
1.250628e+01 3.500000e+00 5.171017e+00
1.250755e+01 4.500000e+00 4.842757e+00
1.250608e+01 5.500000e+00 4.378507e+00
1.250725e+01 6.500000e+00 3.215783e+00
1.250642e+01 7.500000e+00 2.566372e+00
1.250637e+01 8.500000e+00 3.049871e+00
1.250691e+01 9.500000e+00 2.337484e+00
1.250629e+01 1.050000e+01 2.709022e+00
1.250712e+01 1.150000e+01 3.236577e+00
1.250648e+01 1.250000e+01 3.200503e+00
1.250659e+01 1.350000e+01 2.860081e+00
1.250677e+01 1.450000e+01 2.510675e+00
1.250666e+01 1.550000e+01 2.549603e+00
1.250660e+01 1.650000e+01 2.587562e+00
1.250655e+01 1.750000e+01 2.982774e+00
1.250647e+01 1.850000e+01 3.284187e+00
1.250648e+01 1.950000e+01 3.994920e+00
1.250682e+01 2.050000e+01 3.422508e+00
1.250778e+01 2.150000e+01 3.533936e+00
1.250742e+01 2.250000e+01 3.512055e+00
1.250660e+01 2.350000e+01 2.650739e+00
1.250762e+01 2.450000e+01 2.495586e+00
1.350585e+01 5.000000e-01 5.534854e+00
1.350650e+01 1.500000e+00 6.106141e+00
1.350631e+01 2.500000e+00 5.455124e+00
1.350658e+01 3.500000e+00 5.202201e+00
1.350638e+01 4.500000e+00 4.675418e+00
1.350638e+01 5.500000e+00 3.773125e+00
1.350604e+01 6.500000e+00 3.529359e+00
1.350614e+01 7.500000e+00 3.145104e+00
1.350599e+01 8.500000e+00 2.501732e+00
1.350640e+01 9.500000e+00 3.079603e+00
1.350668e+01 1.050000e+01 2.169042e+00
1.350621e+01 1.150000e+01 2.608754e+00
1.350602e+01 1.250000e+01 2.912068e+00
1.350509e+01 1.350000e+01 3.191107e+00
1.350575e+01 1.450000e+01 2.802029e+00
1.350552e+01 1.550000e+01 2.273427e+00
1.350665e+01 1.650000e+01 2.874849e+00
1.350649e+01 1.750000e+01 2.728627e+00
1.350694e+01 1.850000e+01 2.830020e+00
1.350645e+01 1.950000e+01 3.178711e+00
1.350557e+01 2.050000e+01 3.582028e+00
1.350586e+01 2.150000e+01 3.347997e+00
1.350554e+01 2.250000e+01 3.299372e+00
1.350615e+01 2.350000e+01 2.848296e+00
1.350618e+01 2.450000e+01 2.069166e+00
1.450589e+01 5.000000e-01 5.567989e+00
1.450561e+01 1.500000e+00 6.365865e+00
1.450541e+01 2.500000e+00 5.845559e+00
1.450560e+01 3.500000e+00 4.390233e+00
1.450548e+01 4.500000e+00 3.591431e+00
1.450531e+01 5.500000e+00 3.449135e+00
1.450622e+01 6.500000e+00 3.561249e+00
1.450608e+01 7.500000e+00 3.339887e+00
1.450600e+01 8.500000e+00 2.596346e+00
1.450590e+01 9.500000e+00 2.125346e+00
1.450622e+01 1.050000e+01 2.469616e+00
1.450589e+01 1.150000e+01 1.896676e+00
1.450520e+01 1.250000e+01 3.012039e+00
1.450573e+01 1.350000e+01 2.991761e+00
1.450578e+01 1.450000e+01 2.946028e+00
1.450626e+01 1.550000e+01 2.767006e+00
1.450527e+01 1.650000e+01 2.685390e+00
1.450634e+01 1.750000e+01 2.921235e+00
1.450607e+01 1.850000e+01 2.663793e+00
1.450631e+01 1.950000e+01 2.926876e+00
1.450611e+01 2.050000e+01 3.196201e+00
1.450579e+01 2.150000e+01 3.183886e+00
1.450607e+01 2.250000e+01 2.856461e+00
1.450457e+01 2.350000e+01 2.664157e+00
1.450544e+01 2.450000e+01 2.104753e+00
1.550611e+01 5.000000e-01 6.539719e+00
1.550531e+01 1.500000e+00 5.051276e+00
1.550523e+01 2.500000e+00 5.126511e+00
1.550532e+01 3.500000e+00 4.343467e+00
1.550502e+01 4.500000e+00 2.951748e+00
1.550494e+01 5.500000e+00 3.207347e+00
1.550573e+01 6.500000e+00 3.311446e+00
1.550543e+01 7.500000e+00 3.008092e+00
1.550547e+01 8.500000e+00 2.820876e+00
1.550509e+01 9.500000e+00 2.242962e+00
1.550417e+01 1.050000e+01 2.294820e+00
1.550539e+01 1.150000e+01 2.440293e+00
1.550564e+01 1.250000e+01 2.230546e+00
1.550561e+01 1.350000e+01 2.765321e+00
1.550522e+01 1.450000e+01 3.034972e+00
1.550600e+01 1.550000e+01 2.801867e+00
1.550551e+01 1.650000e+01 2.733252e+00
1.550509e+01 1.750000e+01 2.613215e+00
1.550506e+01 1.850000e+01 2.752231e+00
1.550497e+01 1.950000e+01 2.684274e+00
1.550451e+01 2.050000e+01 2.776583e+00
1.550460e+01 2.150000e+01 2.880885e+00
1.550591e+01 2.250000e+01 2.608183e+00
1.550511e+01 2.350000e+01 2.383615e+00
1.550575e+01 2.450000e+01 2.081378e+00
1.650563e+01 5.000000e-01 6.064361e+00
1.650522e+01 1.500000e+00 4.826699e+00
1.650484e+01 2.500000e+00 3.819820e+00
1.650438e+01 3.500000e+00 3.927847e+00
1.650509e+01 4.500000e+00 3.899162e+00
1.650486e+01 5.500000e+00 3.072355e+00
1.650497e+01 6.500000e+00 3.410618e+00
1.650472e+01 7.500000e+00 3.031269e+00
1.650525e+01 8.500000e+00 2.665419e+00
1.650444e+01 9.500000e+00 2.596567e+00
1.650538e+01 1.050000e+01 1.757364e+00
1.650422e+01 1.150000e+01 2.199985e+00
1.650548e+01 1.250000e+01 1.983791e+00
1.650494e+01 1.350000e+01 1.939712e+00
1.650470e+01 1.450000e+01 2.254071e+00
1.650513e+01 1.550000e+01 2.748536e+00
1.650483e+01 1.650000e+01 2.718905e+00
1.650533e+01 1.750000e+01 2.318687e+00
1.650482e+01 1.850000e+01 2.629585e+00
1.650504e+01 1.950000e+01 2.452911e+00
1.650471e+01 2.050000e+01 2.216947e+00
1.650557e+01 2.150000e+01 2.407770e+00
1.650457e+01 2.250000e+01 2.622473e+00
1.650457e+01 2.350000e+01 2.270540e+00
1.650499e+01 2.450000e+01 1.947736e+00
1.750491e+01 5.000000e-01 5.329646e+00
1.750490e+01 1.500000e+00 4.884559e+00
1.750458e+01 2.500000e+00 3.555484e+00
1.750470e+01 3.500000e+00 3.509621e+00
1.750524e+01 4.500000e+00 3.668554e+00
1.750435e+01 5.500000e+00 3.634176e+00
1.750508e+01 6.500000e+00 2.914091e+00
1.750484e+01 7.500000e+00 3.030617e+00
1.750460e+01 8.500000e+00 2.603718e+00
1.750466e+01 9.500000e+00 2.027804e+00
1.750484e+01 1.050000e+01 1.742463e+00
1.750467e+01 1.150000e+01 1.848310e+00
1.750439e+01 1.250000e+01 1.705140e+00
1.750505e+01 1.350000e+01 1.432252e+00
1.750450e+01 1.450000e+01 1.993687e+00
1.750498e+01 1.550000e+01 1.995459e+00
1.750425e+01 1.650000e+01 2.321916e+00
1.750486e+01 1.750000e+01 2.414387e+00
1.750442e+01 1.850000e+01 2.092462e+00
1.750517e+01 1.950000e+01 2.315866e+00
1.750500e+01 2.050000e+01 1.716972e+00
1.750488e+01 2.150000e+01 1.697193e+00
1.750444e+01 2.250000e+01 2.250160e+00
1.750426e+01 2.350000e+01 2.278599e+00
1.750486e+01 2.450000e+01 1.746878e+00
1.850416e+01 5.000000e-01 4.540999e+00
1.850517e+01 1.500000e+00 4.222807e+00
1.850426e+01 2.500000e+00 3.837644e+00
1.850496e+01 3.500000e+00 3.193124e+00
1.850462e+01 4.500000e+00 3.558962e+00
1.850487e+01 5.500000e+00 3.638954e+00
1.850390e+01 6.500000e+00 3.288740e+00
1.850465e+01 7.500000e+00 2.686906e+00
1.850463e+01 8.500000e+00 2.391913e+00
1.850461e+01 9.500000e+00 1.951438e+00
1.850453e+01 1.050000e+01 1.884856e+00
1.850432e+01 1.150000e+01 1.724813e+00
1.850442e+01 1.250000e+01 1.949152e+00
1.850371e+01 1.350000e+01 1.684439e+00
1.850459e+01 1.450000e+01 1.257376e+00
1.850431e+01 1.550000e+01 1.733269e+00
1.850435e+01 1.650000e+01 1.576311e+00
1.850453e+01 1.750000e+01 1.898341e+00
1.850450e+01 1.850000e+01 1.875170e+00
1.850428e+01 1.950000e+01 1.626057e+00
1.850447e+01 2.050000e+01 1.762933e+00
1.850465e+01 2.150000e+01 1.228752e+00
1.850467e+01 2.250000e+01 1.433969e+00
1.850492e+01 2.350000e+01 1.991441e+00
1.850429e+01 2.450000e+01 1.759968e+00
1.950422e+01 5.000000e-01 3.919428e+00
1.950424e+01 1.500000e+00 4.034807e+00
1.950341e+01 2.500000e+00 4.175732e+00
1.950456e+01 3.500000e+00 4.119660e+00
1.950389e+01 4.500000e+00 3.524394e+00
1.950393e+01 5.500000e+00 3.403450e+00
1.950425e+01 6.500000e+00 3.176148e+00
1.950394e+01 7.500000e+00 2.623745e+00
1.950446e+01 8.500000e+00 2.002541e+00
1.950446e+01 9.500000e+00 2.147106e+00
1.950463e+01 1.050000e+01 1.528349e+00
1.950457e+01 1.150000e+01 1.417836e+00
1.950431e+01 1.250000e+01 1.463405e+00
1.950413e+01 1.350000e+01 1.909142e+00
1.950481e+01 1.450000e+01 1.395192e+00
1.950430e+01 1.550000e+01 1.254137e+00
1.950460e+01 1.650000e+01 1.810484e+00
1.950473e+01 1.750000e+01 1.748804e+00
1.950465e+01 1.850000e+01 1.451521e+00
1.950468e+01 1.950000e+01 1.335539e+00
1.950417e+01 2.050000e+01 1.191863e+00
1.950484e+01 2.150000e+01 1.294027e+00
1.950398e+01 2.250000e+01 9.998947e-01
1.950405e+01 2.350000e+01 1.344893e+00
1.950471e+01 2.450000e+01 1.568928e+00
2.050460e+01 5.000000e-01 3.934558e+00
2.050400e+01 1.500000e+00 3.820397e+00
2.050434e+01 2.500000e+00 3.992557e+00
2.050463e+01 3.500000e+00 4.344430e+00
2.050441e+01 4.500000e+00 3.447609e+00
2.050399e+01 5.500000e+00 3.017340e+00
2.050400e+01 6.500000e+00 2.871294e+00
2.050383e+01 7.500000e+00 2.548588e+00
2.050444e+01 8.500000e+00 2.011881e+00
2.050415e+01 9.500000e+00 1.394881e+00
2.050390e+01 1.050000e+01 1.672068e+00
2.050467e+01 1.150000e+01 1.431468e+00
2.050366e+01 1.250000e+01 1.260221e+00
2.050422e+01 1.350000e+01 1.003853e+00
2.050426e+01 1.450000e+01 1.314453e+00
2.050387e+01 1.550000e+01 1.094277e+00
2.050340e+01 1.650000e+01 1.453576e+00
2.050448e+01 1.750000e+01 1.488511e+00
2.050366e+01 1.850000e+01 1.310082e+00
2.050472e+01 1.950000e+01 9.682658e-01
2.050419e+01 2.050000e+01 9.447771e-01
2.050392e+01 2.150000e+01 9.187627e-01
2.050404e+01 2.250000e+01 9.183713e-01
2.050436e+01 2.350000e+01 8.635497e-01
2.050454e+01 2.450000e+01 1.181366e+00
2.150421e+01 5.000000e-01 3.689236e+00
2.150359e+01 1.500000e+00 3.751642e+00
2.150402e+01 2.500000e+00 3.815651e+00
2.150354e+01 3.500000e+00 3.526076e+00
2.150421e+01 4.500000e+00 3.376490e+00
2.150371e+01 5.500000e+00 2.899299e+00
2.150412e+01 6.500000e+00 2.820870e+00
2.150406e+01 7.500000e+00 2.659767e+00
2.150500e+01 8.500000e+00 2.326232e+00
2.150443e+01 9.500000e+00 2.145487e+00
2.150357e+01 1.050000e+01 2.129485e+00
2.150369e+01 1.150000e+01 2.295841e+00
2.150417e+01 1.250000e+01 1.790537e+00
2.150333e+01 1.350000e+01 1.068798e+00
2.150378e+01 1.450000e+01 1.155427e+00
2.150373e+01 1.550000e+01 1.482901e+00
2.150410e+01 1.650000e+01 1.205256e+00
2.150426e+01 1.750000e+01 1.483646e+00
2.150347e+01 1.850000e+01 1.343087e+00
2.150428e+01 1.950000e+01 1.008575e+00
2.150418e+01 2.050000e+01 6.727439e-01
2.150398e+01 2.150000e+01 7.207073e-01
2.150419e+01 2.250000e+01 8.327294e-01
2.150412e+01 2.350000e+01 4.739923e-01
2.150416e+01 2.450000e+01 5.338985e-01
2.250360e+01 5.000000e-01 3.497454e+00
2.250411e+01 1.500000e+00 3.834501e+00
2.250358e+01 2.500000e+00 3.320309e+00
2.250352e+01 3.500000e+00 3.419070e+00
2.250359e+01 4.500000e+00 3.543140e+00
2.250367e+01 5.500000e+00 3.293673e+00
2.250361e+01 6.500000e+00 2.442459e+00
2.250366e+01 7.500000e+00 2.659951e+00
2.250324e+01 8.500000e+00 2.662603e+00
2.250397e+01 9.500000e+00 2.212340e+00
2.250393e+01 1.050000e+01 2.409892e+00
2.250379e+01 1.150000e+01 2.376581e+00
2.250363e+01 1.250000e+01 1.986733e+00
2.250344e+01 1.350000e+01 1.571724e+00
2.250413e+01 1.450000e+01 1.178725e+00
2.250373e+01 1.550000e+01 1.238831e+00
2.250360e+01 1.650000e+01 1.047237e+00
2.250350e+01 1.750000e+01 1.047989e+00
2.250457e+01 1.850000e+01 1.218371e+00
2.250381e+01 1.950000e+01 9.704576e-01
2.250372e+01 2.050000e+01 7.108743e-01
2.250417e+01 2.150000e+01 5.358740e-01
2.250348e+01 2.250000e+01 4.881296e-01
2.250339e+01 2.350000e+01 4.858586e-01
2.250408e+01 2.450000e+01 -3.128506e-02
2.350389e+01 5.000000e-01 3.715936e+00
2.350421e+01 1.500000e+00 3.227977e+00
2.350368e+01 2.500000e+00 3.285278e+00
2.350330e+01 3.500000e+00 3.160870e+00
2.350375e+01 4.500000e+00 3.198231e+00
2.350352e+01 5.500000e+00 3.013337e+00
2.350344e+01 6.500000e+00 2.948831e+00
2.350333e+01 7.500000e+00 2.579213e+00
2.350376e+01 8.500000e+00 2.643234e+00
2.350385e+01 9.500000e+00 2.603639e+00
2.350301e+01 1.050000e+01 2.323523e+00
2.350404e+01 1.150000e+01 2.031844e+00
2.350320e+01 1.250000e+01 1.941038e+00
2.350361e+01 1.350000e+01 1.567100e+00
2.350409e+01 1.450000e+01 1.214117e+00
2.350349e+01 1.550000e+01 8.956328e-01
2.350336e+01 1.650000e+01 9.057542e-01
2.350342e+01 1.750000e+01 5.489074e-01
2.350292e+01 1.850000e+01 7.014543e-01
2.350351e+01 1.950000e+01 9.668352e-01
2.350296e+01 2.050000e+01 6.291917e-01
2.350368e+01 2.150000e+01 2.749922e-01
2.350369e+01 2.250000e+01 2.182020e-01
2.350299e+01 2.350000e+01 2.729329e-01
2.350372e+01 2.450000e+01 1.413615e-01
2.450351e+01 5.000000e-01 3.565264e+00
2.450350e+01 1.500000e+00 3.239840e+00
2.450397e+01 2.500000e+00 2.925318e+00
2.450283e+01 3.500000e+00 2.851384e+00
2.450390e+01 4.500000e+00 2.598539e+00
2.450309e+01 5.500000e+00 2.882124e+00
2.450324e+01 6.500000e+00 2.984815e+00
2.450304e+01 7.500000e+00 2.804301e+00
2.450310e+01 8.500000e+00 2.710702e+00
2.450388e+01 9.500000e+00 2.619977e+00
2.450358e+01 1.050000e+01 2.244057e+00
2.450388e+01 1.150000e+01 1.969573e+00
2.450292e+01 1.250000e+01 1.559579e+00
2.450342e+01 1.350000e+01 1.676441e+00
2.450407e+01 1.450000e+01 1.126402e+00
2.450325e+01 1.550000e+01 7.644949e-01
2.450346e+01 1.650000e+01 6.744550e-01
2.450328e+01 1.750000e+01 6.565196e-01
2.450388e+01 1.850000e+01 1.280501e-01
2.450341e+01 1.950000e+01 4.755940e-01
2.450370e+01 2.050000e+01 6.374763e-01
2.450382e+01 2.150000e+01 3.467963e-01
2.450371e+01 2.250000e+01 8.065701e-02
2.450354e+01 2.350000e+01 -6.121588e-02
2.450346e+01 2.450000e+01 1.160420e-01
