1.075732e+00 1.232239e+02
1.238665e+00 1.088246e+02
1.426277e+00 9.705534e+01
1.642305e+00 8.706559e+01
1.891054e+00 7.906639e+01
2.177479e+00 7.260654e+01
2.507286e+00 6.667497e+01
2.887047e+00 6.129547e+01
3.324328e+00 5.685652e+01
3.827841e+00 5.276254e+01
4.407617e+00 4.948490e+01
5.075209e+00 4.657164e+01
5.843915e+00 4.363823e+01
6.729052e+00 4.023356e+01
7.748255e+00 3.675618e+01
8.921829e+00 3.345276e+01
1.027316e+01 2.974497e+01
1.182916e+01 2.561975e+01
1.362084e+01 2.160943e+01
1.568389e+01 1.732440e+01
1.805942e+01 1.290780e+01
2.079476e+01 8.332090e+00
2.394440e+01 3.878771e+00
2.757109e+01 5.680713e-01
