1.075732e+00 7.360623e+00
1.238665e+00 6.056346e+00
1.426277e+00 4.922343e+00
1.642305e+00 4.021290e+00
1.891054e+00 3.145967e+00
2.177479e+00 2.633956e+00
2.507286e+00 2.125703e+00
2.887047e+00 1.719223e+00
3.324328e+00 1.367111e+00
3.827841e+00 1.098469e+00
4.407617e+00 8.854839e-01
5.075209e+00 7.100581e-01
5.843915e+00 5.697637e-01
6.729052e+00 4.264488e-01
7.748255e+00 3.378252e-01
8.921829e+00 2.455740e-01
1.027316e+01 1.704970e-01
1.182916e+01 1.199686e-01
1.362084e+01 7.887468e-02
1.568389e+01 5.201057e-02
1.805942e+01 3.375790e-02
2.079476e+01 3.063631e-02
2.394440e+01 2.257231e-02
2.757109e+01 1.666594e-02
