8.660215e-02 5.000000e-01 6.831534e+00
6.643243e-01 1.500000e+00 8.416118e+00
6.665545e-01 2.500000e+00 1.562186e+00
6.684933e-01 3.500000e+00 -1.785833e+00
6.732237e-01 4.500000e+00 -9.348811e-01
6.635373e-01 5.500000e+00 1.023128e+00
6.675919e-01 6.500000e+00 1.005034e+00
6.702346e-01 7.500000e+00 9.465210e-01
6.719355e-01 8.500000e+00 -1.463073e+00
6.669667e-01 9.500000e+00 -1.420510e+00
6.706450e-01 1.050000e+01 -3.275693e+00
6.683491e-01 1.150000e+01 -3.819344e+00
6.705849e-01 1.250000e+01 7.938547e-01
6.670824e-01 1.350000e+01 1.219680e+00
6.631138e-01 1.450000e+01 6.862745e-01
6.702476e-01 1.550000e+01 1.300160e+00
6.704906e-01 1.650000e+01 -1.488655e-01
6.708667e-01 1.750000e+01 -9.818388e-01
6.637590e-01 1.850000e+01 -5.816040e-01
6.637492e-01 1.950000e+01 2.810056e-01
6.649700e-01 2.050000e+01 -3.413604e+00
6.653185e-01 2.150000e+01 -4.765317e+00
6.636475e-01 2.250000e+01 -9.081803e-01
6.719445e-01 2.350000e+01 9.948980e-01
6.688755e-01 2.450000e+01 1.912593e+00
1.553623e+00 5.000000e-01 8.280030e+00
1.553077e+00 1.500000e+00 2.866813e+00
1.556326e+00 2.500000e+00 -1.877574e-01
1.556919e+00 3.500000e+00 -6.516977e-02
1.560047e+00 4.500000e+00 -2.675028e-01
1.562890e+00 5.500000e+00 4.941025e-01
1.561102e+00 6.500000e+00 1.241017e+00
1.551689e+00 7.500000e+00 5.526608e-01
1.552056e+00 8.500000e+00 9.341518e-01
1.561472e+00 9.500000e+00 -1.018655e+00
1.555311e+00 1.050000e+01 -2.421715e+00
1.561129e+00 1.150000e+01 -1.344046e+00
1.561047e+00 1.250000e+01 -8.231707e-01
1.561083e+00 1.350000e+01 2.534716e-01
1.551569e+00 1.450000e+01 4.014410e-01
1.547475e+00 1.550000e+01 -6.074388e-01
1.553719e+00 1.650000e+01 3.480715e-02
1.554417e+00 1.750000e+01 -3.675325e-01
1.557277e+00 1.850000e+01 -3.941404e-01
1.551898e+00 1.950000e+01 -6.799340e-01
1.553122e+00 2.050000e+01 -1.308300e+00
1.549635e+00 2.150000e+01 -8.675497e-01
1.551937e+00 2.250000e+01 -7.449093e-01
1.553801e+00 2.350000e+01 9.565702e-01
1.553954e+00 2.450000e+01 1.275778e+00
2.528880e+00 5.000000e-01 3.463431e+00
2.531248e+00 1.500000e+00 2.435153e+00
2.530821e+00 2.500000e+00 1.079875e+00
2.528469e+00 3.500000e+00 -7.996030e-02
2.536271e+00 4.500000e+00 5.427275e-01
2.529949e+00 5.500000e+00 2.700237e-01
2.533322e+00 6.500000e+00 3.440472e-01
2.527862e+00 7.500000e+00 6.195186e-01
2.533317e+00 8.500000e+00 3.588144e-02
2.532263e+00 9.500000e+00 -3.032623e-01
2.532835e+00 1.050000e+01 -1.354144e-01
2.533079e+00 1.150000e+01 -4.250495e-01
2.539515e+00 1.250000e+01 -1.388478e+00
2.535446e+00 1.350000e+01 -8.252374e-01
2.536688e+00 1.450000e+01 -7.223079e-02
2.536566e+00 1.550000e+01 3.737635e-01
2.535314e+00 1.650000e+01 -6.541502e-01
2.534223e+00 1.750000e+01 -5.335634e-01
2.536710e+00 1.850000e+01 -1.222581e+00
2.527680e+00 1.950000e+01 -1.570332e+00
2.528672e+00 2.050000e+01 -9.983361e-03
2.527817e+00 2.150000e+01 3.782245e-01
2.534634e+00 2.250000e+01 4.559260e-01
2.534723e+00 2.350000e+01 2.403135e-01
2.532062e+00 2.450000e+01 5.734867e-01
3.522827e+00 5.000000e-01 2.479167e+00
3.525712e+00 1.500000e+00 1.756088e+00
3.522979e+00 2.500000e+00 1.447555e+00
3.522733e+00 3.500000e+00 8.279757e-01
3.519936e+00 4.500000e+00 3.128201e-01
3.522557e+00 5.500000e+00 4.107617e-01
3.524475e+00 6.500000e+00 2.886767e-01
3.525299e+00 7.500000e+00 4.019040e-01
3.519222e+00 8.500000e+00 3.391036e-02
3.522110e+00 9.500000e+00 2.554078e-01
3.524434e+00 1.050000e+01 4.529053e-01
3.522548e+00 1.150000e+01 -6.594278e-02
3.523089e+00 1.250000e+01 -3.369869e-01
3.525723e+00 1.350000e+01 -9.143014e-01
3.521774e+00 1.450000e+01 -1.491830e-01
3.523629e+00 1.550000e+01 -4.789140e-01
3.526259e+00 1.650000e+01 -1.319249e-01
3.520998e+00 1.750000e+01 -4.456453e-01
3.524409e+00 1.850000e+01 -4.225799e-01
3.522768e+00 1.950000e+01 -2.888027e-01
3.526504e+00 2.050000e+01 -3.504955e-02
3.522917e+00 2.150000e+01 5.970820e-01
3.525399e+00 2.250000e+01 3.206342e-01
3.522097e+00 2.350000e+01 -1.678993e-01
3.525946e+00 2.450000e+01 1.324017e-01
4.520286e+00 5.000000e-01 1.125587e+00
4.517329e+00 1.500000e+00 1.384950e+00
4.517134e+00 2.500000e+00 1.062384e+00
4.517684e+00 3.500000e+00 2.516066e-01
4.522496e+00 4.500000e+00 2.430321e-02
4.518023e+00 5.500000e+00 -8.133530e-02
4.519588e+00 6.500000e+00 1.794589e-01
4.521293e+00 7.500000e+00 1.411402e-02
4.520270e+00 8.500000e+00 1.498125e-01
4.522489e+00 9.500000e+00 3.232460e-01
4.518389e+00 1.050000e+01 2.161828e-02
4.518548e+00 1.150000e+01 -9.094232e-02
4.518540e+00 1.250000e+01 -1.937396e-01
4.519359e+00 1.350000e+01 -3.466642e-01
4.517529e+00 1.450000e+01 -1.204614e+00
4.519003e+00 1.550000e+01 -5.044069e-01
4.522100e+00 1.650000e+01 -2.312680e-01
4.518121e+00 1.750000e+01 1.037166e-01
4.517473e+00 1.850000e+01 -1.783741e-01
4.517705e+00 1.950000e+01 -2.531528e-01
4.518701e+00 2.050000e+01 -7.112792e-02
4.518273e+00 2.150000e+01 1.504065e-01
4.514189e+00 2.250000e+01 8.715910e-02
4.514714e+00 2.350000e+01 -7.848945e-02
4.515366e+00 2.450000e+01 -4.974290e-01
5.511829e+00 5.000000e-01 7.626367e-01
5.514328e+00 1.500000e+00 8.626243e-01
5.513419e+00 2.500000e+00 6.025316e-01
5.517657e+00 3.500000e+00 1.039542e+00
5.514145e+00 4.500000e+00 5.877526e-01
5.515030e+00 5.500000e+00 -3.926201e-02
5.517027e+00 6.500000e+00 -2.938168e-01
5.517810e+00 7.500000e+00 -2.098888e-01
5.513855e+00 8.500000e+00 2.856998e-01
5.514503e+00 9.500000e+00 1.969804e-01
5.515279e+00 1.050000e+01 2.117866e-01
5.515081e+00 1.150000e+01 2.576382e-01
5.515846e+00 1.250000e+01 -3.832209e-02
5.512853e+00 1.350000e+01 -3.350618e-01
5.517647e+00 1.450000e+01 -6.708976e-01
5.515920e+00 1.550000e+01 -6.587821e-01
5.518979e+00 1.650000e+01 -7.670699e-01
5.511374e+00 1.750000e+01 -1.226892e+00
5.517991e+00 1.850000e+01 -8.760675e-01
5.517579e+00 1.950000e+01 -6.145865e-01
5.517989e+00 2.050000e+01 -7.390213e-01
5.517841e+00 2.150000e+01 -5.773705e-01
5.512438e+00 2.250000e+01 7.701576e-02
5.515702e+00 2.350000e+01 2.337436e-01
5.516050e+00 2.450000e+01 1.211984e-01
6.513244e+00 5.000000e-01 2.419541e-01
6.514422e+00 1.500000e+00 -1.751637e-01
6.515318e+00 2.500000e+00 3.465525e-01
6.511115e+00 3.500000e+00 4.369298e-01
6.510911e+00 4.500000e+00 -3.422135e-02
6.511566e+00 5.500000e+00 -1.525495e-01
6.513064e+00 6.500000e+00 -3.731073e-01
6.512690e+00 7.500000e+00 4.098880e-02
6.514415e+00 8.500000e+00 1.652163e-01
6.514904e+00 9.500000e+00 4.474089e-01
6.515582e+00 1.050000e+01 2.702737e-01
6.512854e+00 1.150000e+01 2.168119e-01
6.512082e+00 1.250000e+01 3.120913e-01
6.513286e+00 1.350000e+01 -1.391073e-01
6.513470e+00 1.450000e+01 -9.865945e-02
6.511662e+00 1.550000e+01 -1.137452e+00
6.514484e+00 1.650000e+01 -1.381717e+00
6.513549e+00 1.750000e+01 -1.065396e+00
6.509574e+00 1.850000e+01 -5.724825e-01
6.510895e+00 1.950000e+01 -9.236505e-02
6.510057e+00 2.050000e+01 -7.475083e-02
6.513365e+00 2.150000e+01 -2.677366e-01
6.509872e+00 2.250000e+01 -4.198678e-01
6.513755e+00 2.350000e+01 -1.600847e-01
6.515670e+00 2.450000e+01 -2.252469e-01
7.511011e+00 5.000000e-01 -8.497790e-01
7.509228e+00 1.500000e+00 9.385246e-02
7.513897e+00 2.500000e+00 1.045606e-02
7.510329e+00 3.500000e+00 -3.635162e-03
7.508631e+00 4.500000e+00 4.577140e-01
7.508318e+00 5.500000e+00 1.732639e-01
7.510755e+00 6.500000e+00 -8.451381e-02
7.512569e+00 7.500000e+00 -2.380917e-01
7.509502e+00 8.500000e+00 -1.811629e-01
7.508597e+00 9.500000e+00 1.031796e-01
7.512654e+00 1.050000e+01 4.788680e-01
7.511774e+00 1.150000e+01 1.816088e-01
7.514888e+00 1.250000e+01 -6.266970e-02
7.511370e+00 1.350000e+01 -1.152482e-01
7.510249e+00 1.450000e+01 -4.488789e-01
7.512294e+00 1.550000e+01 -7.504593e-01
7.509953e+00 1.650000e+01 -1.146820e+00
7.510537e+00 1.750000e+01 -6.622219e-01
7.510547e+00 1.850000e+01 -2.435855e-01
7.510172e+00 1.950000e+01 -2.507516e-01
7.512544e+00 2.050000e+01 -1.288181e-01
7.511281e+00 2.150000e+01 -8.247765e-02
7.511674e+00 2.250000e+01 -2.070334e-01
7.509791e+00 2.350000e+01 -3.929319e-01
7.511539e+00 2.450000e+01 -2.475170e-01
8.509554e+00 5.000000e-01 5.682526e-02
8.511200e+00 1.500000e+00 -4.573805e-01
8.511030e+00 2.500000e+00 -1.695014e-01
8.510720e+00 3.500000e+00 1.193066e-01
8.509285e+00 4.500000e+00 1.130367e-01
8.512708e+00 5.500000e+00 2.442966e-01
8.507317e+00 6.500000e+00 2.272698e-01
8.508691e+00 7.500000e+00 -2.301312e-01
8.511096e+00 8.500000e+00 -1.720267e-01
8.509482e+00 9.500000e+00 -1.516236e-02
8.511845e+00 1.050000e+01 1.163889e-01
8.507455e+00 1.150000e+01 2.771734e-01
8.508582e+00 1.250000e+01 1.533778e-01
8.510771e+00 1.350000e+01 -3.000131e-01
8.511077e+00 1.450000e+01 -6.682554e-01
8.512359e+00 1.550000e+01 -6.509715e-01
8.510978e+00 1.650000e+01 -3.363930e-01
8.508763e+00 1.750000e+01 -1.409556e-01
8.507179e+00 1.850000e+01 -1.533620e-01
8.512972e+00 1.950000e+01 -3.271412e-02
8.512516e+00 2.050000e+01 2.462909e-02
8.508242e+00 2.150000e+01 1.465780e-01
8.507586e+00 2.250000e+01 -3.366918e-01
8.507648e+00 2.350000e+01 -6.515978e-01
8.508629e+00 2.450000e+01 -3.412628e-01
9.512723e+00 5.000000e-01 3.476056e-01
9.508498e+00 1.500000e+00 3.419034e-01
9.508888e+00 2.500000e+00 2.653990e-03
9.511510e+00 3.500000e+00 1.831064e-02
9.509558e+00 4.500000e+00 -2.629281e-01
9.510523e+00 5.500000e+00 -9.238173e-02
9.507679e+00 6.500000e+00 2.456795e-01
9.509192e+00 7.500000e+00 2.753649e-01
9.509128e+00 8.500000e+00 -1.308482e-01
9.509483e+00 9.500000e+00 -9.676850e-02
9.507709e+00 1.050000e+01 1.085280e-02
9.511570e+00 1.150000e+01 1.130038e-01
9.508249e+00 1.250000e+01 -5.369186e-02
9.510135e+00 1.350000e+01 -3.615559e-01
9.510081e+00 1.450000e+01 -4.950960e-01
9.506454e+00 1.550000e+01 -1.873610e-01
9.508950e+00 1.650000e+01 2.035961e-01
9.509836e+00 1.750000e+01 -1.223718e-01
9.508895e+00 1.850000e+01 -2.018980e-01
9.505671e+00 1.950000e+01 -2.689368e-01
9.508645e+00 2.050000e+01 -2.242101e-01
9.509659e+00 2.150000e+01 -2.671002e-01
9.508802e+00 2.250000e+01 -5.338208e-01
9.508767e+00 2.350000e+01 -4.681128e-01
9.506840e+00 2.450000e+01 -3.966925e-01
1.051091e+01 5.000000e-01 2.911486e-01
1.050845e+01 1.500000e+00 4.669578e-02
1.050658e+01 2.500000e+00 -3.854014e-02
1.050591e+01 3.500000e+00 -3.032657e-01
1.050655e+01 4.500000e+00 -1.441883e-01
1.050833e+01 5.500000e+00 3.275080e-02
1.050797e+01 6.500000e+00 5.438578e-02
1.051011e+01 7.500000e+00 2.084145e-01
1.050702e+01 8.500000e+00 -4.403028e-02
1.050799e+01 9.500000e+00 -3.157100e-01
1.050763e+01 1.050000e+01 -1.544081e-01
1.050553e+01 1.150000e+01 -5.767052e-02
1.050706e+01 1.250000e+01 -2.938381e-02
1.050665e+01 1.350000e+01 -1.335292e-01
1.050964e+01 1.450000e+01 2.257785e-01
1.050706e+01 1.550000e+01 3.648315e-01
1.050781e+01 1.650000e+01 1.329594e-01
1.050590e+01 1.750000e+01 2.883134e-01
1.050691e+01 1.850000e+01 -8.102699e-02
1.051001e+01 1.950000e+01 2.816341e-02
1.050917e+01 2.050000e+01 -1.604177e-01
1.050796e+01 2.150000e+01 -3.600063e-01
1.050796e+01 2.250000e+01 4.732195e-03
1.050800e+01 2.350000e+01 -1.633404e-02
1.050839e+01 2.450000e+01 -3.837160e-01
1.150711e+01 5.000000e-01 1.513766e-01
1.150819e+01 1.500000e+00 1.204169e-01
1.150622e+01 2.500000e+00 -1.315472e-01
1.150993e+01 3.500000e+00 -1.604609e-01
1.150734e+01 4.500000e+00 -2.196081e-01
1.150919e+01 5.500000e+00 -8.007233e-02
1.150813e+01 6.500000e+00 3.033511e-02
1.150610e+01 7.500000e+00 -1.174969e-01
1.150576e+01 8.500000e+00 -7.772820e-02
1.150599e+01 9.500000e+00 -3.184989e-01
1.150792e+01 1.050000e+01 -4.711214e-01
1.150812e+01 1.150000e+01 -5.905210e-01
1.150532e+01 1.250000e+01 -3.244018e-01
1.150624e+01 1.350000e+01 7.292018e-02
1.150726e+01 1.450000e+01 5.136294e-01
1.150473e+01 1.550000e+01 5.198212e-01
1.150568e+01 1.650000e+01 3.006001e-01
1.150646e+01 1.750000e+01 1.031841e-01
1.150812e+01 1.850000e+01 3.474488e-01
1.150890e+01 1.950000e+01 1.751804e-01
1.150718e+01 2.050000e+01 8.280850e-02
1.150724e+01 2.150000e+01 -2.302720e-01
1.150895e+01 2.250000e+01 -9.630597e-02
1.150612e+01 2.350000e+01 -4.475383e-02
1.150809e+01 2.450000e+01 -1.479158e-01
1.251006e+01 5.000000e-01 7.494233e-01
1.250427e+01 1.500000e+00 3.473778e-01
1.250568e+01 2.500000e+00 -2.187065e-01
1.250785e+01 3.500000e+00 -2.464143e-01
1.250613e+01 4.500000e+00 -2.313428e-01
1.250675e+01 5.500000e+00 -2.714162e-01
1.250945e+01 6.500000e+00 -2.993605e-01
1.250523e+01 7.500000e+00 -6.973851e-02
1.250574e+01 8.500000e+00 -3.306727e-02
1.250596e+01 9.500000e+00 -1.362766e-01
1.250706e+01 1.050000e+01 -6.078915e-01
1.250890e+01 1.150000e+01 -3.707771e-01
1.250451e+01 1.250000e+01 -1.981465e-01
1.250782e+01 1.350000e+01 4.156722e-01
1.250374e+01 1.450000e+01 4.566638e-01
1.250736e+01 1.550000e+01 4.006139e-01
1.250573e+01 1.650000e+01 1.480124e-01
1.250706e+01 1.750000e+01 -7.285387e-02
1.250663e+01 1.850000e+01 -8.770289e-02
1.250592e+01 1.950000e+01 -1.992576e-01
1.250906e+01 2.050000e+01 -3.498477e-01
1.250659e+01 2.150000e+01 2.171446e-01
1.250577e+01 2.250000e+01 -1.028849e-01
1.250615e+01 2.350000e+01 -7.248981e-02
1.250642e+01 2.450000e+01 1.219689e-01
1.350419e+01 5.000000e-01 2.143915e-01
1.350584e+01 1.500000e+00 1.458312e-01
1.350638e+01 2.500000e+00 2.135635e-01
1.350509e+01 3.500000e+00 -1.716712e-02
1.350651e+01 4.500000e+00 -5.229215e-02
1.350726e+01 5.500000e+00 -2.492476e-01
1.350841e+01 6.500000e+00 -1.222268e-01
1.350626e+01 7.500000e+00 5.322581e-02
1.350760e+01 8.500000e+00 -2.303194e-01
1.350710e+01 9.500000e+00 -3.818354e-01
1.350541e+01 1.050000e+01 -2.395542e-01
1.350726e+01 1.150000e+01 -5.352422e-01
1.350638e+01 1.250000e+01 -3.572820e-02
1.350738e+01 1.350000e+01 4.626407e-02
1.350445e+01 1.450000e+01 2.982737e-01
1.350462e+01 1.550000e+01 1.283089e-01
1.350639e+01 1.650000e+01 1.875692e-01
1.350797e+01 1.750000e+01 2.327630e-01
1.350681e+01 1.850000e+01 -1.013014e-01
1.350688e+01 1.950000e+01 -3.013727e-01
1.350565e+01 2.050000e+01 -6.359008e-03
1.350694e+01 2.150000e+01 -1.214832e-01
1.350450e+01 2.250000e+01 1.552466e-01
1.350628e+01 2.350000e+01 -7.261325e-03
1.350675e+01 2.450000e+01 -2.144444e-02
1.450660e+01 5.000000e-01 -1.012578e-01
1.450606e+01 1.500000e+00 1.471472e-01
1.450560e+01 2.500000e+00 3.247239e-01
1.450633e+01 3.500000e+00 2.092519e-01
1.450537e+01 4.500000e+00 -3.734067e-01
1.450475e+01 5.500000e+00 -2.422198e-01
1.450621e+01 6.500000e+00 -3.087949e-01
1.450658e+01 7.500000e+00 -4.471306e-01
1.450446e+01 8.500000e+00 -2.940784e-01
1.450446e+01 9.500000e+00 -1.254367e-01
1.450723e+01 1.050000e+01 -7.948742e-02
1.450562e+01 1.150000e+01 8.670432e-02
1.450539e+01 1.250000e+01 -2.060778e-01
1.450456e+01 1.350000e+01 -4.497866e-03
1.450542e+01 1.450000e+01 1.518067e-01
1.450544e+01 1.550000e+01 4.781438e-01
1.450612e+01 1.650000e+01 5.585286e-01
1.450559e+01 1.750000e+01 2.945202e-01
1.450517e+01 1.850000e+01 -8.979215e-03
1.450593e+01 1.950000e+01 -1.768641e-01
1.450639e+01 2.050000e+01 -2.316067e-01
1.450696e+01 2.150000e+01 -1.324518e-01
1.450237e+01 2.250000e+01 -4.951294e-02
1.450500e+01 2.350000e+01 -1.574021e-01
1.450378e+01 2.450000e+01 -3.335578e-01
1.550651e+01 5.000000e-01 -3.913768e-02
1.550513e+01 1.500000e+00 -3.752964e-02
1.550450e+01 2.500000e+00 4.157338e-02
1.550496e+01 3.500000e+00 -1.074691e-02
1.550507e+01 4.500000e+00 -3.372434e-02
1.550579e+01 5.500000e+00 -4.413521e-01
1.550630e+01 6.500000e+00 -6.069468e-01
1.550560e+01 7.500000e+00 -4.125118e-01
1.550522e+01 8.500000e+00 -3.549029e-01
1.550477e+01 9.500000e+00 -2.474903e-01
1.550713e+01 1.050000e+01 -3.581016e-02
1.550650e+01 1.150000e+01 -3.611787e-03
1.550556e+01 1.250000e+01 1.403095e-02
1.550661e+01 1.350000e+01 -8.893779e-02
1.550561e+01 1.450000e+01 -7.567261e-02
1.550396e+01 1.550000e+01 3.161348e-01
1.550519e+01 1.650000e+01 4.410208e-01
1.550620e+01 1.750000e+01 2.137563e-01
1.550834e+01 1.850000e+01 1.475908e-01
1.550503e+01 1.950000e+01 2.448259e-01
1.550387e+01 2.050000e+01 9.702079e-02
1.550406e+01 2.150000e+01 -1.507321e-02
1.550416e+01 2.250000e+01 3.190807e-02
1.550660e+01 2.350000e+01 1.890660e-01
1.550550e+01 2.450000e+01 9.205683e-02
1.650442e+01 5.000000e-01 -2.587391e-01
1.650673e+01 1.500000e+00 2.164276e-01
1.650547e+01 2.500000e+00 1.986294e-01
1.650485e+01 3.500000e+00 3.340993e-01
1.650332e+01 4.500000e+00 3.326321e-01
1.650384e+01 5.500000e+00 1.208155e-01
1.650359e+01 6.500000e+00 -1.518874e-01
1.650689e+01 7.500000e+00 -6.237054e-01
1.650672e+01 8.500000e+00 -5.696908e-01
1.650661e+01 9.500000e+00 -3.475893e-01
1.650524e+01 1.050000e+01 -5.189376e-02
1.650535e+01 1.150000e+01 4.145971e-02
1.650528e+01 1.250000e+01 3.392760e-02
1.650523e+01 1.350000e+01 -1.177339e-01
1.650535e+01 1.450000e+01 1.436854e-01
1.650637e+01 1.550000e+01 9.434057e-02
1.650653e+01 1.650000e+01 1.082560e-01
1.650485e+01 1.750000e+01 4.716632e-02
1.650298e+01 1.850000e+01 2.786968e-01
1.650377e+01 1.950000e+01 3.431007e-01
1.650621e+01 2.050000e+01 2.334189e-01
1.650376e+01 2.150000e+01 1.668879e-01
1.650499e+01 2.250000e+01 1.444491e-01
1.650368e+01 2.350000e+01 2.495489e-01
1.650580e+01 2.450000e+01 2.126004e-01
1.750359e+01 5.000000e-01 1.083010e-02
1.750378e+01 1.500000e+00 -9.706171e-02
1.750479e+01 2.500000e+00 -7.052857e-03
1.750496e+01 3.500000e+00 2.459531e-01
1.750423e+01 4.500000e+00 2.813240e-01
1.750437e+01 5.500000e+00 1.133789e-01
1.750453e+01 6.500000e+00 -1.495301e-01
1.750426e+01 7.500000e+00 -3.983813e-01
1.750585e+01 8.500000e+00 -5.700735e-01
1.750364e+01 9.500000e+00 -4.807224e-01
1.750371e+01 1.050000e+01 -3.614234e-01
1.750498e+01 1.150000e+01 -5.997845e-02
1.750620e+01 1.250000e+01 1.837626e-02
1.750293e+01 1.350000e+01 1.789010e-01
1.750580e+01 1.450000e+01 -1.293355e-03
1.750552e+01 1.550000e+01 1.231033e-01
1.750497e+01 1.650000e+01 -1.252972e-01
1.750619e+01 1.750000e+01 3.618103e-01
1.750644e+01 1.850000e+01 2.461977e-01
1.750483e+01 1.950000e+01 2.161902e-01
1.750355e+01 2.050000e+01 2.861926e-01
1.750491e+01 2.150000e+01 2.907168e-01
1.750375e+01 2.250000e+01 2.324308e-01
1.750391e+01 2.350000e+01 1.124325e-03
1.750435e+01 2.450000e+01 8.564303e-02
1.850445e+01 5.000000e-01 1.709807e-01
1.850521e+01 1.500000e+00 -1.714516e-01
1.850243e+01 2.500000e+00 -1.311167e-02
1.850130e+01 3.500000e+00 -1.430881e-01
1.850587e+01 4.500000e+00 1.214344e-02
1.850381e+01 5.500000e+00 1.233828e-01
1.850521e+01 6.500000e+00 3.795362e-02
1.850412e+01 7.500000e+00 -9.758712e-02
1.850598e+01 8.500000e+00 -2.891789e-01
1.850462e+01 9.500000e+00 -4.043127e-01
1.850747e+01 1.050000e+01 -3.151468e-01
1.850395e+01 1.150000e+01 -1.548742e-01
1.850574e+01 1.250000e+01 8.748348e-02
1.850431e+01 1.350000e+01 2.847975e-01
1.850431e+01 1.450000e+01 8.357076e-02
1.850469e+01 1.550000e+01 -4.682690e-01
1.850287e+01 1.650000e+01 -5.525257e-02
1.850230e+01 1.750000e+01 5.541787e-02
1.850389e+01 1.850000e+01 3.323034e-01
1.850529e+01 1.950000e+01 2.484350e-01
1.850690e+01 2.050000e+01 3.809959e-01
1.850266e+01 2.150000e+01 4.595270e-01
1.850627e+01 2.250000e+01 3.302877e-01
1.850380e+01 2.350000e+01 5.601007e-02
1.850541e+01 2.450000e+01 -6.868254e-03
1.950464e+01 5.000000e-01 1.133760e-01
1.950394e+01 1.500000e+00 2.096299e-01
1.950421e+01 2.500000e+00 -2.665108e-01
1.950387e+01 3.500000e+00 -1.311733e-01
1.950251e+01 4.500000e+00 -8.920161e-02
1.950492e+01 5.500000e+00 -7.452283e-02
1.950329e+01 6.500000e+00 1.527717e-01
1.950264e+01 7.500000e+00 -5.476919e-02
1.950393e+01 8.500000e+00 -2.738799e-01
1.950529e+01 9.500000e+00 -2.323437e-01
1.950422e+01 1.050000e+01 -1.066934e-01
1.950480e+01 1.150000e+01 2.000539e-02
1.950565e+01 1.250000e+01 1.270168e-01
1.950335e+01 1.350000e+01 6.849975e-02
1.950457e+01 1.450000e+01 -1.237822e-01
1.950838e+01 1.550000e+01 -7.269852e-02
1.950270e+01 1.650000e+01 -6.709179e-02
1.950438e+01 1.750000e+01 7.100057e-02
1.950447e+01 1.850000e+01 2.687204e-01
1.950611e+01 1.950000e+01 5.115584e-01
1.950435e+01 2.050000e+01 3.806771e-01
1.950295e+01 2.150000e+01 9.327204e-02
1.950452e+01 2.250000e+01 1.647793e-01
1.950465e+01 2.350000e+01 3.086444e-01
1.950476e+01 2.450000e+01 1.867788e-01
2.050464e+01 5.000000e-01 1.062765e-01
2.050430e+01 1.500000e+00 -1.855731e-02
2.050212e+01 2.500000e+00 1.362472e-01
2.050482e+01 3.500000e+00 -1.219365e-02
2.050321e+01 4.500000e+00 -2.046976e-01
2.050317e+01 5.500000e+00 -2.621813e-01
2.050488e+01 6.500000e+00 -1.824282e-01
2.050231e+01 7.500000e+00 1.110960e-01
2.050438e+01 8.500000e+00 3.106145e-01
2.050397e+01 9.500000e+00 1.639490e-01
2.050564e+01 1.050000e+01 -6.796644e-02
2.050454e+01 1.150000e+01 -1.518509e-02
2.050444e+01 1.250000e+01 6.913470e-02
2.050405e+01 1.350000e+01 -8.966885e-02
2.050544e+01 1.450000e+01 -6.272644e-03
2.050196e+01 1.550000e+01 6.072792e-02
2.050358e+01 1.650000e+01 -1.742447e-01
2.050514e+01 1.750000e+01 -1.398851e-01
2.050392e+01 1.850000e+01 9.950691e-02
2.050453e+01 1.950000e+01 3.008160e-01
2.050470e+01 2.050000e+01 2.298039e-01
2.050377e+01 2.150000e+01 1.528406e-01
2.050480e+01 2.250000e+01 7.995804e-02
2.050522e+01 2.350000e+01 2.976848e-02
2.050385e+01 2.450000e+01 1.241501e-01
2.150318e+01 5.000000e-01 -1.115707e-01
2.150541e+01 1.500000e+00 1.378472e-01
2.150556e+01 2.500000e+00 1.289471e-01
2.150255e+01 3.500000e+00 -1.341147e-01
2.150420e+01 4.500000e+00 -1.689768e-01
2.150239e+01 5.500000e+00 -8.280591e-02
2.150575e+01 6.500000e+00 -1.412829e-01
2.150385e+01 7.500000e+00 5.869293e-02
2.150342e+01 8.500000e+00 2.157795e-01
2.150423e+01 9.500000e+00 1.672265e-01
2.150338e+01 1.050000e+01 1.198758e-01
2.150493e+01 1.150000e+01 2.898793e-02
2.150422e+01 1.250000e+01 -2.461896e-02
2.150437e+01 1.350000e+01 -1.124704e-01
2.150364e+01 1.450000e+01 -1.244326e-01
2.150216e+01 1.550000e+01 -1.192148e-01
2.150299e+01 1.650000e+01 -1.400233e-01
2.150189e+01 1.750000e+01 -1.759441e-01
2.150307e+01 1.850000e+01 -2.533207e-02
2.150364e+01 1.950000e+01 -7.715467e-02
2.150457e+01 2.050000e+01 2.105832e-01
2.150354e+01 2.150000e+01 1.329338e-01
2.150430e+01 2.250000e+01 2.945954e-02
2.150352e+01 2.350000e+01 1.023820e-01
2.150285e+01 2.450000e+01 -3.232188e-02
2.250251e+01 5.000000e-01 3.092355e-01
2.250368e+01 1.500000e+00 3.007039e-01
2.250467e+01 2.500000e+00 2.136369e-01
2.250551e+01 3.500000e+00 9.114121e-02
2.250330e+01 4.500000e+00 -2.383057e-02
2.250245e+01 5.500000e+00 -1.480743e-02
2.250485e+01 6.500000e+00 8.901630e-02
2.250310e+01 7.500000e+00 2.215698e-01
2.250427e+01 8.500000e+00 2.669833e-01
2.250382e+01 9.500000e+00 2.215776e-01
2.250347e+01 1.050000e+01 1.362235e-01
2.250299e+01 1.150000e+01 -3.829410e-02
2.250519e+01 1.250000e+01 -4.707621e-01
2.250284e+01 1.350000e+01 -3.101093e-01
2.250397e+01 1.450000e+01 -2.060097e-01
2.250532e+01 1.550000e+01 -1.614544e-01
2.250496e+01 1.650000e+01 2.072001e-02
2.250198e+01 1.750000e+01 -2.313268e-02
2.250392e+01 1.850000e+01 -2.128624e-01
2.250307e+01 1.950000e+01 1.994029e-02
2.250231e+01 2.050000e+01 2.493414e-02
2.250426e+01 2.150000e+01 2.066217e-01
2.250422e+01 2.250000e+01 2.434129e-01
2.250504e+01 2.350000e+01 4.912065e-02
2.250565e+01 2.450000e+01 -1.781977e-02
2.350332e+01 5.000000e-01 4.411578e-01
2.350438e+01 1.500000e+00 1.945781e-01
2.350244e+01 2.500000e+00 1.171705e-02
2.350272e+01 3.500000e+00 6.593095e-02
2.350358e+01 4.500000e+00 7.080052e-02
2.350402e+01 5.500000e+00 3.263906e-02
2.350323e+01 6.500000e+00 4.075490e-01
2.350362e+01 7.500000e+00 3.882440e-01
2.350392e+01 8.500000e+00 3.518889e-01
2.350333e+01 9.500000e+00 4.392239e-01
2.350222e+01 1.050000e+01 2.044783e-01
2.350330e+01 1.150000e+01 -2.924302e-01
2.350367e+01 1.250000e+01 -2.796272e-01
2.350130e+01 1.350000e+01 -3.703599e-01
2.350518e+01 1.450000e+01 -2.695573e-01
2.350120e+01 1.550000e+01 -1.863822e-01
2.350477e+01 1.650000e+01 -1.837897e-01
2.350406e+01 1.750000e+01 -1.042468e-01
2.350470e+01 1.850000e+01 -7.981017e-02
2.350454e+01 1.950000e+01 -1.549059e-01
2.350470e+01 2.050000e+01 -1.926637e-02
2.350241e+01 2.150000e+01 2.253430e-01
2.350261e+01 2.250000e+01 1.468371e-01
2.350341e+01 2.350000e+01 1.602374e-01
2.350409e+01 2.450000e+01 2.204589e-01
2.450268e+01 5.000000e-01 2.901982e-01
2.450446e+01 1.500000e+00 1.962315e-02
2.450496e+01 2.500000e+00 -4.471052e-02
2.450524e+01 3.500000e+00 1.026950e-01
2.450557e+01 4.500000e+00 3.562273e-01
2.450373e+01 5.500000e+00 5.225907e-01
2.450198e+01 6.500000e+00 2.796812e-01
2.450373e+01 7.500000e+00 2.925462e-01
2.450457e+01 8.500000e+00 3.758845e-01
2.450142e+01 9.500000e+00 2.471105e-01
2.450274e+01 1.050000e+01 1.636778e-01
2.450275e+01 1.150000e+01 2.846829e-02
2.450397e+01 1.250000e+01 9.053162e-03
2.450314e+01 1.350000e+01 -9.832508e-03
2.450393e+01 1.450000e+01 -2.227149e-02
2.450393e+01 1.550000e+01 1.438692e-01
2.450297e+01 1.650000e+01 3.634638e-02
2.450396e+01 1.750000e+01 -8.898526e-02
2.450398e+01 1.850000e+01 -8.831591e-02
2.450302e+01 1.950000e+01 -3.924333e-01
2.450385e+01 2.050000e+01 -1.091615e-01
2.450287e+01 2.150000e+01 -5.679262e-02
2.450409e+01 2.250000e+01 2.795527e-01
2.450455e+01 2.350000e+01 4.254066e-01
2.450193e+01 2.450000e+01 2.494101e-01
