8.660214e-02 5.000000e-01 7.261585e+00
6.643243e-01 1.500000e+00 3.949013e+00
6.665545e-01 2.500000e+00 -9.090909e-02
6.684932e-01 3.500000e+00 5.035971e-01
6.732236e-01 4.500000e+00 -9.060023e-01
6.635373e-01 5.500000e+00 1.855727e-01
6.675918e-01 6.500000e+00 6.761745e-01
6.702345e-01 7.500000e+00 -7.648074e-01
6.719355e-01 8.500000e+00 -1.275472e+00
6.669668e-01 9.500000e+00 -1.653283e+00
6.706450e-01 1.050000e+01 -5.448613e-01
6.683490e-01 1.150000e+01 -1.349639e+00
6.705849e-01 1.250000e+01 -1.151955e+00
6.670824e-01 1.350000e+01 -1.945080e-01
6.631140e-01 1.450000e+01 1.022876e+00
6.702476e-01 1.550000e+01 9.808409e-01
6.704907e-01 1.650000e+01 -4.892086e-01
6.708667e-01 1.750000e+01 -2.497162e-01
6.637589e-01 1.850000e+01 -6.791924e-01
6.637492e-01 1.950000e+01 -1.467039e+00
6.649701e-01 2.050000e+01 -2.337356e+00
6.653185e-01 2.150000e+01 -4.130197e+00
6.636475e-01 2.250000e+01 2.904841e-01
6.719445e-01 2.350000e+01 7.074830e-01
6.688755e-01 2.450000e+01 7.067280e-01
1.553623e+00 5.000000e-01 6.295756e+00
1.553077e+00 1.500000e+00 1.819483e+00
1.556327e+00 2.500000e+00 -1.748409e-01
1.556919e+00 3.500000e+00 5.947426e-01
1.560046e+00 4.500000e+00 9.500187e-01
1.562890e+00 5.500000e+00 1.667895e-01
1.561102e+00 6.500000e+00 9.485904e-01
1.551688e+00 7.500000e+00 6.130820e-01
1.552056e+00 8.500000e+00 -2.935268e-01
1.561472e+00 9.500000e+00 -1.497968e-01
1.555311e+00 1.050000e+01 -1.055186e+00
1.561129e+00 1.150000e+01 -9.700910e-01
1.561047e+00 1.250000e+01 -5.254989e-01
1.561083e+00 1.350000e+01 -1.359008e-01
1.551569e+00 1.450000e+01 -1.904674e-01
1.547474e+00 1.550000e+01 -2.997606e-01
1.553720e+00 1.650000e+01 -1.971778e-01
1.554417e+00 1.750000e+01 -5.027829e-02
1.557277e+00 1.850000e+01 -1.315644e-01
1.551897e+00 1.950000e+01 -7.487161e-01
1.553122e+00 2.050000e+01 -1.801242e+00
1.549635e+00 2.150000e+01 -7.417219e-01
1.551937e+00 2.250000e+01 -6.688264e-01
1.553801e+00 2.350000e+01 1.079065e+00
1.553954e+00 2.450000e+01 1.033563e+00
2.528880e+00 5.000000e-01 1.482713e+00
2.531248e+00 1.500000e+00 1.974672e+00
2.530821e+00 2.500000e+00 1.868554e+00
2.528469e+00 3.500000e+00 -8.922466e-02
2.536271e+00 4.500000e+00 4.607040e-01
2.529949e+00 5.500000e+00 1.033457e+00
2.533322e+00 6.500000e+00 -1.446376e-01
2.527862e+00 7.500000e+00 3.442136e-01
2.533317e+00 8.500000e+00 6.820816e-01
2.532263e+00 9.500000e+00 -8.655126e-02
2.532835e+00 1.050000e+01 -1.600755e-01
2.533079e+00 1.150000e+01 -8.793749e-01
2.539515e+00 1.250000e+01 -8.699923e-01
2.535446e+00 1.350000e+01 -5.957165e-01
2.536688e+00 1.450000e+01 -1.505175e-01
2.536565e+00 1.550000e+01 -3.010342e-01
2.535313e+00 1.650000e+01 -5.359025e-01
2.534223e+00 1.750000e+01 -1.331738e+00
2.536710e+00 1.850000e+01 -8.363798e-01
2.527680e+00 1.950000e+01 -3.520516e-01
2.528672e+00 2.050000e+01 -1.364393e-02
2.527817e+00 2.150000e+01 5.145729e-01
2.534634e+00 2.250000e+01 3.690987e-01
2.534722e+00 2.350000e+01 2.366707e-01
2.532061e+00 2.450000e+01 6.224034e-01
3.522827e+00 5.000000e-01 1.103693e+00
3.525712e+00 1.500000e+00 2.049492e+00
3.522978e+00 2.500000e+00 1.216143e+00
3.522733e+00 3.500000e+00 5.227865e-01
3.519936e+00 4.500000e+00 2.544323e-01
3.522556e+00 5.500000e+00 6.402316e-01
3.524475e+00 6.500000e+00 4.903357e-01
3.525299e+00 7.500000e+00 1.631892e-01
3.519223e+00 8.500000e+00 4.626512e-01
3.522111e+00 9.500000e+00 1.414837e-01
3.524433e+00 1.050000e+01 -2.788191e-01
3.522548e+00 1.150000e+01 1.580407e-01
3.523089e+00 1.250000e+01 -2.131530e-01
3.525724e+00 1.350000e+01 -3.392562e-01
3.521774e+00 1.450000e+01 -4.771489e-01
3.523628e+00 1.550000e+01 -7.767692e-01
3.526260e+00 1.650000e+01 -2.208920e-01
3.520998e+00 1.750000e+01 1.944533e-01
3.524409e+00 1.850000e+01 -5.812257e-01
3.522768e+00 1.950000e+01 -5.774469e-01
3.526504e+00 2.050000e+01 5.818226e-01
3.522916e+00 2.150000e+01 5.277603e-01
3.525399e+00 2.250000e+01 1.909607e-01
3.522096e+00 2.350000e+01 -2.675059e-02
3.525947e+00 2.450000e+01 3.010422e-01
4.520286e+00 5.000000e-01 8.817355e-01
4.517330e+00 1.500000e+00 5.947306e-01
4.517133e+00 2.500000e+00 8.781933e-01
4.517684e+00 3.500000e+00 5.633760e-01
4.522496e+00 4.500000e+00 -5.275949e-01
4.518022e+00 5.500000e+00 -2.403172e-01
4.519588e+00 6.500000e+00 6.898583e-01
4.521292e+00 7.500000e+00 5.005855e-01
4.520270e+00 8.500000e+00 -4.069589e-02
4.522489e+00 9.500000e+00 -1.028789e-01
4.518390e+00 1.050000e+01 1.989500e-01
4.518548e+00 1.150000e+01 -3.551806e-01
4.518540e+00 1.250000e+01 -1.846638e-01
4.519357e+00 1.350000e+01 -2.453004e-01
4.517530e+00 1.450000e+01 -1.185923e+00
4.519003e+00 1.550000e+01 -4.241645e-01
4.522102e+00 1.650000e+01 -6.171631e-02
4.518121e+00 1.750000e+01 -2.145303e-01
4.517472e+00 1.850000e+01 -3.439764e-01
4.517706e+00 1.950000e+01 -2.514754e-01
4.518701e+00 2.050000e+01 3.186726e-01
4.518273e+00 2.150000e+01 4.571323e-01
4.514189e+00 2.250000e+01 2.735292e-01
4.514716e+00 2.350000e+01 -2.778601e-01
4.515365e+00 2.450000e+01 -6.792360e-01
5.511828e+00 5.000000e-01 1.088747e+00
5.514328e+00 1.500000e+00 8.517191e-02
5.513419e+00 2.500000e+00 3.011169e-01
5.517657e+00 3.500000e+00 7.767414e-01
5.514146e+00 4.500000e+00 4.713569e-01
5.515030e+00 5.500000e+00 -1.896240e-01
5.517027e+00 6.500000e+00 -3.384986e-02
5.517809e+00 7.500000e+00 1.293685e-01
5.513855e+00 8.500000e+00 -3.840323e-02
5.514504e+00 9.500000e+00 2.851444e-01
5.515280e+00 1.050000e+01 7.595000e-02
5.515082e+00 1.150000e+01 3.045854e-01
5.515846e+00 1.250000e+01 1.854165e-01
5.512852e+00 1.350000e+01 -5.456764e-01
5.517648e+00 1.450000e+01 -1.863101e-01
5.515919e+00 1.550000e+01 -9.685297e-01
5.518980e+00 1.650000e+01 -1.060832e+00
5.511374e+00 1.750000e+01 -1.057433e+00
5.517991e+00 1.850000e+01 -6.933713e-01
5.517580e+00 1.950000e+01 -5.511278e-01
5.517989e+00 2.050000e+01 -7.960853e-01
5.517842e+00 2.150000e+01 -4.007590e-01
5.512438e+00 2.250000e+01 6.406266e-02
5.515703e+00 2.350000e+01 2.022024e-01
5.516050e+00 2.450000e+01 1.344475e-01
6.513244e+00 5.000000e-01 -1.000128e-01
6.514423e+00 1.500000e+00 2.319747e-01
6.515320e+00 2.500000e+00 -1.682655e-01
6.511116e+00 3.500000e+00 5.388273e-02
6.510911e+00 4.500000e+00 3.913397e-01
6.511568e+00 5.500000e+00 -4.938532e-02
6.513065e+00 6.500000e+00 -6.982011e-01
6.512691e+00 7.500000e+00 -1.566448e-01
6.514415e+00 8.500000e+00 1.443820e-01
6.514906e+00 9.500000e+00 4.348587e-01
6.515581e+00 1.050000e+01 4.756290e-01
6.512853e+00 1.150000e+01 3.155512e-01
6.512084e+00 1.250000e+01 -1.338633e-01
6.513286e+00 1.350000e+01 -6.619325e-02
6.513468e+00 1.450000e+01 -3.296824e-01
6.511662e+00 1.550000e+01 -7.354853e-01
6.514485e+00 1.650000e+01 -1.149941e+00
6.513549e+00 1.750000e+01 -1.042675e+00
6.509575e+00 1.850000e+01 -3.838985e-01
6.510896e+00 1.950000e+01 -1.426998e-01
6.510056e+00 2.050000e+01 -3.807820e-01
6.513366e+00 2.150000e+01 -6.855178e-01
6.509872e+00 2.250000e+01 -4.150075e-01
6.513755e+00 2.350000e+01 3.415254e-02
6.515671e+00 2.450000e+01 -1.815650e-01
7.511011e+00 5.000000e-01 -8.688489e-01
7.509228e+00 1.500000e+00 -4.228763e-01
7.513896e+00 2.500000e+00 -1.672970e-01
7.510328e+00 3.500000e+00 3.202247e-01
7.508631e+00 4.500000e+00 3.613396e-01
7.508318e+00 5.500000e+00 3.510033e-01
7.510755e+00 6.500000e+00 -2.201058e-01
7.512568e+00 7.500000e+00 -5.080006e-01
7.509501e+00 8.500000e+00 1.766301e-01
7.508597e+00 9.500000e+00 6.927878e-02
7.512654e+00 1.050000e+01 4.003351e-01
7.511773e+00 1.150000e+01 2.150640e-01
7.514887e+00 1.250000e+01 -8.259338e-02
7.511371e+00 1.350000e+01 -4.424867e-01
7.510247e+00 1.450000e+01 -6.993274e-01
7.512294e+00 1.550000e+01 -5.686779e-01
7.509953e+00 1.650000e+01 -7.039201e-01
7.510536e+00 1.750000e+01 -3.615368e-01
7.510547e+00 1.850000e+01 -2.835591e-01
7.510173e+00 1.950000e+01 -4.337831e-01
7.512543e+00 2.050000e+01 -3.507083e-01
7.511281e+00 2.150000e+01 -3.566152e-01
7.511674e+00 2.250000e+01 -2.434131e-01
7.509791e+00 2.350000e+01 -5.449102e-01
7.511539e+00 2.450000e+01 6.255559e-02
8.509555e+00 5.000000e-01 -4.248943e-01
8.511198e+00 1.500000e+00 -3.623552e-01
8.511029e+00 2.500000e+00 -5.464658e-02
8.510721e+00 3.500000e+00 -2.389082e-01
8.509284e+00 4.500000e+00 2.488560e-01
8.512710e+00 5.500000e+00 2.909073e-01
8.507315e+00 6.500000e+00 3.776315e-01
8.508691e+00 7.500000e+00 -1.876559e-01
8.511095e+00 8.500000e+00 -5.200919e-01
8.509482e+00 9.500000e+00 2.733780e-01
8.511845e+00 1.050000e+01 1.208816e-01
8.507454e+00 1.150000e+01 -1.219249e-01
8.508582e+00 1.250000e+01 -2.536220e-02
8.510771e+00 1.350000e+01 -2.873668e-01
8.511076e+00 1.450000e+01 -3.436929e-01
8.512358e+00 1.550000e+01 -8.614961e-01
8.510980e+00 1.650000e+01 -5.974586e-02
8.508763e+00 1.750000e+01 8.764758e-03
8.507178e+00 1.850000e+01 -1.827689e-01
8.512973e+00 1.950000e+01 -6.200888e-02
8.512514e+00 2.050000e+01 9.940065e-02
8.508243e+00 2.150000e+01 -1.123088e-01
8.507586e+00 2.250000e+01 -6.462699e-01
8.507647e+00 2.350000e+01 -3.689595e-01
8.508631e+00 2.450000e+01 -2.523740e-01
9.512723e+00 5.000000e-01 1.503396e-01
9.508497e+00 1.500000e+00 3.451281e-02
9.508889e+00 2.500000e+00 1.478068e-01
9.511510e+00 3.500000e+00 8.190221e-02
9.509560e+00 4.500000e+00 -5.239647e-01
9.510523e+00 5.500000e+00 2.523770e-02
9.507678e+00 6.500000e+00 1.573301e-01
9.509191e+00 7.500000e+00 3.482504e-01
9.509127e+00 8.500000e+00 -6.290780e-03
9.509481e+00 9.500000e+00 -1.206957e-01
9.507708e+00 1.050000e+01 -2.592162e-01
9.511570e+00 1.150000e+01 -9.219422e-02
9.508249e+00 1.250000e+01 -4.904966e-02
9.510136e+00 1.350000e+01 7.045944e-03
9.510079e+00 1.450000e+01 -4.478954e-01
9.506454e+00 1.550000e+01 8.455237e-03
9.508950e+00 1.650000e+01 1.126184e-01
9.509838e+00 1.750000e+01 1.430457e-01
9.508897e+00 1.850000e+01 -3.263232e-01
9.505671e+00 1.950000e+01 -3.707434e-01
9.508646e+00 2.050000e+01 -3.746010e-01
9.509657e+00 2.150000e+01 -4.119440e-01
9.508802e+00 2.250000e+01 -2.754894e-01
9.508769e+00 2.350000e+01 -6.408677e-01
9.506841e+00 2.450000e+01 -2.047417e-01
1.051091e+01 5.000000e-01 2.864954e-01
1.050845e+01 1.500000e+00 4.803746e-02
1.050658e+01 2.500000e+00 -3.228359e-01
1.050591e+01 3.500000e+00 -1.567817e-01
1.050655e+01 4.500000e+00 -1.882502e-01
1.050833e+01 5.500000e+00 -4.441910e-01
1.050797e+01 6.500000e+00 2.057190e-01
1.051011e+01 7.500000e+00 8.282871e-02
1.050702e+01 8.500000e+00 1.729930e-01
1.050799e+01 9.500000e+00 -5.456352e-01
1.050763e+01 1.050000e+01 -6.063574e-02
1.050553e+01 1.150000e+01 2.713597e-03
1.050706e+01 1.250000e+01 3.651196e-02
1.050665e+01 1.350000e+01 -1.957029e-02
1.050964e+01 1.450000e+01 1.360662e-01
1.050706e+01 1.550000e+01 4.761374e-01
1.050781e+01 1.650000e+01 2.537499e-01
1.050590e+01 1.750000e+01 -2.529249e-02
1.050691e+01 1.850000e+01 9.672153e-02
1.051001e+01 1.950000e+01 -6.293632e-02
1.050917e+01 2.050000e+01 -2.022623e-01
1.050796e+01 2.150000e+01 -1.075899e-01
1.050796e+01 2.250000e+01 -2.202718e-01
1.050800e+01 2.350000e+01 1.660050e-02
1.050839e+01 2.450000e+01 -4.255846e-01
1.150711e+01 5.000000e-01 2.936080e-02
1.150819e+01 1.500000e+00 -6.082519e-02
1.150621e+01 2.500000e+00 -1.008006e-01
1.150993e+01 3.500000e+00 -1.979114e-01
1.150733e+01 4.500000e+00 -6.336951e-03
1.150919e+01 5.500000e+00 -2.473779e-01
1.150813e+01 6.500000e+00 -4.049893e-01
1.150610e+01 7.500000e+00 2.768883e-02
1.150576e+01 8.500000e+00 -1.254793e-01
1.150599e+01 9.500000e+00 -3.042819e-01
1.150792e+01 1.050000e+01 -6.473346e-01
1.150812e+01 1.150000e+01 -2.369754e-01
1.150532e+01 1.250000e+01 -8.217510e-02
1.150624e+01 1.350000e+01 6.418708e-02
1.150726e+01 1.450000e+01 7.082940e-01
1.150474e+01 1.550000e+01 3.405651e-01
1.150568e+01 1.650000e+01 1.048785e-01
1.150646e+01 1.750000e+01 9.943809e-02
1.150812e+01 1.850000e+01 2.233014e-01
1.150890e+01 1.950000e+01 2.377345e-01
1.150718e+01 2.050000e+01 2.092483e-01
1.150724e+01 2.150000e+01 -1.629037e-01
1.150896e+01 2.250000e+01 -1.865883e-01
1.150612e+01 2.350000e+01 -1.760526e-01
1.150809e+01 2.450000e+01 -1.513309e-01
1.251007e+01 5.000000e-01 4.679072e-01
1.250427e+01 1.500000e+00 5.523767e-01
1.250568e+01 2.500000e+00 -3.814262e-02
1.250785e+01 3.500000e+00 -2.733068e-01
1.250613e+01 4.500000e+00 -3.318362e-01
1.250675e+01 5.500000e+00 -3.466472e-01
1.250945e+01 6.500000e+00 -4.891510e-01
1.250523e+01 7.500000e+00 -2.357646e-01
1.250574e+01 8.500000e+00 -1.006104e-01
1.250596e+01 9.500000e+00 -1.182341e-01
1.250706e+01 1.050000e+01 -2.925163e-01
1.250890e+01 1.150000e+01 -3.092299e-01
1.250450e+01 1.250000e+01 -1.589439e-01
1.250782e+01 1.350000e+01 4.039615e-01
1.250374e+01 1.450000e+01 3.934253e-01
1.250736e+01 1.550000e+01 3.649163e-01
1.250573e+01 1.650000e+01 4.172795e-02
1.250706e+01 1.750000e+01 1.036638e-02
1.250663e+01 1.850000e+01 -3.023178e-01
1.250592e+01 1.950000e+01 -5.143842e-02
1.250906e+01 2.050000e+01 -3.394536e-01
1.250659e+01 2.150000e+01 -2.967940e-02
1.250577e+01 2.250000e+01 1.243678e-01
1.250616e+01 2.350000e+01 -6.815094e-02
1.250642e+01 2.450000e+01 -1.244312e-02
1.350419e+01 5.000000e-01 3.802148e-01
1.350584e+01 1.500000e+00 -6.141895e-02
1.350637e+01 2.500000e+00 5.850801e-02
1.350510e+01 3.500000e+00 -2.866682e-02
1.350651e+01 4.500000e+00 -1.557468e-01
1.350726e+01 5.500000e+00 3.648425e-02
1.350841e+01 6.500000e+00 1.080731e-01
1.350626e+01 7.500000e+00 -4.832506e-01
1.350760e+01 8.500000e+00 -3.215978e-01
1.350710e+01 9.500000e+00 -3.271932e-01
1.350541e+01 1.050000e+01 -9.242885e-02
1.350726e+01 1.150000e+01 -3.109005e-01
1.350638e+01 1.250000e+01 1.558751e-03
1.350738e+01 1.350000e+01 -6.857728e-03
1.350445e+01 1.450000e+01 6.726264e-02
1.350462e+01 1.550000e+01 -4.517918e-04
1.350639e+01 1.650000e+01 2.440000e-01
1.350797e+01 1.750000e+01 9.939433e-02
1.350681e+01 1.850000e+01 1.316674e-01
1.350688e+01 1.950000e+01 -3.209765e-01
1.350564e+01 2.050000e+01 -4.383831e-02
1.350694e+01 2.150000e+01 -8.795703e-02
1.350450e+01 2.250000e+01 -9.041703e-02
1.350628e+01 2.350000e+01 6.935391e-02
1.350675e+01 2.450000e+01 5.273457e-02
1.450660e+01 5.000000e-01 7.690976e-02
1.450606e+01 1.500000e+00 1.974467e-01
1.450560e+01 2.500000e+00 -4.394846e-02
1.450634e+01 3.500000e+00 -1.578544e-01
1.450537e+01 4.500000e+00 -2.081112e-01
1.450475e+01 5.500000e+00 -1.972014e-01
1.450621e+01 6.500000e+00 -2.295035e-01
1.450658e+01 7.500000e+00 -4.160479e-01
1.450446e+01 8.500000e+00 -3.821021e-01
1.450446e+01 9.500000e+00 6.297604e-02
1.450723e+01 1.050000e+01 -1.106407e-01
1.450562e+01 1.150000e+01 -1.232698e-01
1.450539e+01 1.250000e+01 -6.659901e-02
1.450455e+01 1.350000e+01 6.446303e-02
1.450542e+01 1.450000e+01 5.283252e-02
1.450544e+01 1.550000e+01 4.595900e-01
1.450612e+01 1.650000e+01 4.355125e-01
1.450559e+01 1.750000e+01 2.663447e-01
1.450517e+01 1.850000e+01 -8.119749e-02
1.450593e+01 1.950000e+01 -2.005075e-01
1.450639e+01 2.050000e+01 -7.690247e-02
1.450696e+01 2.150000e+01 -7.615219e-02
1.450238e+01 2.250000e+01 -1.768402e-01
1.450499e+01 2.350000e+01 -1.384491e-01
1.450378e+01 2.450000e+01 7.475665e-02
1.550651e+01 5.000000e-01 -7.682383e-02
1.550513e+01 1.500000e+00 4.104192e-02
1.550450e+01 2.500000e+00 7.687761e-02
1.550496e+01 3.500000e+00 -5.857066e-02
1.550507e+01 4.500000e+00 -1.716437e-01
1.550579e+01 5.500000e+00 -5.371998e-01
1.550630e+01 6.500000e+00 -7.615810e-01
1.550560e+01 7.500000e+00 -2.077386e-01
1.550522e+01 8.500000e+00 -2.348857e-01
1.550477e+01 9.500000e+00 -2.961488e-01
1.550713e+01 1.050000e+01 1.642865e-02
1.550650e+01 1.150000e+01 -3.375769e-02
1.550556e+01 1.250000e+01 -2.286724e-01
1.550661e+01 1.350000e+01 -1.038055e-01
1.550561e+01 1.450000e+01 2.451019e-01
1.550396e+01 1.550000e+01 2.353717e-01
1.550520e+01 1.650000e+01 1.820523e-01
1.550620e+01 1.750000e+01 3.007731e-01
1.550834e+01 1.850000e+01 1.521264e-01
1.550503e+01 1.950000e+01 2.122652e-01
1.550387e+01 2.050000e+01 4.552761e-02
1.550406e+01 2.150000e+01 2.233527e-01
1.550416e+01 2.250000e+01 1.317477e-01
1.550660e+01 2.350000e+01 2.461665e-01
1.550550e+01 2.450000e+01 -6.525953e-03
1.650442e+01 5.000000e-01 -1.830979e-01
1.650673e+01 1.500000e+00 1.219146e-02
1.650548e+01 2.500000e+00 2.370251e-01
1.650485e+01 3.500000e+00 3.778285e-01
1.650332e+01 4.500000e+00 3.015836e-01
1.650384e+01 5.500000e+00 -2.572867e-01
1.650359e+01 6.500000e+00 -2.185080e-01
1.650689e+01 7.500000e+00 -2.577679e-01
1.650671e+01 8.500000e+00 -2.715985e-01
1.650661e+01 9.500000e+00 -7.061051e-01
1.650524e+01 1.050000e+01 -1.886374e-01
1.650535e+01 1.150000e+01 1.385707e-01
1.650528e+01 1.250000e+01 -1.198143e-02
1.650523e+01 1.350000e+01 -1.290577e-01
1.650535e+01 1.450000e+01 5.581044e-02
1.650637e+01 1.550000e+01 1.032976e-01
1.650653e+01 1.650000e+01 3.112171e-01
1.650485e+01 1.750000e+01 8.386619e-02
1.650298e+01 1.850000e+01 2.843628e-01
1.650377e+01 1.950000e+01 2.702744e-01
1.650621e+01 2.050000e+01 3.656141e-01
1.650376e+01 2.150000e+01 3.224506e-02
1.650499e+01 2.250000e+01 2.773678e-01
1.650368e+01 2.350000e+01 1.228363e-01
1.650580e+01 2.450000e+01 4.648108e-02
1.750359e+01 5.000000e-01 -1.983351e-01
1.750378e+01 1.500000e+00 -2.990533e-02
1.750478e+01 2.500000e+00 1.412473e-01
1.750496e+01 3.500000e+00 2.645546e-01
1.750423e+01 4.500000e+00 -4.076376e-02
1.750438e+01 5.500000e+00 -7.504421e-03
1.750453e+01 6.500000e+00 -5.422952e-02
1.750426e+01 7.500000e+00 -2.031901e-01
1.750585e+01 8.500000e+00 -3.150535e-01
1.750364e+01 9.500000e+00 -2.484885e-01
1.750371e+01 1.050000e+01 -7.435213e-01
1.750498e+01 1.150000e+01 -2.895921e-01
1.750620e+01 1.250000e+01 1.481774e-01
1.750291e+01 1.350000e+01 2.892941e-02
1.750581e+01 1.450000e+01 1.971578e-03
1.750552e+01 1.550000e+01 1.566120e-01
1.750497e+01 1.650000e+01 5.622999e-02
1.750619e+01 1.750000e+01 1.737608e-01
1.750644e+01 1.850000e+01 2.394962e-01
1.750483e+01 1.950000e+01 3.142316e-01
1.750355e+01 2.050000e+01 1.762223e-01
1.750491e+01 2.150000e+01 3.599614e-01
1.750375e+01 2.250000e+01 1.373953e-01
1.750391e+01 2.350000e+01 8.920173e-02
1.750436e+01 2.450000e+01 1.612160e-01
1.850445e+01 5.000000e-01 -2.399199e-01
1.850521e+01 1.500000e+00 -1.228243e-01
1.850243e+01 2.500000e+00 1.029647e-01
1.850130e+01 3.500000e+00 -9.036199e-02
1.850586e+01 4.500000e+00 1.315339e-01
1.850381e+01 5.500000e+00 3.151582e-01
1.850520e+01 6.500000e+00 1.201741e-02
1.850412e+01 7.500000e+00 -4.958247e-01
1.850597e+01 8.500000e+00 -4.030596e-01
1.850462e+01 9.500000e+00 -1.546801e-01
1.850747e+01 1.050000e+01 2.346199e-02
1.850395e+01 1.150000e+01 -1.924118e-01
1.850574e+01 1.250000e+01 -1.772198e-02
1.850431e+01 1.350000e+01 1.790203e-01
1.850431e+01 1.450000e+01 -4.509192e-02
1.850470e+01 1.550000e+01 -1.620758e-01
1.850287e+01 1.650000e+01 -1.443451e-01
1.850230e+01 1.750000e+01 -4.705742e-02
1.850389e+01 1.850000e+01 1.786314e-01
1.850529e+01 1.950000e+01 1.811959e-01
1.850691e+01 2.050000e+01 3.625309e-01
1.850267e+01 2.150000e+01 5.070983e-01
1.850627e+01 2.250000e+01 3.088537e-01
1.850380e+01 2.350000e+01 1.976086e-01
1.850540e+01 2.450000e+01 -4.112033e-02
1.950464e+01 5.000000e-01 1.572976e-01
1.950394e+01 1.500000e+00 -7.973706e-02
1.950421e+01 2.500000e+00 -2.596260e-01
1.950387e+01 3.500000e+00 -6.389369e-02
1.950252e+01 4.500000e+00 1.422900e-03
1.950492e+01 5.500000e+00 -1.632147e-02
1.950329e+01 6.500000e+00 8.235294e-02
1.950264e+01 7.500000e+00 -1.353012e-01
1.950393e+01 8.500000e+00 -3.184700e-01
1.950529e+01 9.500000e+00 -2.487635e-01
1.950422e+01 1.050000e+01 8.873342e-02
1.950480e+01 1.150000e+01 1.263416e-01
1.950565e+01 1.250000e+01 -2.448465e-02
1.950336e+01 1.350000e+01 6.127881e-02
1.950457e+01 1.450000e+01 3.997120e-02
1.950838e+01 1.550000e+01 -3.054535e-01
1.950270e+01 1.650000e+01 4.726534e-02
1.950438e+01 1.750000e+01 2.059921e-01
1.950447e+01 1.850000e+01 8.260443e-02
1.950611e+01 1.950000e+01 2.344975e-01
1.950435e+01 2.050000e+01 3.430906e-01
1.950294e+01 2.150000e+01 1.179756e-01
1.950452e+01 2.250000e+01 3.352850e-01
1.950466e+01 2.350000e+01 1.025055e-01
1.950475e+01 2.450000e+01 2.672228e-01
2.050464e+01 5.000000e-01 1.036529e-01
2.050430e+01 1.500000e+00 1.087218e-01
2.050212e+01 2.500000e+00 -2.803014e-01
2.050483e+01 3.500000e+00 -3.161898e-01
2.050321e+01 4.500000e+00 -1.869295e-01
2.050316e+01 5.500000e+00 -1.085107e-01
2.050487e+01 6.500000e+00 -1.816539e-01
2.050231e+01 7.500000e+00 3.794875e-01
2.050438e+01 8.500000e+00 3.696411e-01
2.050397e+01 9.500000e+00 6.323710e-02
2.050564e+01 1.050000e+01 -3.574823e-02
2.050453e+01 1.150000e+01 7.677655e-02
2.050444e+01 1.250000e+01 7.971778e-02
2.050405e+01 1.350000e+01 4.805279e-02
2.050544e+01 1.450000e+01 -1.069324e-02
2.050196e+01 1.550000e+01 -7.352344e-02
2.050358e+01 1.650000e+01 -2.246761e-01
2.050514e+01 1.750000e+01 1.839068e-02
2.050392e+01 1.850000e+01 5.189556e-02
2.050452e+01 1.950000e+01 1.797140e-01
2.050470e+01 2.050000e+01 2.294786e-01
2.050377e+01 2.150000e+01 1.895616e-01
2.050480e+01 2.250000e+01 -2.028804e-01
2.050521e+01 2.350000e+01 -2.978196e-03
2.050385e+01 2.450000e+01 -4.342007e-02
2.150317e+01 5.000000e-01 -1.063195e-02
2.150541e+01 1.500000e+00 -1.094522e-01
2.150556e+01 2.500000e+00 -1.743892e-02
2.150255e+01 3.500000e+00 -2.295698e-01
2.150421e+01 4.500000e+00 -3.634636e-01
2.150239e+01 5.500000e+00 -2.677658e-01
2.150575e+01 6.500000e+00 1.588140e-01
2.150385e+01 7.500000e+00 1.764918e-01
2.150342e+01 8.500000e+00 2.931779e-01
2.150423e+01 9.500000e+00 2.102012e-01
2.150339e+01 1.050000e+01 7.348602e-02
2.150493e+01 1.150000e+01 1.184629e-01
2.150421e+01 1.250000e+01 -4.391630e-02
2.150437e+01 1.350000e+01 -2.975147e-02
2.150364e+01 1.450000e+01 -1.907354e-01
2.150216e+01 1.550000e+01 -3.879427e-05
2.150299e+01 1.650000e+01 -2.209744e-01
2.150189e+01 1.750000e+01 -2.947961e-01
2.150307e+01 1.850000e+01 7.968296e-02
2.150363e+01 1.950000e+01 2.210622e-01
2.150457e+01 2.050000e+01 4.322132e-02
2.150354e+01 2.150000e+01 -4.016033e-02
2.150430e+01 2.250000e+01 -7.044505e-02
2.150352e+01 2.350000e+01 -9.335928e-02
2.150284e+01 2.450000e+01 -1.948819e-02
2.250251e+01 5.000000e-01 1.707218e-01
2.250368e+01 1.500000e+00 2.558140e-01
2.250467e+01 2.500000e+00 1.139715e-01
2.250552e+01 3.500000e+00 1.237789e-01
2.250329e+01 4.500000e+00 -1.599632e-01
2.250245e+01 5.500000e+00 -1.092279e-01
2.250485e+01 6.500000e+00 4.649755e-02
2.250310e+01 7.500000e+00 3.260410e-01
2.250427e+01 8.500000e+00 3.468918e-01
2.250382e+01 9.500000e+00 3.222499e-01
2.250347e+01 1.050000e+01 1.222928e-01
2.250299e+01 1.150000e+01 -1.659411e-01
2.250519e+01 1.250000e+01 -1.078276e-01
2.250284e+01 1.350000e+01 -4.796954e-01
2.250397e+01 1.450000e+01 -2.228799e-01
2.250532e+01 1.550000e+01 -9.108001e-02
2.250495e+01 1.650000e+01 -5.390169e-03
2.250198e+01 1.750000e+01 -2.366339e-01
2.250392e+01 1.850000e+01 2.655715e-02
2.250308e+01 1.950000e+01 -5.289153e-02
2.250231e+01 2.050000e+01 2.675225e-02
2.250426e+01 2.150000e+01 -5.377790e-02
2.250422e+01 2.250000e+01 1.802808e-01
2.250504e+01 2.350000e+01 9.926208e-02
2.250565e+01 2.450000e+01 -1.260969e-01
2.350331e+01 5.000000e-01 1.963643e-01
2.350439e+01 1.500000e+00 1.837840e-01
2.350244e+01 2.500000e+00 1.709187e-01
2.350272e+01 3.500000e+00 -2.742983e-02
2.350358e+01 4.500000e+00 4.378686e-02
2.350403e+01 5.500000e+00 1.098342e-01
2.350323e+01 6.500000e+00 1.476613e-01
2.350361e+01 7.500000e+00 3.205377e-01
2.350391e+01 8.500000e+00 4.231829e-01
2.350333e+01 9.500000e+00 3.880254e-01
2.350223e+01 1.050000e+01 2.023581e-01
2.350329e+01 1.150000e+01 -6.611600e-02
2.350367e+01 1.250000e+01 -3.546087e-01
2.350131e+01 1.350000e+01 -2.494095e-01
2.350518e+01 1.450000e+01 -2.984004e-01
2.350120e+01 1.550000e+01 -1.387660e-01
2.350477e+01 1.650000e+01 -1.207418e-01
2.350406e+01 1.750000e+01 6.983706e-02
2.350470e+01 1.850000e+01 -3.606867e-01
2.350455e+01 1.950000e+01 -5.546986e-02
2.350470e+01 2.050000e+01 -1.926283e-01
2.350242e+01 2.150000e+01 2.812216e-02
2.350261e+01 2.250000e+01 1.602535e-01
2.350341e+01 2.350000e+01 6.260218e-02
2.350409e+01 2.450000e+01 2.841157e-01
2.450267e+01 5.000000e-01 8.029992e-02
2.450446e+01 1.500000e+00 4.138516e-02
2.450495e+01 2.500000e+00 8.027957e-02
2.450524e+01 3.500000e+00 1.504075e-01
2.450557e+01 4.500000e+00 3.351127e-01
2.450373e+01 5.500000e+00 2.717105e-01
2.450199e+01 6.500000e+00 2.752915e-01
2.450373e+01 7.500000e+00 2.352868e-01
2.450459e+01 8.500000e+00 1.994679e-01
2.450143e+01 9.500000e+00 2.240969e-01
2.450274e+01 1.050000e+01 3.422170e-01
2.450276e+01 1.150000e+01 1.807964e-01
2.450397e+01 1.250000e+01 -1.376693e-01
2.450314e+01 1.350000e+01 9.215434e-02
2.450391e+01 1.450000e+01 1.069577e-01
2.450394e+01 1.550000e+01 -9.130661e-02
2.450298e+01 1.650000e+01 4.061843e-02
2.450395e+01 1.750000e+01 -1.418737e-02
2.450399e+01 1.850000e+01 -1.512198e-01
2.450302e+01 1.950000e+01 -6.523297e-01
2.450385e+01 2.050000e+01 4.429151e-03
2.450287e+01 2.150000e+01 2.359751e-01
2.450410e+01 2.250000e+01 1.638757e-01
2.450454e+01 2.350000e+01 3.229903e-01
2.450193e+01 2.450000e+01 1.760200e-01
