1.101721e-01 7.342727e+02
1.341918e-01 4.102640e+02
1.634349e-01 2.574268e+02
1.991002e-01 1.749603e+02
2.432554e-01 1.021952e+02
2.965298e-01 7.269658e+01
3.613003e-01 4.838923e+01
4.381865e-01 3.671030e+01
5.321631e-01 2.623783e+01
6.473760e-01 1.861809e+01
7.890622e-01 1.335435e+01
9.609742e-01 9.861521e+00
1.169416e+00 7.166680e+00
1.421187e+00 5.385317e+00
1.731010e+00 4.033569e+00
2.106353e+00 3.077839e+00
2.565324e+00 2.297951e+00
3.120045e+00 1.760987e+00
3.797138e+00 1.276051e+00
4.619976e+00 9.473878e-01
5.623644e+00 6.782383e-01
6.839858e+00 4.670775e-01
8.326548e+00 3.358243e-01
1.013222e+01 2.180681e-01
1.233516e+01 1.391411e-01
1.501191e+01 7.925441e-02
1.827092e+01 4.637906e-02
2.223378e+01 3.389685e-02
2.704444e+01 1.908884e-02
