1.075732e+00 2.086455e+02
1.238665e+00 1.856740e+02
1.426277e+00 1.660977e+02
1.642305e+00 1.507925e+02
1.891054e+00 1.390698e+02
2.177479e+00 1.257207e+02
2.507286e+00 1.145884e+02
2.887047e+00 1.057479e+02
3.324328e+00 9.861595e+01
3.827841e+00 9.145288e+01
4.407617e+00 8.670817e+01
5.075209e+00 8.097243e+01
5.843915e+00 7.456794e+01
6.729052e+00 6.799164e+01
7.748255e+00 6.135046e+01
8.921829e+00 5.384948e+01
1.027316e+01 4.594748e+01
1.182916e+01 3.805073e+01
1.362084e+01 2.957803e+01
1.568389e+01 2.084270e+01
1.805942e+01 1.216287e+01
2.079476e+01 4.461172e+00
2.394440e+01 2.771017e-01
2.757109e+01 -8.785898e-01
