4.630765e-03 5.000000e-01 4.121306e+00
0.000000e+00 1.500000e+00 nan
7.809519e-01 2.500000e+00 1.000000e+00
8.840233e-01 3.500000e+00 1.000000e+00
0.000000e+00 4.500000e+00 nan
7.742010e-01 5.500000e+00 -1.700000e+01
4.176729e-01 6.500000e+00 1.000000e+00
4.829701e-01 7.500000e+00 1.000000e+00
0.000000e+00 8.500000e+00 nan
5.326753e-01 9.500000e+00 1.000000e+00
8.185242e-01 1.050000e+01 -5.000000e+00
7.495348e-01 1.150000e+01 -3.000000e+00
8.510464e-01 1.250000e+01 -3.500000e+00
0.000000e+00 1.350000e+01 nan
0.000000e+00 1.450000e+01 nan
4.520268e-01 1.550000e+01 1.000000e+00
6.486099e-01 1.650000e+01 1.000000e+00
8.262084e-01 1.750000e+01 1.000000e+00
0.000000e+00 1.850000e+01 nan
0.000000e+00 1.950000e+01 nan
0.000000e+00 2.050000e+01 nan
6.387095e-01 2.150000e+01 -5.000000e+00
6.842581e-01 2.250000e+01 1.600000e+01
4.188342e-01 2.350000e+01 1.000000e+00
6.649975e-01 2.450000e+01 1.000000e+00
1.227624e+00 5.000000e-01 3.250000e+01
1.493637e+00 1.500000e+00 8.200000e+01
1.630967e+00 2.500000e+00 3.000000e+00
1.218846e+00 3.500000e+00 -3.800000e+00
1.414372e+00 4.500000e+00 7.272727e-01
1.338630e+00 5.500000e+00 3.000000e+00
1.682121e+00 6.500000e+00 0.000000e+00
1.614408e+00 7.500000e+00 7.000000e+00
1.666186e+00 8.500000e+00 -3.500000e+00
1.254747e+00 9.500000e+00 -1.700000e+01
1.333164e+00 1.050000e+01 -1.300000e+01
1.639577e+00 1.150000e+01 -5.000000e+00
1.575445e+00 1.250000e+01 2.500000e-01
1.366098e+00 1.350000e+01 -2.000000e+00
1.406474e+00 1.450000e+01 5.500000e+00
1.663348e+00 1.550000e+01 3.250000e+00
1.669402e+00 1.650000e+01 1.000000e+00
1.852272e+00 1.750000e+01 -3.500000e+00
1.438329e+00 1.850000e+01 -2.900000e+01
1.493739e+00 1.950000e+01 -4.250000e+00
1.623413e+00 2.050000e+01 1.750000e+00
1.521297e+00 2.150000e+01 1.000000e+00
1.615660e+00 2.250000e+01 -1.000000e+00
1.419262e+00 2.350000e+01 0.000000e+00
1.465411e+00 2.450000e+01 4.000000e-01
2.469552e+00 5.000000e-01 7.000000e+00
2.354876e+00 1.500000e+00 5.714286e+00
2.484746e+00 2.500000e+00 1.000000e+00
2.463340e+00 3.500000e+00 2.714286e+00
2.770728e+00 4.500000e+00 1.000000e+00
2.602204e+00 5.500000e+00 -6.666667e-01
2.715656e+00 6.500000e+00 -5.000000e+00
2.521140e+00 7.500000e+00 2.500000e-01
2.703330e+00 8.500000e+00 -4.000000e+00
2.452386e+00 9.500000e+00 -5.000000e-01
2.651654e+00 1.050000e+01 1.000000e+00
2.221791e+00 1.150000e+01 -2.600000e+00
2.525309e+00 1.250000e+01 -2.600000e+00
2.488601e+00 1.350000e+01 5.000000e-01
2.457860e+00 1.450000e+01 2.500000e+00
2.559980e+00 1.550000e+01 3.500000e+00
2.065639e+00 1.650000e+01 -3.500000e+00
2.738009e+00 1.750000e+01 -1.454545e+00
2.469765e+00 1.850000e+01 7.000000e-01
2.443930e+00 1.950000e+01 -2.000000e+00
2.456886e+00 2.050000e+01 -5.600000e+00
2.411776e+00 2.150000e+01 -1.400000e+01
2.645046e+00 2.250000e+01 -4.142857e+00
2.583936e+00 2.350000e+01 -5.000000e+00
2.613678e+00 2.450000e+01 -1.250000e-01
3.284921e+00 5.000000e-01 3.333333e+00
3.496637e+00 1.500000e+00 1.230769e+00
3.611162e+00 2.500000e+00 5.500000e+00
3.816561e+00 3.500000e+00 -6.363636e-01
3.478048e+00 4.500000e+00 -5.000000e-01
3.588146e+00 5.500000e+00 2.285714e+00
3.501149e+00 6.500000e+00 5.000000e-01
3.371821e+00 7.500000e+00 -5.000000e+00
3.492024e+00 8.500000e+00 3.076923e+00
3.648894e+00 9.500000e+00 1.857143e+00
3.530428e+00 1.050000e+01 3.000000e+00
3.483998e+00 1.150000e+01 1.000000e+00
3.392302e+00 1.250000e+01 -2.461538e+00
3.705179e+00 1.350000e+01 -2.750000e+00
3.615461e+00 1.450000e+01 -1.000000e+00
3.541187e+00 1.550000e+01 2.000000e+00
3.586977e+00 1.650000e+01 -1.250000e+01
3.341259e+00 1.750000e+01 4.000000e-01
3.444453e+00 1.850000e+01 -2.000000e-01
3.703604e+00 1.950000e+01 -3.090909e+00
3.509809e+00 2.050000e+01 2.384615e+00
3.466447e+00 2.150000e+01 -1.625000e+00
3.616261e+00 2.250000e+01 -2.750000e+00
3.462368e+00 2.350000e+01 1.428571e+00
3.718820e+00 2.450000e+01 -6.500000e+00
4.480384e+00 5.000000e-01 5.800000e+00
4.558185e+00 1.500000e+00 1.000000e+00
4.566507e+00 2.500000e+00 4.000000e+00
4.620487e+00 3.500000e+00 2.166667e+00
4.571000e+00 4.500000e+00 -1.538462e+00
4.567408e+00 5.500000e+00 1.500000e+00
4.518754e+00 6.500000e+00 2.250000e+00
4.652038e+00 7.500000e+00 -2.000000e-01
4.376612e+00 8.500000e+00 -9.411765e-01
4.462154e+00 9.500000e+00 4.000000e+00
4.380860e+00 1.050000e+01 1.375000e+00
4.548761e+00 1.150000e+01 -5.000000e-01
4.580208e+00 1.250000e+01 -1.000000e+00
4.737451e+00 1.350000e+01 -3.000000e+00
4.572152e+00 1.450000e+01 -1.700000e+00
4.546818e+00 1.550000e+01 -1.600000e+00
4.554942e+00 1.650000e+01 -1.000000e+00
4.430063e+00 1.750000e+01 -2.428571e+00
4.502942e+00 1.850000e+01 -2.300000e+00
4.548772e+00 1.950000e+01 -5.000000e-01
4.485027e+00 2.050000e+01 -7.142857e-02
4.508016e+00 2.150000e+01 -6.153846e-01
4.476373e+00 2.250000e+01 1.818182e+00
4.475257e+00 2.350000e+01 -6.875000e-01
4.419040e+00 2.450000e+01 -2.000000e+00
5.561400e+00 5.000000e-01 3.166667e+00
5.335449e+00 1.500000e+00 1.818182e-01
5.689781e+00 2.500000e+00 1.000000e+00
5.381012e+00 3.500000e+00 0.000000e+00
5.505165e+00 4.500000e+00 -3.125000e+00
5.504155e+00 5.500000e+00 -1.727273e+00
5.512981e+00 6.500000e+00 1.666667e-01
5.548788e+00 7.500000e+00 8.333333e-01
5.590067e+00 8.500000e+00 -1.571429e+00
5.655888e+00 9.500000e+00 -4.210526e-01
5.547929e+00 1.050000e+01 -5.000000e+00
5.582828e+00 1.150000e+01 -1.052632e+00
5.606815e+00 1.250000e+01 -1.181818e+00
5.480531e+00 1.350000e+01 2.666667e+00
5.579515e+00 1.450000e+01 -4.250000e+00
5.500769e+00 1.550000e+01 -3.909091e+00
5.477628e+00 1.650000e+01 -5.882353e-02
5.532402e+00 1.750000e+01 -1.538462e+00
5.582201e+00 1.850000e+01 -2.333333e+00
5.478599e+00 1.950000e+01 1.000000e+00
5.415535e+00 2.050000e+01 -2.352941e-01
5.612461e+00 2.150000e+01 2.941176e-01
5.409856e+00 2.250000e+01 -1.571429e+00
5.473067e+00 2.350000e+01 -1.062500e+00
5.466109e+00 2.450000e+01 -4.181818e+00
6.379548e+00 5.000000e-01 2.875000e+00
6.511878e+00 1.500000e+00 -4.210526e-01
6.620831e+00 2.500000e+00 2.500000e-01
6.376761e+00 3.500000e+00 1.214286e+00
6.567906e+00 4.500000e+00 2.500000e+00
6.582994e+00 5.500000e+00 -3.875000e+00
6.554646e+00 6.500000e+00 2.400000e+00
6.445647e+00 7.500000e+00 4.375000e-01
6.470544e+00 8.500000e+00 1.214286e+00
6.539799e+00 9.500000e+00 2.500000e-01
6.493460e+00 1.050000e+01 -5.000000e-01
6.420720e+00 1.150000e+01 -1.666667e-01
6.584752e+00 1.250000e+01 2.200000e+00
6.458804e+00 1.350000e+01 -1.200000e+00
6.475035e+00 1.450000e+01 -2.250000e+00
6.616584e+00 1.550000e+01 -2.176471e+00
6.463205e+00 1.650000e+01 -4.526316e+00
6.519385e+00 1.750000e+01 -4.714286e+00
6.540217e+00 1.850000e+01 -2.142857e+00
6.387004e+00 1.950000e+01 -1.666667e+00
6.645383e+00 2.050000e+01 -6.666667e-01
6.586936e+00 2.150000e+01 -3.846154e-01
6.585738e+00 2.250000e+01 5.909091e-01
6.443104e+00 2.350000e+01 -2.187500e+00
6.601920e+00 2.450000e+01 -5.000000e-02
7.478234e+00 5.000000e-01 -2.200000e+00
7.471910e+00 1.500000e+00 2.500000e-01
7.489130e+00 2.500000e+00 3.750000e+00
7.578406e+00 3.500000e+00 3.294118e+00
7.507607e+00 4.500000e+00 4.200000e+00
7.551363e+00 5.500000e+00 1.000000e+00
7.517391e+00 6.500000e+00 0.000000e+00
7.531751e+00 7.500000e+00 -4.000000e-01
7.543891e+00 8.500000e+00 -1.200000e+00
7.481986e+00 9.500000e+00 2.500000e-01
7.527462e+00 1.050000e+01 -8.000000e-01
7.587249e+00 1.150000e+01 2.500000e+00
7.473814e+00 1.250000e+01 1.600000e-01
7.670148e+00 1.350000e+01 -3.125000e+00
7.411865e+00 1.450000e+01 -2.857143e-01
7.475150e+00 1.550000e+01 -2.000000e+00
7.445543e+00 1.650000e+01 -2.400000e+00
7.464178e+00 1.750000e+01 -2.692308e-01
7.552375e+00 1.850000e+01 -6.000000e-01
7.431988e+00 1.950000e+01 -2.000000e+00
7.523803e+00 2.050000e+01 7.500000e-01
7.543382e+00 2.150000e+01 -3.153846e+00
7.472586e+00 2.250000e+01 -2.157895e+00
7.584489e+00 2.350000e+01 -2.214286e+00
7.536459e+00 2.450000e+01 -1.040000e+00
8.414722e+00 5.000000e-01 -5.473684e+00
8.631218e+00 1.500000e+00 -1.823529e+00
8.465715e+00 2.500000e+00 -1.400000e+00
8.465650e+00 3.500000e+00 3.478261e-01
8.516200e+00 4.500000e+00 1.130435e+00
8.438879e+00 5.500000e+00 5.200000e-01
8.466288e+00 6.500000e+00 1.875000e+00
8.460817e+00 7.500000e+00 -2.461538e+00
8.610464e+00 8.500000e+00 -1.217391e+00
8.471732e+00 9.500000e+00 -1.250000e-01
8.450665e+00 1.050000e+01 -6.875000e-01
8.470692e+00 1.150000e+01 -2.321429e+00
8.503553e+00 1.250000e+01 -3.090909e+00
8.544365e+00 1.350000e+01 -8.888889e-01
8.643937e+00 1.450000e+01 -2.857143e+00
8.452527e+00 1.550000e+01 -2.000000e+00
8.566903e+00 1.650000e+01 7.692308e-01
8.556910e+00 1.750000e+01 1.705882e+00
8.553558e+00 1.850000e+01 -3.333333e-01
8.529411e+00 1.950000e+01 -1.684211e+00
8.428330e+00 2.050000e+01 1.333333e+00
8.335107e+00 2.150000e+01 -1.200000e+00
8.532588e+00 2.250000e+01 -4.210526e-01
8.482337e+00 2.350000e+01 -3.071429e+00
8.482228e+00 2.450000e+01 -3.000000e-01
9.551657e+00 5.000000e-01 1.720000e+00
9.563340e+00 1.500000e+00 -1.700000e+00
9.473604e+00 2.500000e+00 7.272727e-01
9.565021e+00 3.500000e+00 -7.500000e-01
9.485217e+00 4.500000e+00 -3.200000e+00
9.551512e+00 5.500000e+00 -1.379310e+00
9.406631e+00 6.500000e+00 8.695652e-01
9.582381e+00 7.500000e+00 6.250000e-01
9.534421e+00 8.500000e+00 1.214286e+00
9.428436e+00 9.500000e+00 -2.857143e-01
9.383601e+00 1.050000e+01 4.782609e-01
9.452616e+00 1.150000e+01 -2.187500e-01
9.436798e+00 1.250000e+01 -1.217391e+00
9.554668e+00 1.350000e+01 -1.111111e-01
9.436152e+00 1.450000e+01 1.818182e-01
9.571490e+00 1.550000e+01 7.750000e-01
9.466854e+00 1.650000e+01 -6.500000e-01
9.473140e+00 1.750000e+01 1.120000e+00
9.490186e+00 1.850000e+01 -1.818182e-01
9.539262e+00 1.950000e+01 2.500000e-01
9.610790e+00 2.050000e+01 -5.600000e-01
9.536339e+00 2.150000e+01 -2.473684e+00
9.456695e+00 2.250000e+01 2.500000e-01
9.578830e+00 2.350000e+01 -4.600000e+00
9.555840e+00 2.450000e+01 -2.473684e+00
1.039080e+01 5.000000e-01 -1.823529e+00
1.048456e+01 1.500000e+00 1.200000e+00
1.046506e+01 2.500000e+00 -2.103448e+00
1.051588e+01 3.500000e+00 -6.071429e-01
1.045816e+01 4.500000e+00 8.125000e-01
1.034832e+01 5.500000e+00 -1.318182e+00
1.051219e+01 6.500000e+00 -2.310345e+00
1.041600e+01 7.500000e+00 1.875000e+00
1.060616e+01 8.500000e+00 7.142857e-01
1.049419e+01 9.500000e+00 -5.750000e-01
1.055568e+01 1.050000e+01 -3.928571e-01
1.053325e+01 1.150000e+01 4.642857e-01
1.057678e+01 1.250000e+01 -2.923077e+00
1.058353e+01 1.350000e+01 -4.482759e-01
1.050233e+01 1.450000e+01 -1.217391e+00
1.044107e+01 1.550000e+01 7.000000e-01
1.049932e+01 1.650000e+01 1.222222e+00
1.059831e+01 1.750000e+01 -3.125000e-01
1.047864e+01 1.850000e+01 4.545455e-01
1.044587e+01 1.950000e+01 2.500000e-01
1.041253e+01 2.050000e+01 -1.678571e+00
1.048322e+01 2.150000e+01 -4.000000e-01
1.051896e+01 2.250000e+01 -1.040000e+00
1.056763e+01 2.350000e+01 -2.125000e+00
1.051810e+01 2.450000e+01 -2.450000e+00
1.159345e+01 5.000000e-01 4.642857e-01
1.148879e+01 1.500000e+00 -7.272727e-01
1.146687e+01 2.500000e+00 -2.571429e+00
1.164067e+01 3.500000e+00 -7.833333e+00
1.141903e+01 4.500000e+00 -4.571429e-01
1.147803e+01 5.500000e+00 8.000000e-01
1.158554e+01 6.500000e+00 -2.360000e+00
1.142354e+01 7.500000e+00 -3.000000e-01
1.148920e+01 8.500000e+00 0.000000e+00
1.148846e+01 9.500000e+00 -1.464286e+00
1.147033e+01 1.050000e+01 -3.783784e-01
1.148889e+01 1.150000e+01 -5.000000e-01
1.153426e+01 1.250000e+01 6.842105e-01
1.150578e+01 1.350000e+01 2.111111e+00
1.144675e+01 1.450000e+01 2.043478e+00
1.149028e+01 1.550000e+01 2.038462e+00
1.159298e+01 1.650000e+01 3.414634e-01
1.152503e+01 1.750000e+01 1.260870e+00
1.150891e+01 1.850000e+01 0.000000e+00
1.149725e+01 1.950000e+01 1.891892e-01
1.160157e+01 2.050000e+01 1.115385e+00
1.148477e+01 2.150000e+01 -1.739130e-01
1.149599e+01 2.250000e+01 -1.379310e+00
1.149464e+01 2.350000e+01 6.400000e-01
1.153705e+01 2.450000e+01 7.931034e-01
1.247118e+01 5.000000e-01 -1.869565e+00
1.250765e+01 1.500000e+00 -1.777778e+00
1.250762e+01 2.500000e+00 -1.314286e+00
1.242785e+01 3.500000e+00 -3.076923e-01
1.252869e+01 4.500000e+00 -5.428571e-01
1.249447e+01 5.500000e+00 -8.387097e-01
1.250430e+01 6.500000e+00 -5.000000e-01
1.243489e+01 7.500000e+00 1.375000e+00
1.255197e+01 8.500000e+00 -5.000000e-01
1.256224e+01 9.500000e+00 -7.812500e-01
1.258568e+01 1.050000e+01 -2.000000e-01
1.249810e+01 1.150000e+01 -4.000000e-01
1.260365e+01 1.250000e+01 -3.200000e-01
1.246913e+01 1.350000e+01 3.029412e+00
1.248139e+01 1.450000e+01 -9.090909e-01
1.243043e+01 1.550000e+01 -8.000000e-01
1.250509e+01 1.650000e+01 -1.520000e+00
1.251180e+01 1.750000e+01 -1.612903e-01
1.260368e+01 1.850000e+01 -2.677419e+00
1.251765e+01 1.950000e+01 -3.928571e-01
1.253751e+01 2.050000e+01 9.230769e-01
1.251583e+01 2.150000e+01 -1.000000e+00
1.256091e+01 2.250000e+01 -8.620690e-01
1.250943e+01 2.350000e+01 5.312500e-01
1.256488e+01 2.450000e+01 1.555556e+00
1.353181e+01 5.000000e-01 1.357143e+00
1.342667e+01 1.500000e+00 -3.000000e-01
1.355140e+01 2.500000e+00 1.083333e+00
1.347701e+01 3.500000e+00 1.090909e+00
1.357924e+01 4.500000e+00 -7.142857e-01
1.348467e+01 5.500000e+00 -1.760000e+00
1.351320e+01 6.500000e+00 -3.125000e-01
1.353508e+01 7.500000e+00 1.000000e+00
1.340797e+01 8.500000e+00 3.225806e-02
1.342700e+01 9.500000e+00 -2.486486e+00
1.346852e+01 1.050000e+01 -6.428571e-01
1.358153e+01 1.150000e+01 5.588235e-01
1.345756e+01 1.250000e+01 6.571429e-01
1.357598e+01 1.350000e+01 -1.129032e+00
1.344596e+01 1.450000e+01 7.352941e-01
1.358708e+01 1.550000e+01 7.500000e-01
1.350363e+01 1.650000e+01 -1.842105e-01
1.353464e+01 1.750000e+01 7.352941e-01
1.351008e+01 1.850000e+01 -1.428571e-01
1.350636e+01 1.950000e+01 -4.318182e+00
1.348256e+01 2.050000e+01 -2.648649e+00
1.341576e+01 2.150000e+01 -1.351351e+00
1.350273e+01 2.250000e+01 -4.594595e-01
1.356204e+01 2.350000e+01 2.727273e-01
1.351680e+01 2.450000e+01 -1.280000e+00
1.448478e+01 5.000000e-01 1.500000e+00
1.443890e+01 1.500000e+00 6.842105e-01
1.454203e+01 2.500000e+00 8.846154e-01
1.449315e+01 3.500000e+00 -1.742857e+00
1.453646e+01 4.500000e+00 -2.840000e+00
1.451868e+01 5.500000e+00 -1.785714e+00
1.449997e+01 6.500000e+00 -3.846154e-01
1.448999e+01 7.500000e+00 -9.411765e-01
1.449286e+01 8.500000e+00 1.219512e-01
1.459060e+01 9.500000e+00 -9.285714e-01
1.457136e+01 1.050000e+01 1.000000e+00
1.454409e+01 1.150000e+01 8.571429e-01
1.461903e+01 1.250000e+01 3.750000e-01
1.451613e+01 1.350000e+01 1.266667e+00
1.449491e+01 1.450000e+01 5.000000e-01
1.449712e+01 1.550000e+01 -9.736842e-01
1.446534e+01 1.650000e+01 1.266667e+00
1.452936e+01 1.750000e+01 -1.189189e+00
1.452312e+01 1.850000e+01 6.363636e-01
1.446677e+01 1.950000e+01 -9.615385e-01
1.456239e+01 2.050000e+01 -2.450000e+00
1.455986e+01 2.150000e+01 -6.666667e-01
1.441580e+01 2.250000e+01 1.000000e+00
1.451595e+01 2.350000e+01 1.804878e+00
1.446591e+01 2.450000e+01 7.000000e-01
1.555568e+01 5.000000e-01 -1.250000e-01
1.554809e+01 1.500000e+00 1.567568e+00
1.551987e+01 2.500000e+00 -5.000000e-01
1.549400e+01 3.500000e+00 -9.090909e-02
1.557598e+01 4.500000e+00 9.423077e-01
1.549759e+01 5.500000e+00 9.142857e-01
1.550373e+01 6.500000e+00 -3.695652e-01
1.543096e+01 7.500000e+00 -1.175000e+00
1.553602e+01 8.500000e+00 -7.692308e-02
1.559443e+01 9.500000e+00 1.000000e+00
1.553271e+01 1.050000e+01 -1.071429e+00
1.560556e+01 1.150000e+01 1.136364e+00
1.553227e+01 1.250000e+01 8.085106e-01
1.554138e+01 1.350000e+01 2.826087e-01
1.546775e+01 1.450000e+01 -1.368421e+00
1.549325e+01 1.550000e+01 8.000000e-01
1.550631e+01 1.650000e+01 -1.860465e-01
1.544995e+01 1.750000e+01 1.428571e-01
1.549852e+01 1.850000e+01 -1.270270e+00
1.552150e+01 1.950000e+01 -2.500000e-01
1.553740e+01 2.050000e+01 -1.470588e+00
1.546516e+01 2.150000e+01 1.073171e+00
1.551675e+01 2.250000e+01 2.325581e-02
1.563592e+01 2.350000e+01 4.857143e-01
1.555539e+01 2.450000e+01 4.418605e-01
1.647969e+01 5.000000e-01 1.540000e+00
1.656804e+01 1.500000e+00 1.272727e-01
1.645919e+01 2.500000e+00 1.656250e+00
1.637761e+01 3.500000e+00 1.486486e+00
1.648026e+01 4.500000e+00 2.916667e+00
1.651402e+01 5.500000e+00 2.500000e-01
1.648495e+01 6.500000e+00 7.272727e-01
1.659988e+01 7.500000e+00 5.312500e-01
1.647467e+01 8.500000e+00 6.666667e-02
1.651591e+01 9.500000e+00 6.250000e-02
1.648151e+01 1.050000e+01 1.697674e+00
1.645530e+01 1.150000e+01 5.909091e-01
1.648122e+01 1.250000e+01 5.333333e-01
1.650780e+01 1.350000e+01 -8.292683e-01
1.648318e+01 1.450000e+01 1.250000e-01
1.647047e+01 1.550000e+01 4.666667e-01
1.648231e+01 1.650000e+01 2.024390e+00
1.641492e+01 1.750000e+01 -1.707317e-01
1.646920e+01 1.850000e+01 -4.318182e-01
1.654894e+01 1.950000e+01 1.000000e-01
1.656417e+01 2.050000e+01 1.225000e+00
1.652137e+01 2.150000e+01 2.653061e-01
1.647286e+01 2.250000e+01 -3.571429e-01
1.653186e+01 2.350000e+01 1.324324e+00
1.651413e+01 2.450000e+01 1.750000e-01
1.747786e+01 5.000000e-01 -8.260870e-01
1.755727e+01 1.500000e+00 8.085106e-01
1.745307e+01 2.500000e+00 -1.170213e+00
1.747404e+01 3.500000e+00 1.266667e+00
1.749105e+01 4.500000e+00 4.130435e-01
1.747892e+01 5.500000e+00 6.875000e-01
1.752334e+01 6.500000e+00 -9.714286e-01
1.747127e+01 7.500000e+00 -5.652174e-01
1.751099e+01 8.500000e+00 -5.000000e-01
1.746902e+01 9.500000e+00 1.073171e+00
1.750465e+01 1.050000e+01 8.928571e-02
1.752498e+01 1.150000e+01 1.225000e+00
1.746747e+01 1.250000e+01 -6.500000e-01
1.758352e+01 1.350000e+01 -1.842105e-01
1.755719e+01 1.450000e+01 4.310345e-01
1.747015e+01 1.550000e+01 5.714286e-01
1.745403e+01 1.650000e+01 -4.081633e-02
1.745545e+01 1.750000e+01 5.882353e-02
1.743540e+01 1.850000e+01 1.236842e+00
1.749949e+01 1.950000e+01 8.461538e-01
1.755724e+01 2.050000e+01 1.957447e+00
1.748136e+01 2.150000e+01 1.837209e+00
1.750629e+01 2.250000e+01 1.724138e-02
1.756862e+01 2.350000e+01 7.500000e-01
1.749543e+01 2.450000e+01 9.230769e-01
1.854139e+01 5.000000e-01 1.818182e-01
1.844876e+01 1.500000e+00 -1.035714e+00
1.853105e+01 2.500000e+00 7.857143e-01
1.850518e+01 3.500000e+00 7.500000e-01
1.848431e+01 4.500000e+00 1.692308e+00
1.851060e+01 5.500000e+00 7.368421e-01
1.852869e+01 6.500000e+00 7.142857e-02
1.849938e+01 7.500000e+00 1.720000e+00
1.850647e+01 8.500000e+00 1.000000e+00
1.851313e+01 9.500000e+00 2.105263e-01
1.850965e+01 1.050000e+01 4.255319e-01
1.853407e+01 1.150000e+01 1.255319e+00
1.847804e+01 1.250000e+01 0.000000e+00
1.860890e+01 1.350000e+01 1.928571e+00
1.844311e+01 1.450000e+01 1.206897e-01
1.848019e+01 1.550000e+01 5.263158e-01
1.849424e+01 1.650000e+01 -3.404255e-01
1.847836e+01 1.750000e+01 9.387755e-01
1.846408e+01 1.850000e+01 -2.439024e-01
1.840634e+01 1.950000e+01 1.411765e+00
1.851161e+01 2.050000e+01 1.714286e+00
1.848765e+01 2.150000e+01 1.709091e+00
1.845978e+01 2.250000e+01 8.085106e-01
1.855788e+01 2.350000e+01 -3.269231e-01
1.854054e+01 2.450000e+01 1.923077e+00
1.945906e+01 5.000000e-01 5.714286e-01
1.950345e+01 1.500000e+00 0.000000e+00
1.950351e+01 2.500000e+00 1.375000e+00
1.946021e+01 3.500000e+00 8.363636e-01
1.947412e+01 4.500000e+00 5.116279e-01
1.951097e+01 5.500000e+00 1.666667e-01
1.946239e+01 6.500000e+00 1.327273e+00
1.960158e+01 7.500000e+00 1.857143e+00
1.952205e+01 8.500000e+00 4.489796e-01
1.945771e+01 9.500000e+00 4.545455e-01
1.955708e+01 1.050000e+01 -5.882353e-02
1.954364e+01 1.150000e+01 -7.307692e-01
1.947893e+01 1.250000e+01 1.000000e+00
1.944944e+01 1.350000e+01 7.096774e-01
1.947178e+01 1.450000e+01 1.000000e+00
1.948200e+01 1.550000e+01 1.724138e-02
1.953712e+01 1.650000e+01 1.625000e+00
1.947888e+01 1.750000e+01 1.176471e-01
1.949313e+01 1.850000e+01 1.255319e+00
1.946628e+01 1.950000e+01 4.098361e-01
1.951959e+01 2.050000e+01 1.076923e+00
1.944846e+01 2.150000e+01 5.961538e-01
1.943363e+01 2.250000e+01 1.488372e+00
1.950724e+01 2.350000e+01 2.040816e-02
1.947803e+01 2.450000e+01 -6.666667e-01
2.047845e+01 5.000000e-01 1.923077e-01
2.057143e+01 1.500000e+00 1.195652e+00
2.053894e+01 2.500000e+00 9.104478e-01
2.048815e+01 3.500000e+00 8.846154e-01
2.050103e+01 4.500000e+00 7.368421e-01
2.053553e+01 5.500000e+00 1.555556e+00
2.051386e+01 6.500000e+00 1.244898e+00
2.054591e+01 7.500000e+00 7.209302e-01
2.052497e+01 8.500000e+00 1.048387e+00
2.047076e+01 9.500000e+00 8.947368e-01
2.053293e+01 1.050000e+01 1.600000e-01
2.054651e+01 1.150000e+01 3.400000e-01
2.049117e+01 1.250000e+01 4.117647e-01
2.055934e+01 1.350000e+01 1.000000e+00
2.048070e+01 1.450000e+01 -2.692308e-01
2.043649e+01 1.550000e+01 -5.576923e-01
2.047246e+01 1.650000e+01 -9.200000e-01
2.053710e+01 1.750000e+01 1.000000e+00
2.051313e+01 1.850000e+01 1.900000e+00
2.057886e+01 1.950000e+01 9.361702e-01
2.052205e+01 2.050000e+01 1.625000e+00
2.054254e+01 2.150000e+01 -1.785714e-02
2.056432e+01 2.250000e+01 1.724138e-02
2.049687e+01 2.350000e+01 3.333333e-01
2.047399e+01 2.450000e+01 4.000000e-01
2.149047e+01 5.000000e-01 4.230769e-01
2.153223e+01 1.500000e+00 -5.882353e-02
2.155021e+01 2.500000e+00 1.045455e+00
2.146203e+01 3.500000e+00 -7.755102e-01
2.152971e+01 4.500000e+00 2.241379e-01
2.156699e+01 5.500000e+00 1.818182e-02
2.150943e+01 6.500000e+00 1.807692e+00
2.142135e+01 7.500000e+00 1.195652e+00
2.143657e+01 8.500000e+00 1.979592e+00
2.150510e+01 9.500000e+00 8.000000e-01
2.147387e+01 1.050000e+01 -1.816327e+00
2.153831e+01 1.150000e+01 8.548387e-01
2.146839e+01 1.250000e+01 0.000000e+00
2.150179e+01 1.350000e+01 6.756757e-01
2.148887e+01 1.450000e+01 5.781250e-01
2.149125e+01 1.550000e+01 5.384615e-01
2.140839e+01 1.650000e+01 1.333333e-01
2.144067e+01 1.750000e+01 4.130435e-01
2.151722e+01 1.850000e+01 1.290323e-01
2.152397e+01 1.950000e+01 3.571429e-02
2.153949e+01 2.050000e+01 1.639344e-01
2.145946e+01 2.150000e+01 -9.565217e-01
2.152779e+01 2.250000e+01 2.500000e-01
2.153523e+01 2.350000e+01 1.333333e+00
2.149634e+01 2.450000e+01 8.604651e-01
2.247174e+01 5.000000e-01 4.230769e-01
2.252983e+01 1.500000e+00 -4.423077e-01
2.249891e+01 2.500000e+00 -5.762712e-01
2.245106e+01 3.500000e+00 1.218182e+00
2.249384e+01 4.500000e+00 1.436364e+00
2.250659e+01 5.500000e+00 1.333333e+00
2.245195e+01 6.500000e+00 1.190476e+00
2.251216e+01 7.500000e+00 5.178571e-01
2.251651e+01 8.500000e+00 -3.125000e-01
2.255000e+01 9.500000e+00 -2.295082e-01
2.253381e+01 1.050000e+01 1.193548e+00
2.246961e+01 1.150000e+01 -1.875000e-01
2.253031e+01 1.250000e+01 -3.770492e-01
2.241110e+01 1.350000e+01 -6.034483e-01
2.246566e+01 1.450000e+01 4.117647e-01
2.252416e+01 1.550000e+01 4.545455e-01
2.253557e+01 1.650000e+01 1.111111e+00
2.248642e+01 1.750000e+01 1.654545e+00
2.249567e+01 1.850000e+01 -3.928571e-01
2.251879e+01 1.950000e+01 2.653061e-01
2.255008e+01 2.050000e+01 1.081081e-01
2.255182e+01 2.150000e+01 -3.125000e-01
2.247433e+01 2.250000e+01 5.081967e-01
2.244753e+01 2.350000e+01 2.380952e-01
2.246554e+01 2.450000e+01 1.403846e+00
2.349952e+01 5.000000e-01 1.680000e+00
2.352458e+01 1.500000e+00 9.062500e-01
2.351954e+01 2.500000e+00 -3.529412e-01
2.343616e+01 3.500000e+00 3.888889e-01
2.353490e+01 4.500000e+00 1.000000e+00
2.350983e+01 5.500000e+00 7.945205e-01
2.347869e+01 6.500000e+00 8.695652e-01
2.348563e+01 7.500000e+00 7.894737e-01
2.360883e+01 8.500000e+00 5.471698e-01
2.346887e+01 9.500000e+00 3.500000e-01
2.347305e+01 1.050000e+01 -8.979592e-01
2.350518e+01 1.150000e+01 8.947368e-01
2.350745e+01 1.250000e+01 3.289474e-01
2.352854e+01 1.350000e+01 -8.461538e-01
2.352238e+01 1.450000e+01 -2.083333e-01
2.344287e+01 1.550000e+01 1.000000e+00
2.352632e+01 1.650000e+01 1.919355e+00
2.342848e+01 1.750000e+01 -2.321429e-01
2.349916e+01 1.850000e+01 8.676471e-01
2.353684e+01 1.950000e+01 1.864407e-01
2.355673e+01 2.050000e+01 1.857143e-01
2.350036e+01 2.150000e+01 1.044776e-01
2.344458e+01 2.250000e+01 -1.052632e+00
2.347008e+01 2.350000e+01 -9.038462e-01
2.345009e+01 2.450000e+01 3.114754e-01
2.454854e+01 5.000000e-01 1.774194e+00
2.449125e+01 1.500000e+00 1.684211e+00
2.445033e+01 2.500000e+00 8.064516e-01
2.447597e+01 3.500000e+00 -2.739726e-02
2.444308e+01 4.500000e+00 6.065574e-01
2.452061e+01 5.500000e+00 -6.119403e-01
2.454970e+01 6.500000e+00 2.816901e-02
2.448891e+01 7.500000e+00 -7.812500e-01
2.453382e+01 8.500000e+00 7.000000e-01
2.451529e+01 9.500000e+00 1.145161e+00
2.446653e+01 1.050000e+01 -4.810127e-01
2.444606e+01 1.150000e+01 -4.285714e-01
2.450638e+01 1.250000e+01 1.081081e-01
2.444169e+01 1.350000e+01 -7.884615e-01
2.450775e+01 1.450000e+01 -2.315789e+00
2.450106e+01 1.550000e+01 7.272727e-01
2.448136e+01 1.650000e+01 -3.333333e-01
2.440141e+01 1.750000e+01 -9.322034e-01
2.450952e+01 1.850000e+01 6.493506e-02
2.450276e+01 1.950000e+01 -3.944444e+00
2.453617e+01 2.050000e+01 -8.000000e-01
2.451896e+01 2.150000e+01 5.068493e-01
2.447128e+01 2.250000e+01 3.389831e-01
2.445879e+01 2.350000e+01 6.785714e-01
2.451554e+01 2.450000e+01 3.076923e-02
