2.055462e-01 5.000000e-01 7.562728e+00
6.647191e-01 1.500000e+00 3.375961e+00
6.645815e-01 2.500000e+00 1.384563e+00
6.699169e-01 3.500000e+00 -1.183369e+00
6.672486e-01 4.500000e+00 -4.331531e-01
6.684135e-01 5.500000e+00 -1.146717e+00
6.660820e-01 6.500000e+00 -2.184615e-01
6.685138e-01 7.500000e+00 1.219013e+00
6.670929e-01 8.500000e+00 1.832834e-01
6.679415e-01 9.500000e+00 -1.008654e+00
6.654328e-01 1.050000e+01 -1.870733e+00
6.660138e-01 1.150000e+01 -5.148861e-01
6.665131e-01 1.250000e+01 4.349522e-01
6.655103e-01 1.350000e+01 -2.267874e-01
6.659215e-01 1.450000e+01 -8.577640e-01
6.643634e-01 1.550000e+01 -4.358927e-01
6.661592e-01 1.650000e+01 -3.162716e-01
6.666850e-01 1.750000e+01 -6.243658e-01
6.677621e-01 1.850000e+01 -8.893315e-01
6.661215e-01 1.950000e+01 -1.832930e+00
6.660973e-01 2.050000e+01 -3.614563e-01
6.663423e-01 2.150000e+01 -9.961719e-01
6.659541e-01 2.250000e+01 -3.561871e-01
6.660807e-01 2.350000e+01 7.584019e-01
6.648718e-01 2.450000e+01 7.175120e-01
1.554763e+00 5.000000e-01 3.376092e+00
1.555466e+00 1.500000e+00 1.558951e+00
1.555187e+00 2.500000e+00 5.104898e-01
1.555622e+00 3.500000e+00 3.900953e-01
1.552766e+00 4.500000e+00 -6.026516e-01
1.555252e+00 5.500000e+00 8.898584e-02
1.555312e+00 6.500000e+00 2.594811e-01
1.555683e+00 7.500000e+00 -1.046439e-01
1.554896e+00 8.500000e+00 -2.674799e-01
1.556937e+00 9.500000e+00 -1.176167e+00
1.556403e+00 1.050000e+01 -1.826200e+00
1.556385e+00 1.150000e+01 -1.474512e+00
1.553621e+00 1.250000e+01 -1.834776e-01
1.555772e+00 1.350000e+01 1.308254e-01
1.558318e+00 1.450000e+01 -1.189725e-01
1.554204e+00 1.550000e+01 -7.811872e-01
1.554715e+00 1.650000e+01 -6.714026e-01
1.555742e+00 1.750000e+01 -3.137368e-02
1.555931e+00 1.850000e+01 -5.361188e-01
1.555762e+00 1.950000e+01 -7.656476e-01
1.555864e+00 2.050000e+01 -1.055385e+00
1.556970e+00 2.150000e+01 -2.380824e-01
1.554829e+00 2.250000e+01 1.728833e-01
1.556114e+00 2.350000e+01 2.850192e-01
1.557021e+00 2.450000e+01 5.013034e-01
2.534756e+00 5.000000e-01 1.511963e+00
2.536169e+00 1.500000e+00 6.249208e-01
2.532412e+00 2.500000e+00 -1.907457e-01
2.533425e+00 3.500000e+00 -2.504480e-01
2.534575e+00 4.500000e+00 -2.862435e-01
2.533690e+00 5.500000e+00 1.101319e-01
2.532640e+00 6.500000e+00 3.608665e-02
2.532654e+00 7.500000e+00 -1.440264e-01
2.533520e+00 8.500000e+00 -1.359925e-01
2.534309e+00 9.500000e+00 -3.963714e-01
2.532774e+00 1.050000e+01 -9.838367e-02
2.533057e+00 1.150000e+01 -8.720347e-02
2.532877e+00 1.250000e+01 -7.189890e-01
2.533572e+00 1.350000e+01 -1.081428e-01
2.532292e+00 1.450000e+01 1.210933e-02
2.533336e+00 1.550000e+01 -1.561673e-01
2.533671e+00 1.650000e+01 -2.400443e-01
2.532696e+00 1.750000e+01 -6.588077e-01
2.533252e+00 1.850000e+01 -7.007638e-01
2.533424e+00 1.950000e+01 -4.946136e-01
2.534916e+00 2.050000e+01 -5.766764e-01
2.532935e+00 2.150000e+01 -1.040809e-02
2.534227e+00 2.250000e+01 2.356657e-01
2.534029e+00 2.350000e+01 3.231593e-01
2.532949e+00 2.450000e+01 3.566508e-01
3.526113e+00 5.000000e-01 1.060740e+00
3.524111e+00 1.500000e+00 4.921679e-01
3.523990e+00 2.500000e+00 7.714133e-02
3.524396e+00 3.500000e+00 -2.892844e-01
3.525250e+00 4.500000e+00 2.536461e-01
3.523072e+00 5.500000e+00 -3.077790e-01
3.524037e+00 6.500000e+00 -3.613870e-02
3.524505e+00 7.500000e+00 5.129977e-03
3.524510e+00 8.500000e+00 -3.117579e-01
3.523458e+00 9.500000e+00 2.858005e-01
3.524889e+00 1.050000e+01 3.337066e-01
3.524827e+00 1.150000e+01 -1.572301e-01
3.524963e+00 1.250000e+01 -6.537460e-01
3.523005e+00 1.350000e+01 -9.692985e-01
3.524607e+00 1.450000e+01 -4.274039e-01
3.523863e+00 1.550000e+01 1.836023e-01
3.523248e+00 1.650000e+01 -3.120303e-01
3.522963e+00 1.750000e+01 -9.275865e-01
3.522861e+00 1.850000e+01 -8.762544e-01
3.525382e+00 1.950000e+01 -7.447558e-01
3.524638e+00 2.050000e+01 -2.658864e-01
3.523780e+00 2.150000e+01 -4.147389e-01
3.523923e+00 2.250000e+01 1.451473e-01
3.525549e+00 2.350000e+01 1.590215e-01
3.522716e+00 2.450000e+01 1.957687e-01
4.517850e+00 5.000000e-01 8.437332e-02
4.519863e+00 1.500000e+00 2.083512e-01
4.520393e+00 2.500000e+00 1.595062e-03
4.518548e+00 3.500000e+00 -1.554607e-01
4.519323e+00 4.500000e+00 -3.762407e-01
4.519241e+00 5.500000e+00 4.356193e-02
4.518711e+00 6.500000e+00 -2.680524e-01
4.517630e+00 7.500000e+00 -1.932664e-01
4.518634e+00 8.500000e+00 -2.126687e-02
4.518652e+00 9.500000e+00 6.031261e-02
4.519417e+00 1.050000e+01 -2.733236e-02
4.517969e+00 1.150000e+01 -2.625035e-01
4.517107e+00 1.250000e+01 -4.783566e-01
4.518624e+00 1.350000e+01 -6.060143e-01
4.517525e+00 1.450000e+01 -4.112384e-01
4.517827e+00 1.550000e+01 -6.792198e-01
4.519423e+00 1.650000e+01 -7.426544e-01
4.519005e+00 1.750000e+01 -4.326647e-01
4.517029e+00 1.850000e+01 -4.912391e-01
4.518399e+00 1.950000e+01 -1.825338e-01
4.517754e+00 2.050000e+01 1.958003e-03
4.518635e+00 2.150000e+01 -9.637533e-02
4.519024e+00 2.250000e+01 -3.792135e-01
4.518576e+00 2.350000e+01 -2.256190e-02
4.519220e+00 2.450000e+01 -1.770984e-01
5.514829e+00 5.000000e-01 -1.479006e-01
5.514812e+00 1.500000e+00 1.518715e-01
5.514842e+00 2.500000e+00 5.892987e-02
5.515904e+00 3.500000e+00 5.668768e-02
5.515451e+00 4.500000e+00 -2.174041e-01
5.516357e+00 5.500000e+00 -5.284270e-01
5.515443e+00 6.500000e+00 -3.361337e-01
5.515340e+00 7.500000e+00 -2.247769e-01
5.515558e+00 8.500000e+00 7.887185e-02
5.515272e+00 9.500000e+00 -1.972851e-01
5.514397e+00 1.050000e+01 -1.844476e-01
5.516203e+00 1.150000e+01 -1.313438e-01
5.514530e+00 1.250000e+01 -2.400127e-01
5.514670e+00 1.350000e+01 -4.096298e-01
5.514691e+00 1.450000e+01 -9.043372e-01
5.515444e+00 1.550000e+01 -7.727511e-01
5.515759e+00 1.650000e+01 -5.562394e-01
5.514275e+00 1.750000e+01 -6.016700e-01
5.515283e+00 1.850000e+01 -3.261622e-01
5.514572e+00 1.950000e+01 -2.164928e-01
5.514419e+00 2.050000e+01 -1.346995e-01
5.514477e+00 2.150000e+01 3.525446e-02
5.514662e+00 2.250000e+01 -3.962194e-01
5.515313e+00 2.350000e+01 -5.847416e-01
5.514971e+00 2.450000e+01 -9.958612e-02
6.513492e+00 5.000000e-01 -3.764600e-01
6.512882e+00 1.500000e+00 -3.359201e-01
6.513037e+00 2.500000e+00 2.405923e-01
6.513814e+00 3.500000e+00 1.541573e-01
6.513505e+00 4.500000e+00 7.518441e-02
6.512903e+00 5.500000e+00 -2.585975e-01
6.513333e+00 6.500000e+00 -5.639332e-01
6.512493e+00 7.500000e+00 -4.162527e-01
6.513364e+00 8.500000e+00 -2.512742e-01
6.513153e+00 9.500000e+00 1.435864e-01
6.513425e+00 1.050000e+01 -1.385248e-01
6.512672e+00 1.150000e+01 -1.011411e-01
6.512421e+00 1.250000e+01 3.728890e-02
6.513890e+00 1.350000e+01 -2.865755e-01
6.512671e+00 1.450000e+01 -5.200839e-01
6.512805e+00 1.550000e+01 -9.793637e-01
6.514023e+00 1.650000e+01 -7.554278e-01
6.512278e+00 1.750000e+01 -5.793460e-01
6.513549e+00 1.850000e+01 -3.476532e-01
6.512725e+00 1.950000e+01 -2.691594e-01
6.514043e+00 2.050000e+01 -3.618510e-01
6.513069e+00 2.150000e+01 -3.836171e-01
6.513134e+00 2.250000e+01 1.290981e-02
6.512872e+00 2.350000e+01 -1.381112e-01
6.512322e+00 2.450000e+01 -1.203826e-01
7.511839e+00 5.000000e-01 -4.706014e-01
7.511271e+00 1.500000e+00 -3.139804e-01
7.510896e+00 2.500000e+00 -1.737503e-01
7.511693e+00 3.500000e+00 1.882101e-01
7.511646e+00 4.500000e+00 1.363704e-01
7.511622e+00 5.500000e+00 9.842830e-03
7.510938e+00 6.500000e+00 -1.538375e-01
7.510284e+00 7.500000e+00 -3.194980e-01
7.511147e+00 8.500000e+00 -3.203646e-01
7.511965e+00 9.500000e+00 -4.001079e-01
7.511675e+00 1.050000e+01 -6.816258e-02
7.511088e+00 1.150000e+01 -4.828108e-02
7.510324e+00 1.250000e+01 -2.180867e-01
7.510995e+00 1.350000e+01 -1.100844e-01
7.510935e+00 1.450000e+01 -5.560583e-01
7.511144e+00 1.550000e+01 -7.317263e-01
7.511068e+00 1.650000e+01 -6.838481e-01
7.511806e+00 1.750000e+01 -2.966153e-01
7.510570e+00 1.850000e+01 -2.499482e-01
7.510956e+00 1.950000e+01 -2.176417e-01
7.510937e+00 2.050000e+01 -3.250908e-01
7.511437e+00 2.150000e+01 -2.954144e-01
7.511457e+00 2.250000e+01 -1.652576e-01
7.512080e+00 2.350000e+01 -4.238575e-02
7.510516e+00 2.450000e+01 -4.738197e-01
8.509981e+00 5.000000e-01 -4.405714e-01
8.509643e+00 1.500000e+00 -3.039121e-01
8.510182e+00 2.500000e+00 -4.086426e-01
8.509562e+00 3.500000e+00 -3.101108e-01
8.509121e+00 4.500000e+00 -2.084057e-01
8.510382e+00 5.500000e+00 -7.695319e-02
8.509913e+00 6.500000e+00 -1.708257e-01
8.508976e+00 7.500000e+00 -1.206642e-01
8.509358e+00 8.500000e+00 -4.111483e-01
8.509687e+00 9.500000e+00 -3.450996e-01
8.509765e+00 1.050000e+01 -3.315678e-01
8.508927e+00 1.150000e+01 -4.643828e-01
8.510866e+00 1.250000e+01 -3.272653e-01
8.509300e+00 1.350000e+01 -6.879958e-01
8.510261e+00 1.450000e+01 -5.880048e-01
8.509254e+00 1.550000e+01 -2.490972e-01
8.509940e+00 1.650000e+01 -2.064637e-01
8.509330e+00 1.750000e+01 -3.199982e-01
8.509901e+00 1.850000e+01 -9.516986e-02
8.510014e+00 1.950000e+01 -2.321284e-01
8.509445e+00 2.050000e+01 -1.482046e-01
8.509158e+00 2.150000e+01 -2.152633e-01
8.510666e+00 2.250000e+01 -4.881213e-01
8.509681e+00 2.350000e+01 -3.712958e-01
8.510144e+00 2.450000e+01 -2.142239e-01
9.508790e+00 5.000000e-01 -3.009080e-01
9.508787e+00 1.500000e+00 -3.419113e-01
9.508604e+00 2.500000e+00 -4.452283e-01
9.507796e+00 3.500000e+00 -3.716444e-01
9.508117e+00 4.500000e+00 -2.858211e-01
9.508683e+00 5.500000e+00 -3.040880e-01
9.508327e+00 6.500000e+00 3.640836e-02
9.509208e+00 7.500000e+00 -2.668175e-01
9.508620e+00 8.500000e+00 -4.069122e-01
9.508463e+00 9.500000e+00 -6.724791e-01
9.508882e+00 1.050000e+01 -5.035541e-01
9.508421e+00 1.150000e+01 -1.587228e-01
9.509207e+00 1.250000e+01 -5.585440e-01
9.508661e+00 1.350000e+01 -4.181979e-01
9.507860e+00 1.450000e+01 -3.001393e-01
9.508607e+00 1.550000e+01 -1.031466e-01
9.509005e+00 1.650000e+01 -2.105748e-01
9.508976e+00 1.750000e+01 -1.965185e-01
9.508735e+00 1.850000e+01 -5.103964e-01
9.507918e+00 1.950000e+01 -4.547625e-01
9.509381e+00 2.050000e+01 -4.245993e-01
9.509297e+00 2.150000e+01 -4.141069e-01
9.508015e+00 2.250000e+01 -4.708811e-01
9.508773e+00 2.350000e+01 -6.697783e-01
9.509067e+00 2.450000e+01 -4.446311e-01
1.050782e+01 5.000000e-01 2.819648e-02
1.050806e+01 1.500000e+00 -2.786769e-01
1.050886e+01 2.500000e+00 -3.039952e-01
1.050903e+01 3.500000e+00 -6.305125e-01
1.050797e+01 4.500000e+00 -4.969538e-01
1.050844e+01 5.500000e+00 -1.411898e-01
1.050770e+01 6.500000e+00 -2.955788e-01
1.050685e+01 7.500000e+00 -3.119718e-01
1.050832e+01 8.500000e+00 -4.162599e-01
1.050828e+01 9.500000e+00 -1.766793e-01
1.050782e+01 1.050000e+01 -3.584867e-01
1.050754e+01 1.150000e+01 -4.232249e-01
1.050872e+01 1.250000e+01 -3.385567e-01
1.050761e+01 1.350000e+01 -1.497844e-01
1.050759e+01 1.450000e+01 1.094087e-01
1.050843e+01 1.550000e+01 3.070638e-02
1.050838e+01 1.650000e+01 -3.002229e-03
1.050798e+01 1.750000e+01 -2.876663e-01
1.050807e+01 1.850000e+01 -2.935254e-01
1.050800e+01 1.950000e+01 -3.536413e-01
1.050867e+01 2.050000e+01 -5.128988e-01
1.050781e+01 2.150000e+01 -3.613998e-01
1.050742e+01 2.250000e+01 -3.386340e-01
1.050804e+01 2.350000e+01 -5.148159e-01
1.050734e+01 2.450000e+01 -5.986518e-01
1.150685e+01 5.000000e-01 -4.049363e-01
1.150718e+01 1.500000e+00 -3.978385e-01
1.150708e+01 2.500000e+00 -5.605325e-01
1.150682e+01 3.500000e+00 -3.001206e-01
1.150725e+01 4.500000e+00 -2.597095e-01
1.150801e+01 5.500000e+00 -2.629449e-01
1.150672e+01 6.500000e+00 -3.077315e-01
1.150711e+01 7.500000e+00 -2.696491e-01
1.150693e+01 8.500000e+00 -8.886241e-02
1.150733e+01 9.500000e+00 -2.724821e-01
1.150645e+01 1.050000e+01 -2.841075e-01
1.150596e+01 1.150000e+01 -4.456606e-01
1.150755e+01 1.250000e+01 -3.850898e-02
1.150704e+01 1.350000e+01 1.556896e-01
1.150657e+01 1.450000e+01 1.284891e-01
1.150735e+01 1.550000e+01 1.201151e-01
1.150736e+01 1.650000e+01 5.970973e-03
1.150749e+01 1.750000e+01 -1.410750e-01
1.150696e+01 1.850000e+01 -2.421457e-01
1.150783e+01 1.950000e+01 -2.334606e-01
1.150728e+01 2.050000e+01 -9.134152e-02
1.150707e+01 2.150000e+01 -3.507601e-01
1.150779e+01 2.250000e+01 -3.097197e-01
1.150598e+01 2.350000e+01 -1.133024e-01
1.150747e+01 2.450000e+01 -2.967852e-01
1.250592e+01 5.000000e-01 -2.584718e-01
1.250628e+01 1.500000e+00 -2.456917e-01
1.250704e+01 2.500000e+00 -3.708653e-01
1.250628e+01 3.500000e+00 -2.720276e-01
1.250755e+01 4.500000e+00 -2.671606e-01
1.250609e+01 5.500000e+00 -4.439888e-01
1.250725e+01 6.500000e+00 -2.462945e-01
1.250642e+01 7.500000e+00 -5.258852e-02
1.250637e+01 8.500000e+00 -1.796344e-01
1.250691e+01 9.500000e+00 -2.498383e-01
1.250629e+01 1.050000e+01 -4.274053e-01
1.250712e+01 1.150000e+01 -2.205650e-01
1.250648e+01 1.250000e+01 -1.335254e-01
1.250658e+01 1.350000e+01 3.491012e-02
1.250677e+01 1.450000e+01 4.495270e-02
1.250666e+01 1.550000e+01 1.369078e-01
1.250660e+01 1.650000e+01 -1.621657e-03
1.250654e+01 1.750000e+01 1.061879e-01
1.250647e+01 1.850000e+01 -3.768066e-02
1.250648e+01 1.950000e+01 -6.374817e-02
1.250682e+01 2.050000e+01 -2.020369e-01
1.250778e+01 2.150000e+01 -2.243608e-01
1.250742e+01 2.250000e+01 -2.505749e-01
1.250660e+01 2.350000e+01 -1.680031e-01
1.250762e+01 2.450000e+01 6.468299e-02
1.350585e+01 5.000000e-01 -1.587109e-01
1.350649e+01 1.500000e+00 -2.834021e-01
1.350632e+01 2.500000e+00 -1.319137e-01
1.350658e+01 3.500000e+00 -3.653740e-01
1.350638e+01 4.500000e+00 -4.027303e-01
1.350637e+01 5.500000e+00 -3.807954e-01
1.350604e+01 6.500000e+00 -3.101073e-01
1.350614e+01 7.500000e+00 -2.087420e-01
1.350599e+01 8.500000e+00 -2.787845e-01
1.350640e+01 9.500000e+00 -4.624920e-01
1.350668e+01 1.050000e+01 -4.218526e-01
1.350621e+01 1.150000e+01 -1.961371e-01
1.350602e+01 1.250000e+01 -2.021480e-01
1.350509e+01 1.350000e+01 -1.381536e-01
1.350575e+01 1.450000e+01 1.465638e-01
1.350552e+01 1.550000e+01 1.860696e-02
1.350666e+01 1.650000e+01 7.971665e-02
1.350649e+01 1.750000e+01 9.556243e-02
1.350694e+01 1.850000e+01 2.555229e-01
1.350645e+01 1.950000e+01 -8.185429e-03
1.350557e+01 2.050000e+01 -1.249844e-01
1.350585e+01 2.150000e+01 -1.193207e-01
1.350553e+01 2.250000e+01 -1.925185e-01
1.350615e+01 2.350000e+01 -3.173335e-01
1.350618e+01 2.450000e+01 -2.938077e-01
1.450588e+01 5.000000e-01 -2.605136e-01
1.450561e+01 1.500000e+00 -1.691579e-01
1.450541e+01 2.500000e+00 -2.117887e-01
1.450560e+01 3.500000e+00 -4.301839e-01
1.450548e+01 4.500000e+00 -7.581784e-01
1.450530e+01 5.500000e+00 -5.357416e-01
1.450622e+01 6.500000e+00 -4.347706e-01
1.450608e+01 7.500000e+00 -5.750512e-01
1.450600e+01 8.500000e+00 -2.623885e-01
1.450590e+01 9.500000e+00 -1.899658e-01
1.450622e+01 1.050000e+01 -1.036579e-01
1.450589e+01 1.150000e+01 -3.056806e-01
1.450520e+01 1.250000e+01 -1.740080e-01
1.450573e+01 1.350000e+01 -5.221250e-02
1.450578e+01 1.450000e+01 -5.614150e-02
1.450626e+01 1.550000e+01 1.087651e-01
1.450527e+01 1.650000e+01 2.700247e-01
1.450634e+01 1.750000e+01 2.541720e-01
1.450607e+01 1.850000e+01 6.780549e-02
1.450631e+01 1.950000e+01 1.461713e-03
1.450611e+01 2.050000e+01 -2.480088e-01
1.450579e+01 2.150000e+01 -6.385549e-02
1.450607e+01 2.250000e+01 -6.443662e-02
1.450457e+01 2.350000e+01 -1.621685e-01
1.450544e+01 2.450000e+01 -3.004066e-01
1.550610e+01 5.000000e-01 -3.613328e-01
1.550531e+01 1.500000e+00 -2.243201e-01
1.550522e+01 2.500000e+00 -1.914073e-01
1.550532e+01 3.500000e+00 -1.910760e-01
1.550502e+01 4.500000e+00 -1.718263e-01
1.550494e+01 5.500000e+00 -4.696466e-01
1.550573e+01 6.500000e+00 -5.540134e-01
1.550543e+01 7.500000e+00 -3.750555e-01
1.550547e+01 8.500000e+00 -4.533175e-01
1.550509e+01 9.500000e+00 -1.997228e-01
1.550417e+01 1.050000e+01 -7.335097e-02
1.550539e+01 1.150000e+01 -3.496704e-02
1.550564e+01 1.250000e+01 -1.633685e-01
1.550561e+01 1.350000e+01 -1.312524e-01
1.550522e+01 1.450000e+01 -9.801575e-02
1.550600e+01 1.550000e+01 1.426380e-01
1.550551e+01 1.650000e+01 1.079321e-01
1.550509e+01 1.750000e+01 8.159758e-02
1.550505e+01 1.850000e+01 -6.882635e-03
1.550497e+01 1.950000e+01 -1.137180e-01
1.550451e+01 2.050000e+01 1.552214e-01
1.550460e+01 2.150000e+01 -5.775576e-02
1.550591e+01 2.250000e+01 1.320546e-02
1.550511e+01 2.350000e+01 -5.484704e-02
1.550575e+01 2.450000e+01 -1.745407e-01
1.650563e+01 5.000000e-01 -3.425417e-01
1.650521e+01 1.500000e+00 -3.009531e-01
1.650483e+01 2.500000e+00 -3.540864e-01
1.650438e+01 3.500000e+00 -1.465934e-01
1.650509e+01 4.500000e+00 -2.558201e-02
1.650486e+01 5.500000e+00 -2.892450e-01
1.650496e+01 6.500000e+00 -2.929249e-01
1.650472e+01 7.500000e+00 -4.659285e-01
1.650525e+01 8.500000e+00 -3.859465e-01
1.650444e+01 9.500000e+00 -2.189988e-01
1.650539e+01 1.050000e+01 -8.379438e-02
1.650422e+01 1.150000e+01 6.949893e-03
1.650547e+01 1.250000e+01 1.624826e-02
1.650494e+01 1.350000e+01 -2.087112e-01
1.650470e+01 1.450000e+01 -7.581510e-02
1.650512e+01 1.550000e+01 -3.967730e-02
1.650483e+01 1.650000e+01 8.229852e-02
1.650533e+01 1.750000e+01 1.733715e-02
1.650482e+01 1.850000e+01 -1.748176e-02
1.650503e+01 1.950000e+01 8.472651e-02
1.650471e+01 2.050000e+01 1.084563e-01
1.650557e+01 2.150000e+01 5.490515e-02
1.650458e+01 2.250000e+01 4.687403e-02
1.650457e+01 2.350000e+01 1.492095e-01
1.650499e+01 2.450000e+01 2.757020e-01
1.750491e+01 5.000000e-01 -1.200302e-01
1.750490e+01 1.500000e+00 -3.035262e-01
1.750458e+01 2.500000e+00 -1.742192e-01
1.750471e+01 3.500000e+00 -1.857624e-01
1.750523e+01 4.500000e+00 -2.780004e-01
1.750435e+01 5.500000e+00 -8.953432e-02
1.750508e+01 6.500000e+00 -3.408573e-01
1.750484e+01 7.500000e+00 -4.820996e-01
1.750460e+01 8.500000e+00 -4.299152e-01
1.750466e+01 9.500000e+00 -4.242859e-01
1.750484e+01 1.050000e+01 -2.268058e-01
1.750467e+01 1.150000e+01 -2.081537e-02
1.750438e+01 1.250000e+01 -6.868613e-02
1.750505e+01 1.350000e+01 7.094343e-03
1.750450e+01 1.450000e+01 -1.032264e-01
1.750498e+01 1.550000e+01 -8.386500e-02
1.750424e+01 1.650000e+01 -5.693571e-02
1.750486e+01 1.750000e+01 -1.147943e-02
1.750442e+01 1.850000e+01 1.960637e-01
1.750517e+01 1.950000e+01 2.117299e-01
1.750500e+01 2.050000e+01 2.927370e-02
1.750488e+01 2.150000e+01 1.974108e-01
1.750444e+01 2.250000e+01 7.398585e-02
1.750427e+01 2.350000e+01 1.775018e-01
1.750486e+01 2.450000e+01 2.376767e-01
1.850417e+01 5.000000e-01 1.840126e-01
1.850516e+01 1.500000e+00 1.041016e-01
1.850426e+01 2.500000e+00 5.707116e-03
1.850495e+01 3.500000e+00 -1.111932e-01
1.850462e+01 4.500000e+00 -1.146590e-01
1.850486e+01 5.500000e+00 -1.985294e-01
1.850390e+01 6.500000e+00 -2.691613e-01
1.850465e+01 7.500000e+00 -2.238743e-01
1.850463e+01 8.500000e+00 -2.196396e-01
1.850461e+01 9.500000e+00 -2.299584e-01
1.850453e+01 1.050000e+01 -7.842705e-02
1.850432e+01 1.150000e+01 -1.182695e-01
1.850442e+01 1.250000e+01 -5.250446e-02
1.850372e+01 1.350000e+01 -3.255112e-02
1.850459e+01 1.450000e+01 -8.918903e-02
1.850431e+01 1.550000e+01 -2.080518e-01
1.850435e+01 1.650000e+01 -2.410167e-01
1.850453e+01 1.750000e+01 3.459714e-02
1.850450e+01 1.850000e+01 3.667561e-02
1.850428e+01 1.950000e+01 -1.440940e-02
1.850447e+01 2.050000e+01 2.132825e-01
1.850465e+01 2.150000e+01 4.674821e-02
1.850467e+01 2.250000e+01 2.234172e-01
1.850492e+01 2.350000e+01 1.573552e-01
1.850429e+01 2.450000e+01 1.455808e-01
1.950422e+01 5.000000e-01 1.769632e-02
1.950424e+01 1.500000e+00 1.535508e-01
1.950341e+01 2.500000e+00 5.893165e-02
1.950456e+01 3.500000e+00 3.284540e-02
1.950389e+01 4.500000e+00 2.296218e-02
1.950393e+01 5.500000e+00 -1.049430e-01
1.950425e+01 6.500000e+00 -9.777084e-02
1.950394e+01 7.500000e+00 -7.779982e-02
1.950447e+01 8.500000e+00 -1.751317e-01
1.950446e+01 9.500000e+00 7.367966e-03
1.950463e+01 1.050000e+01 -2.183889e-01
1.950457e+01 1.150000e+01 -1.833794e-01
1.950431e+01 1.250000e+01 2.107385e-02
1.950413e+01 1.350000e+01 2.098627e-02
1.950481e+01 1.450000e+01 4.447862e-02
1.950430e+01 1.550000e+01 -1.793691e-01
1.950460e+01 1.650000e+01 -1.914537e-01
1.950473e+01 1.750000e+01 -2.632805e-01
1.950465e+01 1.850000e+01 -6.296472e-02
1.950468e+01 1.950000e+01 1.636775e-01
1.950417e+01 2.050000e+01 1.569573e-01
1.950484e+01 2.150000e+01 2.319218e-01
1.950398e+01 2.250000e+01 1.775875e-01
1.950405e+01 2.350000e+01 9.827501e-02
1.950472e+01 2.450000e+01 1.509346e-01
2.050460e+01 5.000000e-01 -1.001130e-01
2.050400e+01 1.500000e+00 -4.909610e-02
2.050434e+01 2.500000e+00 -4.670211e-02
2.050462e+01 3.500000e+00 -5.227456e-03
2.050441e+01 4.500000e+00 -1.149088e-01
2.050399e+01 5.500000e+00 -1.207878e-01
2.050399e+01 6.500000e+00 5.051671e-02
2.050384e+01 7.500000e+00 -1.324642e-02
2.050443e+01 8.500000e+00 3.248305e-02
2.050415e+01 9.500000e+00 -1.458362e-01
2.050390e+01 1.050000e+01 -9.490071e-02
2.050467e+01 1.150000e+01 -2.154310e-02
2.050366e+01 1.250000e+01 -5.296731e-02
2.050422e+01 1.350000e+01 1.299425e-02
2.050425e+01 1.450000e+01 -9.297400e-02
2.050386e+01 1.550000e+01 -9.065187e-02
2.050340e+01 1.650000e+01 -1.644592e-01
2.050448e+01 1.750000e+01 -9.229347e-02
2.050366e+01 1.850000e+01 4.168095e-02
2.050472e+01 1.950000e+01 1.952072e-01
2.050419e+01 2.050000e+01 1.596693e-01
2.050392e+01 2.150000e+01 2.175699e-01
2.050403e+01 2.250000e+01 1.347283e-01
2.050436e+01 2.350000e+01 2.181967e-01
2.050453e+01 2.450000e+01 6.279899e-02
2.150421e+01 5.000000e-01 -4.324456e-02
2.150360e+01 1.500000e+00 -1.928245e-01
2.150403e+01 2.500000e+00 -2.539844e-03
2.150354e+01 3.500000e+00 -8.804935e-02
2.150421e+01 4.500000e+00 -1.221895e-01
2.150370e+01 5.500000e+00 2.245532e-03
2.150412e+01 6.500000e+00 -1.078890e-01
2.150406e+01 7.500000e+00 1.174327e-04
2.150500e+01 8.500000e+00 3.126920e-02
2.150442e+01 9.500000e+00 -4.372824e-02
2.150356e+01 1.050000e+01 -8.449856e-02
2.150368e+01 1.150000e+01 -7.164562e-02
2.150417e+01 1.250000e+01 -1.044229e-01
2.150333e+01 1.350000e+01 -1.361208e-01
2.150378e+01 1.450000e+01 -2.348719e-01
2.150373e+01 1.550000e+01 -1.299895e-01
2.150410e+01 1.650000e+01 -7.796363e-02
2.150426e+01 1.750000e+01 -1.619955e-01
2.150347e+01 1.850000e+01 -1.017055e-01
2.150429e+01 1.950000e+01 -6.919748e-02
2.150418e+01 2.050000e+01 2.118311e-02
2.150398e+01 2.150000e+01 6.572121e-02
2.150419e+01 2.250000e+01 1.826890e-01
2.150413e+01 2.350000e+01 1.053146e-01
2.150415e+01 2.450000e+01 8.960018e-02
2.250360e+01 5.000000e-01 3.986140e-02
2.250410e+01 1.500000e+00 5.790474e-02
2.250358e+01 2.500000e+00 -2.375995e-02
2.250352e+01 3.500000e+00 -4.910553e-02
2.250359e+01 4.500000e+00 -1.316693e-02
2.250367e+01 5.500000e+00 3.811242e-02
2.250360e+01 6.500000e+00 1.371216e-01
2.250366e+01 7.500000e+00 1.265180e-01
2.250323e+01 8.500000e+00 -8.935978e-02
2.250396e+01 9.500000e+00 -1.653271e-01
2.250393e+01 1.050000e+01 -1.894479e-01
2.250379e+01 1.150000e+01 -1.706319e-01
2.250363e+01 1.250000e+01 -1.066521e-01
2.250345e+01 1.350000e+01 -1.273644e-01
2.250413e+01 1.450000e+01 -8.831220e-02
2.250373e+01 1.550000e+01 -1.525879e-01
2.250360e+01 1.650000e+01 -7.526296e-02
2.250350e+01 1.750000e+01 5.084729e-03
2.250457e+01 1.850000e+01 -9.723110e-02
2.250381e+01 1.950000e+01 -1.175370e-01
2.250372e+01 2.050000e+01 9.082100e-02
2.250417e+01 2.150000e+01 1.536802e-01
2.250348e+01 2.250000e+01 6.069980e-02
2.250339e+01 2.350000e+01 3.052072e-02
2.250408e+01 2.450000e+01 3.928539e-02
2.350388e+01 5.000000e-01 1.618783e-01
2.350419e+01 1.500000e+00 1.980473e-01
2.350368e+01 2.500000e+00 1.570445e-02
2.350331e+01 3.500000e+00 5.531266e-04
2.350374e+01 4.500000e+00 4.604231e-02
2.350352e+01 5.500000e+00 1.041630e-01
2.350343e+01 6.500000e+00 1.620822e-01
2.350335e+01 7.500000e+00 4.297456e-02
2.350376e+01 8.500000e+00 8.925687e-02
2.350385e+01 9.500000e+00 -8.388079e-02
2.350301e+01 1.050000e+01 -1.677106e-01
2.350403e+01 1.150000e+01 -1.622616e-01
2.350321e+01 1.250000e+01 -1.828136e-01
2.350362e+01 1.350000e+01 -1.684848e-01
2.350407e+01 1.450000e+01 -1.037652e-01
2.350350e+01 1.550000e+01 5.373675e-02
2.350336e+01 1.650000e+01 8.478754e-02
2.350341e+01 1.750000e+01 2.058800e-02
2.350292e+01 1.850000e+01 -6.372994e-02
2.350351e+01 1.950000e+01 -4.395355e-02
2.350295e+01 2.050000e+01 4.078462e-02
2.350368e+01 2.150000e+01 2.208814e-01
2.350368e+01 2.250000e+01 1.787509e-01
2.350300e+01 2.350000e+01 2.081109e-01
2.350371e+01 2.450000e+01 1.561472e-01
2.450350e+01 5.000000e-01 3.069669e-01
2.450349e+01 1.500000e+00 9.693454e-02
2.450396e+01 2.500000e+00 6.007622e-02
2.450283e+01 3.500000e+00 9.897173e-02
2.450390e+01 4.500000e+00 1.916456e-01
2.450310e+01 5.500000e+00 2.261924e-01
2.450325e+01 6.500000e+00 1.935170e-01
2.450305e+01 7.500000e+00 8.491661e-02
2.450312e+01 8.500000e+00 5.270792e-02
2.450388e+01 9.500000e+00 2.637933e-01
2.450358e+01 1.050000e+01 7.587517e-02
2.450388e+01 1.150000e+01 -2.677462e-01
2.450292e+01 1.250000e+01 -4.126488e-01
2.450343e+01 1.350000e+01 -2.813827e-01
2.450406e+01 1.450000e+01 -1.225455e-01
2.450325e+01 1.550000e+01 4.783814e-02
2.450346e+01 1.650000e+01 2.575035e-02
2.450329e+01 1.750000e+01 -2.991930e-02
2.450387e+01 1.850000e+01 5.362817e-03
2.450340e+01 1.950000e+01 -1.497058e-02
2.450370e+01 2.050000e+01 -5.955037e-02
2.450381e+01 2.150000e+01 -5.749030e-02
2.450371e+01 2.250000e+01 2.078930e-01
2.450353e+01 2.350000e+01 2.396419e-01
2.450346e+01 2.450000e+01 1.490095e-01
