1.363900e-01 5.000000e-01 7.309498e+00
6.669380e-01 1.500000e+00 4.354833e+00
6.635540e-01 2.500000e+00 2.167292e+00
6.677339e-01 3.500000e+00 7.034286e-01
6.667936e-01 4.500000e+00 -5.352218e-01
6.641220e-01 5.500000e+00 1.091541e+00
6.709157e-01 6.500000e+00 4.822708e-01
6.688013e-01 7.500000e+00 -2.994562e-01
6.761802e-01 8.500000e+00 -1.106383e+00
6.643587e-01 9.500000e+00 -1.243345e+00
6.647116e-01 1.050000e+01 -2.245159e+00
6.675779e-01 1.150000e+01 -1.714205e+00
6.633583e-01 1.250000e+01 -1.415408e+00
6.656318e-01 1.350000e+01 -4.344155e-01
6.647717e-01 1.450000e+01 7.973734e-01
6.691658e-01 1.550000e+01 9.705089e-01
6.634286e-01 1.650000e+01 8.615743e-01
6.642283e-01 1.750000e+01 1.501513e-01
6.694744e-01 1.850000e+01 -1.289533e-01
6.647292e-01 1.950000e+01 -1.021464e+00
6.725258e-01 2.050000e+01 -2.744596e+00
6.656486e-01 2.150000e+01 -3.155425e+00
6.619155e-01 2.250000e+01 -1.326531e-01
6.685891e-01 2.350000e+01 6.639954e-01
6.642666e-01 2.450000e+01 1.261783e+00
1.556558e+00 5.000000e-01 4.425056e+00
1.554989e+00 1.500000e+00 9.617069e-01
1.552254e+00 2.500000e+00 -1.932895e-01
1.554794e+00 3.500000e+00 4.759217e-01
1.559693e+00 4.500000e+00 5.894894e-01
1.556693e+00 5.500000e+00 7.758783e-02
1.555643e+00 6.500000e+00 8.743735e-01
1.557012e+00 7.500000e+00 1.010971e-01
1.554436e+00 8.500000e+00 -3.928774e-01
1.553940e+00 9.500000e+00 -1.140834e+00
1.556231e+00 1.050000e+01 -1.422315e+00
1.556820e+00 1.150000e+01 -1.150165e+00
1.555351e+00 1.250000e+01 -4.238021e-01
1.557737e+00 1.350000e+01 -4.154690e-01
1.555609e+00 1.450000e+01 -1.231760e-01
1.557762e+00 1.550000e+01 5.693348e-02
1.551323e+00 1.650000e+01 -4.027387e-01
1.556966e+00 1.750000e+01 2.844586e-01
1.556048e+00 1.850000e+01 2.284750e-01
1.557983e+00 1.950000e+01 -3.931543e-01
1.557485e+00 2.050000e+01 -1.351166e+00
1.555049e+00 2.150000e+01 -9.834521e-01
1.558190e+00 2.250000e+01 -6.186196e-01
1.555055e+00 2.350000e+01 8.138934e-01
1.553658e+00 2.450000e+01 9.984862e-01
2.533506e+00 5.000000e-01 1.546598e+00
2.530322e+00 1.500000e+00 1.873485e+00
2.533314e+00 2.500000e+00 1.019637e+00
2.532066e+00 3.500000e+00 -4.537184e-02
2.532357e+00 4.500000e+00 6.743388e-01
2.534029e+00 5.500000e+00 5.236406e-01
2.532477e+00 6.500000e+00 -6.095483e-02
2.535871e+00 7.500000e+00 5.390628e-01
2.532009e+00 8.500000e+00 4.344939e-01
2.531923e+00 9.500000e+00 -2.573438e-01
2.534792e+00 1.050000e+01 -8.450758e-02
2.533116e+00 1.150000e+01 -8.262199e-01
2.531375e+00 1.250000e+01 -8.369671e-01
2.532227e+00 1.350000e+01 -8.456951e-02
2.533913e+00 1.450000e+01 1.446921e-01
2.533318e+00 1.550000e+01 -1.371829e-01
2.532071e+00 1.650000e+01 -4.796545e-02
2.533452e+00 1.750000e+01 -7.776344e-01
2.535274e+00 1.850000e+01 -1.161773e+00
2.531512e+00 1.950000e+01 -6.937140e-01
2.532348e+00 2.050000e+01 -4.719621e-01
2.530545e+00 2.150000e+01 -9.326815e-02
2.534815e+00 2.250000e+01 -1.287530e-01
2.535473e+00 2.350000e+01 1.344550e-01
2.533675e+00 2.450000e+01 4.302374e-01
3.522914e+00 5.000000e-01 1.126065e+00
3.522027e+00 1.500000e+00 1.294229e+00
3.522748e+00 2.500000e+00 7.086917e-01
3.523392e+00 3.500000e+00 2.155803e-01
3.524075e+00 4.500000e+00 -4.652843e-02
3.525461e+00 5.500000e+00 8.166201e-02
3.526581e+00 6.500000e+00 8.527742e-02
3.521335e+00 7.500000e+00 1.689887e-01
3.522822e+00 8.500000e+00 7.030467e-02
3.525386e+00 9.500000e+00 3.716864e-01
3.524601e+00 1.050000e+01 3.508109e-03
3.524935e+00 1.150000e+01 1.856419e-01
3.522943e+00 1.250000e+01 -3.976379e-01
3.523511e+00 1.350000e+01 -6.322900e-01
3.525955e+00 1.450000e+01 -8.476086e-01
3.523273e+00 1.550000e+01 -6.951095e-01
3.522287e+00 1.650000e+01 -4.352422e-01
3.523271e+00 1.750000e+01 -3.271444e-01
3.523458e+00 1.850000e+01 -5.809754e-01
3.526360e+00 1.950000e+01 -8.138703e-01
3.523073e+00 2.050000e+01 4.939072e-01
3.523744e+00 2.150000e+01 3.303031e-01
3.522525e+00 2.250000e+01 1.468852e-01
3.524752e+00 2.350000e+01 -1.732091e-01
3.525979e+00 2.450000e+01 2.407194e-01
4.516803e+00 5.000000e-01 6.033358e-01
4.518926e+00 1.500000e+00 4.687390e-01
4.520791e+00 2.500000e+00 6.330773e-01
4.518122e+00 3.500000e+00 1.191964e-01
4.516604e+00 4.500000e+00 -5.679162e-01
4.518895e+00 5.500000e+00 -2.748188e-01
4.516143e+00 6.500000e+00 3.125511e-01
4.516169e+00 7.500000e+00 -1.097954e-01
4.519289e+00 8.500000e+00 -2.688963e-02
4.519117e+00 9.500000e+00 -8.113064e-02
4.517591e+00 1.050000e+01 5.755106e-02
4.517633e+00 1.150000e+01 -3.111804e-01
4.519971e+00 1.250000e+01 -2.803507e-01
4.520105e+00 1.350000e+01 -5.640816e-01
4.517514e+00 1.450000e+01 -1.041037e+00
4.517194e+00 1.550000e+01 -8.086946e-01
4.521313e+00 1.650000e+01 -4.788232e-01
4.518756e+00 1.750000e+01 -4.190414e-01
4.519042e+00 1.850000e+01 -7.097594e-01
4.519228e+00 1.950000e+01 -1.389663e-01
4.519911e+00 2.050000e+01 -2.392252e-01
4.521235e+00 2.150000e+01 2.142526e-01
4.519392e+00 2.250000e+01 -6.325213e-02
4.519870e+00 2.350000e+01 -3.296595e-01
4.518036e+00 2.450000e+01 -5.654346e-01
5.515411e+00 5.000000e-01 4.874172e-01
5.514483e+00 1.500000e+00 -5.184805e-03
5.513755e+00 2.500000e+00 1.071691e-01
5.515704e+00 3.500000e+00 3.154755e-01
5.515558e+00 4.500000e+00 9.304484e-02
5.513837e+00 5.500000e+00 -2.576009e-01
5.516888e+00 6.500000e+00 -2.505729e-01
5.515576e+00 7.500000e+00 -1.503366e-01
5.516383e+00 8.500000e+00 -1.130566e-01
5.513847e+00 9.500000e+00 1.036338e-01
5.516679e+00 1.050000e+01 -1.270881e-01
5.515724e+00 1.150000e+01 2.120802e-02
5.512840e+00 1.250000e+01 3.117477e-02
5.515116e+00 1.350000e+01 -4.433909e-01
5.513228e+00 1.450000e+01 -3.957846e-01
5.516155e+00 1.550000e+01 -7.058317e-01
5.515593e+00 1.650000e+01 -1.085795e+00
5.514343e+00 1.750000e+01 -1.078981e+00
5.514990e+00 1.850000e+01 -4.119950e-01
5.514460e+00 1.950000e+01 -5.058329e-01
5.514748e+00 2.050000e+01 -5.509455e-01
5.517036e+00 2.150000e+01 -6.731829e-01
5.513384e+00 2.250000e+01 -2.390024e-01
5.514115e+00 2.350000e+01 -3.817957e-01
5.518371e+00 2.450000e+01 -2.221311e-01
6.512396e+00 5.000000e-01 -5.105066e-02
6.513259e+00 1.500000e+00 1.889351e-01
6.512638e+00 2.500000e+00 3.320889e-02
6.514473e+00 3.500000e+00 2.605821e-01
6.511177e+00 4.500000e+00 2.780360e-01
6.513583e+00 5.500000e+00 -1.434072e-01
6.510071e+00 6.500000e+00 -7.023068e-01
6.512639e+00 7.500000e+00 -4.103534e-02
6.512762e+00 8.500000e+00 -7.309115e-03
6.512648e+00 9.500000e+00 1.252526e-01
6.512421e+00 1.050000e+01 1.214258e-01
6.512328e+00 1.150000e+01 2.802333e-01
6.513906e+00 1.250000e+01 -2.902780e-01
6.514229e+00 1.350000e+01 -2.656920e-01
6.512275e+00 1.450000e+01 -3.599468e-01
6.512999e+00 1.550000e+01 -7.530941e-01
6.511831e+00 1.650000e+01 -9.612049e-01
6.512714e+00 1.750000e+01 -7.766400e-01
6.514002e+00 1.850000e+01 -5.801537e-01
6.512144e+00 1.950000e+01 -3.196768e-01
6.511878e+00 2.050000e+01 -4.207544e-01
6.512687e+00 2.150000e+01 -3.918458e-01
6.514151e+00 2.250000e+01 -3.725596e-01
6.511848e+00 2.350000e+01 1.548964e-01
6.510828e+00 2.450000e+01 -3.199635e-01
7.510270e+00 5.000000e-01 -8.665747e-01
7.511800e+00 1.500000e+00 -2.687151e-01
7.509842e+00 2.500000e+00 -1.198567e-01
7.511144e+00 3.500000e+00 1.057021e-01
7.510548e+00 4.500000e+00 4.830037e-01
7.511884e+00 5.500000e+00 4.846771e-02
7.509462e+00 6.500000e+00 -7.425618e-02
7.512569e+00 7.500000e+00 -2.558122e-01
7.511504e+00 8.500000e+00 4.123633e-02
7.511927e+00 9.500000e+00 -9.408738e-02
7.511081e+00 1.050000e+01 3.433330e-01
7.511425e+00 1.150000e+01 -1.365013e-01
7.512656e+00 1.250000e+01 -2.342874e-01
7.510745e+00 1.350000e+01 -2.090726e-01
7.511401e+00 1.450000e+01 -5.805229e-01
7.510179e+00 1.550000e+01 -4.902939e-01
7.512550e+00 1.650000e+01 -4.806788e-01
7.511634e+00 1.750000e+01 -4.820278e-01
7.512741e+00 1.850000e+01 -4.284255e-01
7.512895e+00 1.950000e+01 -4.843314e-01
7.511696e+00 2.050000e+01 -3.454254e-01
7.512553e+00 2.150000e+01 -5.063664e-01
7.511611e+00 2.250000e+01 -1.720630e-01
7.511855e+00 2.350000e+01 -3.396771e-01
7.511513e+00 2.450000e+01 -1.372314e-01
8.509583e+00 5.000000e-01 -3.009948e-01
8.511199e+00 1.500000e+00 -6.840395e-01
8.510091e+00 2.500000e+00 -3.678717e-01
8.510655e+00 3.500000e+00 -9.155078e-02
8.509523e+00 4.500000e+00 -2.029675e-01
8.509580e+00 5.500000e+00 2.634276e-01
8.510791e+00 6.500000e+00 1.767811e-01
8.511509e+00 7.500000e+00 -4.115588e-01
8.510134e+00 8.500000e+00 -4.849052e-01
8.511784e+00 9.500000e+00 2.581227e-01
8.509288e+00 1.050000e+01 -1.933256e-01
8.508927e+00 1.150000e+01 -1.722808e-01
8.510008e+00 1.250000e+01 -1.756187e-01
8.511563e+00 1.350000e+01 -4.798030e-01
8.508958e+00 1.450000e+01 -4.111399e-01
8.510101e+00 1.550000e+01 -7.517961e-01
8.509805e+00 1.650000e+01 -2.614781e-01
8.510341e+00 1.750000e+01 -2.043200e-01
8.509897e+00 1.850000e+01 -2.956909e-01
8.509678e+00 1.950000e+01 -2.075278e-01
8.511239e+00 2.050000e+01 -1.272453e-01
8.510345e+00 2.150000e+01 4.412025e-02
8.511130e+00 2.250000e+01 -5.266120e-01
8.508543e+00 2.350000e+01 -3.783495e-01
8.507972e+00 2.450000e+01 -2.334213e-01
9.509840e+00 5.000000e-01 -1.053803e-01
9.510463e+00 1.500000e+00 -2.892722e-02
9.508070e+00 2.500000e+00 2.963272e-02
9.507704e+00 3.500000e+00 -3.928624e-01
9.507972e+00 4.500000e+00 -3.962674e-01
9.509836e+00 5.500000e+00 -3.937833e-02
9.507556e+00 6.500000e+00 3.672019e-03
9.508923e+00 7.500000e+00 1.660081e-01
9.508352e+00 8.500000e+00 -4.201971e-03
9.508642e+00 9.500000e+00 -2.975954e-01
9.507175e+00 1.050000e+01 -2.216842e-01
9.507627e+00 1.150000e+01 -1.048900e-01
9.508561e+00 1.250000e+01 -1.463548e-01
9.508559e+00 1.350000e+01 -3.749726e-02
9.510479e+00 1.450000e+01 -3.892854e-01
9.506483e+00 1.550000e+01 -9.054981e-02
9.507926e+00 1.650000e+01 -9.699781e-02
9.508234e+00 1.750000e+01 1.105516e-01
9.508787e+00 1.850000e+01 -1.348360e-01
9.506540e+00 1.950000e+01 -3.462711e-01
9.507963e+00 2.050000e+01 -2.587190e-01
9.507963e+00 2.150000e+01 -3.385986e-01
9.509393e+00 2.250000e+01 -3.258931e-01
9.509876e+00 2.350000e+01 -5.579550e-01
9.506996e+00 2.450000e+01 -8.333830e-02
1.050917e+01 5.000000e-01 1.128058e-01
1.050664e+01 1.500000e+00 -5.869671e-02
1.050806e+01 2.500000e+00 -4.777142e-01
1.050700e+01 3.500000e+00 -3.189955e-01
1.050843e+01 4.500000e+00 -4.599584e-01
1.050767e+01 5.500000e+00 -3.258267e-01
1.050759e+01 6.500000e+00 2.358134e-02
1.050852e+01 7.500000e+00 2.295374e-02
1.050828e+01 8.500000e+00 -5.668932e-02
1.050725e+01 9.500000e+00 -4.813709e-01
1.050807e+01 1.050000e+01 -1.459298e-01
1.050974e+01 1.150000e+01 3.341631e-02
1.050775e+01 1.250000e+01 3.146364e-02
1.050861e+01 1.350000e+01 -2.520343e-01
1.050765e+01 1.450000e+01 -6.876079e-02
1.050808e+01 1.550000e+01 1.338661e-01
1.050838e+01 1.650000e+01 1.445595e-01
1.050698e+01 1.750000e+01 -1.413440e-01
1.050677e+01 1.850000e+01 -3.293097e-02
1.050908e+01 1.950000e+01 -1.796308e-01
1.050728e+01 2.050000e+01 -3.099625e-01
1.050850e+01 2.150000e+01 -3.492577e-01
1.050820e+01 2.250000e+01 -3.770456e-01
1.050747e+01 2.350000e+01 -1.126640e-01
1.050801e+01 2.450000e+01 -4.964548e-01
1.150637e+01 5.000000e-01 -1.597951e-01
1.150702e+01 1.500000e+00 -8.049633e-02
1.150768e+01 2.500000e+00 -2.607617e-01
1.150611e+01 3.500000e+00 -2.517597e-01
1.150720e+01 4.500000e+00 -1.968358e-02
1.150694e+01 5.500000e+00 -3.570262e-01
1.150702e+01 6.500000e+00 -2.654465e-01
1.150766e+01 7.500000e+00 6.997711e-03
1.150798e+01 8.500000e+00 -1.951348e-01
1.150845e+01 9.500000e+00 -2.556323e-01
1.150843e+01 1.050000e+01 -3.392656e-01
1.150685e+01 1.150000e+01 -2.566340e-01
1.150626e+01 1.250000e+01 -8.109556e-02
1.150755e+01 1.350000e+01 1.473245e-01
1.150728e+01 1.450000e+01 4.227003e-01
1.150737e+01 1.550000e+01 2.771324e-01
1.150723e+01 1.650000e+01 1.550663e-02
1.150687e+01 1.750000e+01 -6.571112e-02
1.150714e+01 1.850000e+01 6.661279e-02
1.150690e+01 1.950000e+01 1.389443e-01
1.150718e+01 2.050000e+01 -7.734984e-02
1.150683e+01 2.150000e+01 -2.732810e-01
1.150540e+01 2.250000e+01 -1.088760e-01
1.150708e+01 2.350000e+01 -1.691548e-01
1.150714e+01 2.450000e+01 -3.150115e-01
1.250694e+01 5.000000e-01 4.550310e-02
1.250724e+01 1.500000e+00 -4.980531e-02
1.250718e+01 2.500000e+00 -1.197374e-01
1.250553e+01 3.500000e+00 -1.919065e-01
1.250531e+01 4.500000e+00 -1.721411e-01
1.250720e+01 5.500000e+00 -2.496142e-01
1.250785e+01 6.500000e+00 -3.939226e-01
1.250685e+01 7.500000e+00 -2.375653e-01
1.250563e+01 8.500000e+00 -5.636325e-02
1.250739e+01 9.500000e+00 -1.864235e-01
1.250630e+01 1.050000e+01 -2.618278e-01
1.250655e+01 1.150000e+01 -2.395598e-01
1.250596e+01 1.250000e+01 -2.325794e-01
1.250696e+01 1.350000e+01 2.750554e-01
1.250653e+01 1.450000e+01 3.017415e-01
1.250791e+01 1.550000e+01 1.874642e-01
1.250595e+01 1.650000e+01 7.884938e-02
1.250824e+01 1.750000e+01 1.381719e-03
1.250718e+01 1.850000e+01 -3.277948e-01
1.250698e+01 1.950000e+01 -1.020821e-01
1.250518e+01 2.050000e+01 -1.707163e-01
1.250720e+01 2.150000e+01 -4.269687e-02
1.250655e+01 2.250000e+01 8.697820e-02
1.250618e+01 2.350000e+01 -7.578152e-02
1.250689e+01 2.450000e+01 1.443219e-01
1.350624e+01 5.000000e-01 4.907610e-02
1.350632e+01 1.500000e+00 -9.055744e-02
1.350654e+01 2.500000e+00 9.793948e-03
1.350759e+01 3.500000e+00 -5.546069e-02
1.350492e+01 4.500000e+00 -4.225680e-01
1.350593e+01 5.500000e+00 7.665131e-04
1.350509e+01 6.500000e+00 -1.013234e-01
1.350500e+01 7.500000e+00 -4.356554e-01
1.350700e+01 8.500000e+00 -2.998670e-01
1.350592e+01 9.500000e+00 -2.518638e-01
1.350691e+01 1.050000e+01 -2.429265e-01
1.350623e+01 1.150000e+01 -3.283900e-01
1.350709e+01 1.250000e+01 2.166481e-02
1.350595e+01 1.350000e+01 -1.059351e-01
1.350720e+01 1.450000e+01 2.092092e-01
1.350607e+01 1.550000e+01 1.293838e-01
1.350575e+01 1.650000e+01 1.230853e-01
1.350592e+01 1.750000e+01 1.108062e-01
1.350659e+01 1.850000e+01 1.964673e-01
1.350585e+01 1.950000e+01 -2.717553e-01
1.350674e+01 2.050000e+01 -7.931148e-02
1.350721e+01 2.150000e+01 -7.067619e-02
1.350542e+01 2.250000e+01 -2.750436e-01
1.350658e+01 2.350000e+01 -5.316744e-02
1.350684e+01 2.450000e+01 -9.687631e-02
1.450543e+01 5.000000e-01 6.266728e-02
1.450613e+01 1.500000e+00 6.945231e-02
1.450574e+01 2.500000e+00 -9.500615e-03
1.450640e+01 3.500000e+00 -2.950128e-01
1.450491e+01 4.500000e+00 -1.425674e-01
1.450453e+01 5.500000e+00 -2.939295e-01
1.450580e+01 6.500000e+00 -2.041504e-01
1.450678e+01 7.500000e+00 -2.513470e-01
1.450550e+01 8.500000e+00 -2.404173e-01
1.450509e+01 9.500000e+00 1.267867e-01
1.450516e+01 1.050000e+01 -2.199258e-01
1.450636e+01 1.150000e+01 -2.878877e-01
1.450638e+01 1.250000e+01 -6.727713e-02
1.450527e+01 1.350000e+01 -3.327382e-02
1.450579e+01 1.450000e+01 1.595395e-02
1.450594e+01 1.550000e+01 4.105336e-01
1.450552e+01 1.650000e+01 4.642421e-01
1.450535e+01 1.750000e+01 3.326066e-01
1.450615e+01 1.850000e+01 1.380574e-01
1.450701e+01 1.950000e+01 -3.937669e-02
1.450531e+01 2.050000e+01 -5.141654e-02
1.450553e+01 2.150000e+01 -5.637130e-02
1.450598e+01 2.250000e+01 -1.740446e-01
1.450591e+01 2.350000e+01 -1.986310e-01
1.450582e+01 2.450000e+01 -1.404560e-01
1.550500e+01 5.000000e-01 -5.181155e-02
1.550493e+01 1.500000e+00 3.262780e-02
1.550543e+01 2.500000e+00 -1.183064e-01
1.550593e+01 3.500000e+00 -7.719092e-02
1.550432e+01 4.500000e+00 -2.138417e-01
1.550516e+01 5.500000e+00 -4.828915e-01
1.550596e+01 6.500000e+00 -5.459782e-01
1.550510e+01 7.500000e+00 -1.364753e-01
1.550539e+01 8.500000e+00 -2.006780e-01
1.550528e+01 9.500000e+00 -3.264756e-01
1.550359e+01 1.050000e+01 3.683104e-02
1.550595e+01 1.150000e+01 3.039633e-02
1.550604e+01 1.250000e+01 -1.859712e-01
1.550535e+01 1.350000e+01 7.002051e-02
1.550653e+01 1.450000e+01 8.432356e-02
1.550556e+01 1.550000e+01 1.487651e-01
1.550573e+01 1.650000e+01 2.971567e-01
1.550577e+01 1.750000e+01 3.501723e-01
1.550494e+01 1.850000e+01 1.465035e-01
1.550718e+01 1.950000e+01 2.165445e-01
1.550472e+01 2.050000e+01 1.088906e-01
1.550627e+01 2.150000e+01 7.780650e-02
1.550487e+01 2.250000e+01 1.079700e-01
1.550440e+01 2.350000e+01 -3.402647e-02
1.550458e+01 2.450000e+01 -3.274286e-01
1.650416e+01 5.000000e-01 -1.945662e-01
1.650560e+01 1.500000e+00 -1.991724e-02
1.650613e+01 2.500000e+00 1.222230e-01
1.650522e+01 3.500000e+00 1.397768e-01
1.650320e+01 4.500000e+00 5.638608e-02
1.650466e+01 5.500000e+00 -1.880894e-01
1.650457e+01 6.500000e+00 -2.315561e-01
1.650328e+01 7.500000e+00 -2.699483e-01
1.650518e+01 8.500000e+00 -2.604121e-01
1.650375e+01 9.500000e+00 -4.957854e-01
1.650449e+01 1.050000e+01 -6.486576e-02
1.650408e+01 1.150000e+01 1.203902e-01
1.650614e+01 1.250000e+01 1.157422e-02
1.650583e+01 1.350000e+01 -1.691433e-01
1.650619e+01 1.450000e+01 1.868650e-01
1.650457e+01 1.550000e+01 1.578075e-01
1.650364e+01 1.650000e+01 2.232769e-01
1.650497e+01 1.750000e+01 1.111385e-01
1.650484e+01 1.850000e+01 2.651382e-01
1.650411e+01 1.950000e+01 3.077426e-01
1.650522e+01 2.050000e+01 2.130239e-01
1.650417e+01 2.150000e+01 1.225267e-01
1.650463e+01 2.250000e+01 1.501316e-01
1.650497e+01 2.350000e+01 2.564942e-02
1.650405e+01 2.450000e+01 4.797175e-02
1.750395e+01 5.000000e-01 -1.173686e-01
1.750473e+01 1.500000e+00 -3.022772e-01
1.750460e+01 2.500000e+00 1.555529e-02
1.750528e+01 3.500000e+00 1.052478e-01
1.750433e+01 4.500000e+00 -1.202331e-01
1.750428e+01 5.500000e+00 2.034629e-02
1.750436e+01 6.500000e+00 -5.532630e-02
1.750383e+01 7.500000e+00 -4.580050e-01
1.750504e+01 8.500000e+00 -4.604420e-01
1.750430e+01 9.500000e+00 -2.349757e-01
1.750485e+01 1.050000e+01 -5.113516e-01
1.750350e+01 1.150000e+01 -2.207144e-01
1.750415e+01 1.250000e+01 8.779683e-02
1.750494e+01 1.350000e+01 2.605321e-03
1.750447e+01 1.450000e+01 -5.712944e-02
1.750418e+01 1.550000e+01 1.917050e-01
1.750519e+01 1.650000e+01 -1.639937e-02
1.750585e+01 1.750000e+01 4.945497e-02
1.750567e+01 1.850000e+01 2.953275e-01
1.750435e+01 1.950000e+01 1.677647e-01
1.750497e+01 2.050000e+01 2.099777e-01
1.750502e+01 2.150000e+01 2.283562e-01
1.750368e+01 2.250000e+01 -2.609636e-02
1.750431e+01 2.350000e+01 1.799328e-01
1.750439e+01 2.450000e+01 1.765300e-01
1.850554e+01 5.000000e-01 -2.051588e-02
1.850458e+01 1.500000e+00 3.328407e-02
1.850365e+01 2.500000e+00 6.478466e-03
1.850499e+01 3.500000e+00 -7.120512e-03
1.850486e+01 4.500000e+00 9.896354e-02
1.850568e+01 5.500000e+00 3.290938e-03
1.850349e+01 6.500000e+00 -2.057365e-01
1.850482e+01 7.500000e+00 -4.327714e-01
1.850400e+01 8.500000e+00 -3.956253e-01
1.850346e+01 9.500000e+00 -1.703506e-01
1.850502e+01 1.050000e+01 -6.588444e-02
1.850385e+01 1.150000e+01 -1.706568e-01
1.850335e+01 1.250000e+01 1.266462e-02
1.850494e+01 1.350000e+01 1.910712e-01
1.850525e+01 1.450000e+01 -7.041980e-02
1.850574e+01 1.550000e+01 -1.373283e-01
1.850355e+01 1.650000e+01 -1.218330e-01
1.850465e+01 1.750000e+01 8.959724e-02
1.850483e+01 1.850000e+01 3.939533e-02
1.850565e+01 1.950000e+01 1.576940e-01
1.850540e+01 2.050000e+01 2.091701e-01
1.850416e+01 2.150000e+01 3.073728e-01
1.850507e+01 2.250000e+01 2.319117e-01
1.850463e+01 2.350000e+01 5.254163e-02
1.850533e+01 2.450000e+01 1.238466e-01
1.950489e+01 5.000000e-01 7.802191e-02
1.950505e+01 1.500000e+00 1.148231e-01
1.950428e+01 2.500000e+00 -2.182866e-01
1.950429e+01 3.500000e+00 -1.913515e-01
1.950476e+01 4.500000e+00 -5.796863e-02
1.950436e+01 5.500000e+00 -1.723483e-01
1.950410e+01 6.500000e+00 -1.242915e-01
1.950359e+01 7.500000e+00 -5.237262e-02
1.950373e+01 8.500000e+00 -2.207944e-01
1.950333e+01 9.500000e+00 -2.327349e-01
1.950514e+01 1.050000e+01 6.515614e-02
1.950495e+01 1.150000e+01 6.105717e-02
1.950488e+01 1.250000e+01 1.463718e-02
1.950385e+01 1.350000e+01 2.634934e-02
1.950434e+01 1.450000e+01 1.566340e-02
1.950501e+01 1.550000e+01 -3.176780e-01
1.950394e+01 1.650000e+01 5.664043e-02
1.950425e+01 1.750000e+01 9.620308e-02
1.950414e+01 1.850000e+01 3.279419e-02
1.950369e+01 1.950000e+01 1.737153e-01
1.950371e+01 2.050000e+01 2.406766e-01
1.950480e+01 2.150000e+01 4.809549e-02
1.950519e+01 2.250000e+01 1.290698e-01
1.950572e+01 2.350000e+01 2.188955e-01
1.950391e+01 2.450000e+01 2.352079e-01
2.050352e+01 5.000000e-01 1.027032e-01
2.050312e+01 1.500000e+00 -3.630807e-02
2.050344e+01 2.500000e+00 -8.886782e-02
2.050442e+01 3.500000e+00 -2.819265e-01
2.050371e+01 4.500000e+00 -2.134054e-01
2.050362e+01 5.500000e+00 -6.739935e-02
2.050282e+01 6.500000e+00 -1.119170e-01
2.050459e+01 7.500000e+00 1.400462e-01
2.050436e+01 8.500000e+00 1.945713e-01
2.050383e+01 9.500000e+00 -6.920612e-02
2.050380e+01 1.050000e+01 -2.248445e-01
2.050461e+01 1.150000e+01 7.441741e-02
2.050491e+01 1.250000e+01 -3.666037e-02
2.050377e+01 1.350000e+01 1.098684e-01
2.050384e+01 1.450000e+01 -1.834989e-02
2.050452e+01 1.550000e+01 1.139763e-03
2.050326e+01 1.650000e+01 -2.561009e-01
2.050448e+01 1.750000e+01 -1.336154e-01
2.050364e+01 1.850000e+01 9.458643e-02
2.050406e+01 1.950000e+01 1.671765e-01
2.050376e+01 2.050000e+01 9.704202e-02
2.050473e+01 2.150000e+01 1.386950e-01
2.050471e+01 2.250000e+01 1.027194e-01
2.050433e+01 2.350000e+01 1.218770e-01
2.050404e+01 2.450000e+01 5.743360e-02
2.150310e+01 5.000000e-01 -2.503629e-02
2.150285e+01 1.500000e+00 -6.613425e-02
2.150323e+01 2.500000e+00 7.627345e-02
2.150310e+01 3.500000e+00 2.390943e-02
2.150426e+01 4.500000e+00 -1.982707e-01
2.150423e+01 5.500000e+00 -1.605762e-01
2.150320e+01 6.500000e+00 1.156286e-01
2.150426e+01 7.500000e+00 2.344882e-03
2.150362e+01 8.500000e+00 4.073788e-02
2.150285e+01 9.500000e+00 5.476823e-02
2.150445e+01 1.050000e+01 2.673397e-03
2.150289e+01 1.150000e+01 -5.444238e-02
2.150277e+01 1.250000e+01 3.350175e-02
2.150334e+01 1.350000e+01 -1.739004e-01
2.150462e+01 1.450000e+01 -1.195596e-01
2.150349e+01 1.550000e+01 -3.634806e-02
2.150354e+01 1.650000e+01 -2.744889e-01
2.150330e+01 1.750000e+01 -2.838092e-01
2.150389e+01 1.850000e+01 -2.312802e-02
2.150322e+01 1.950000e+01 1.723159e-02
2.150413e+01 2.050000e+01 7.036122e-03
2.150454e+01 2.150000e+01 3.719979e-02
2.150420e+01 2.250000e+01 1.116463e-01
2.150351e+01 2.350000e+01 9.823868e-02
2.150331e+01 2.450000e+01 5.725471e-02
2.250294e+01 5.000000e-01 1.974627e-01
2.250418e+01 1.500000e+00 2.313736e-01
2.250417e+01 2.500000e+00 1.435177e-02
2.250437e+01 3.500000e+00 2.035174e-01
2.250421e+01 4.500000e+00 7.154981e-02
2.250265e+01 5.500000e+00 3.732067e-02
2.250379e+01 6.500000e+00 5.107312e-02
2.250361e+01 7.500000e+00 1.784748e-01
2.250368e+01 8.500000e+00 1.459085e-01
2.250309e+01 9.500000e+00 1.547222e-01
2.250444e+01 1.050000e+01 -2.709319e-02
2.250419e+01 1.150000e+01 -2.255252e-01
2.250391e+01 1.250000e+01 -2.244206e-01
2.250415e+01 1.350000e+01 -2.974299e-01
2.250357e+01 1.450000e+01 -9.600772e-02
2.250361e+01 1.550000e+01 -1.768917e-01
2.250363e+01 1.650000e+01 -9.380585e-02
2.250312e+01 1.750000e+01 -2.610939e-01
2.250444e+01 1.850000e+01 -1.433367e-01
2.250425e+01 1.950000e+01 -1.736811e-01
2.250342e+01 2.050000e+01 -6.772385e-02
2.250380e+01 2.150000e+01 5.258249e-02
2.250371e+01 2.250000e+01 5.158723e-02
2.250378e+01 2.350000e+01 5.530029e-02
2.250389e+01 2.450000e+01 -5.929374e-02
2.350307e+01 5.000000e-01 1.525462e-01
2.350230e+01 1.500000e+00 1.440408e-01
2.350419e+01 2.500000e+00 2.103799e-01
2.350351e+01 3.500000e+00 9.110405e-04
2.350329e+01 4.500000e+00 9.600790e-03
2.350421e+01 5.500000e+00 6.171738e-02
2.350339e+01 6.500000e+00 1.799698e-01
2.350381e+01 7.500000e+00 2.902931e-01
2.350530e+01 8.500000e+00 3.434269e-01
2.350356e+01 9.500000e+00 2.196600e-01
2.350286e+01 1.050000e+01 9.928548e-02
2.350255e+01 1.150000e+01 -1.407028e-01
2.350395e+01 1.250000e+01 -3.694272e-01
2.350341e+01 1.350000e+01 -2.857143e-01
2.350382e+01 1.450000e+01 -4.028247e-01
2.350367e+01 1.550000e+01 -1.899074e-01
2.350424e+01 1.650000e+01 -3.101423e-02
2.350364e+01 1.750000e+01 -6.464482e-02
2.350429e+01 1.850000e+01 -3.875087e-01
2.350321e+01 1.950000e+01 -1.028179e-01
2.350364e+01 2.050000e+01 1.269450e-02
2.350328e+01 2.150000e+01 1.163855e-01
2.350481e+01 2.250000e+01 1.709337e-01
2.350332e+01 2.350000e+01 7.057939e-02
2.350475e+01 2.450000e+01 1.681727e-01
2.450399e+01 5.000000e-01 6.315283e-02
2.450397e+01 1.500000e+00 1.515522e-01
2.450273e+01 2.500000e+00 1.003398e-01
2.450255e+01 3.500000e+00 8.691532e-02
2.450276e+01 4.500000e+00 2.618062e-01
2.450330e+01 5.500000e+00 3.195181e-01
2.450395e+01 6.500000e+00 1.493865e-01
2.450274e+01 7.500000e+00 1.914732e-01
2.450343e+01 8.500000e+00 1.954441e-01
2.450373e+01 9.500000e+00 1.629210e-01
2.450318e+01 1.050000e+01 1.375525e-01
2.450326e+01 1.150000e+01 8.632540e-02
2.450261e+01 1.250000e+01 -2.081091e-01
2.450370e+01 1.350000e+01 -1.524106e-01
2.450284e+01 1.450000e+01 -6.233275e-02
2.450297e+01 1.550000e+01 -8.916046e-02
2.450332e+01 1.650000e+01 -3.259359e-02
2.450300e+01 1.750000e+01 -3.724536e-02
2.450337e+01 1.850000e+01 -1.366785e-01
2.450324e+01 1.950000e+01 -3.734931e-01
2.450274e+01 2.050000e+01 -6.243083e-03
2.450376e+01 2.150000e+01 1.750965e-01
2.450328e+01 2.250000e+01 2.796081e-01
2.450428e+01 2.350000e+01 2.366359e-01
2.450347e+01 2.450000e+01 1.600370e-01
