0.000000e+00 -1.000000e+00
0.000000e+00 -1.000000e+00
0.000000e+00 -1.000000e+00
0.000000e+00 -1.000000e+00
0.000000e+00 -1.000000e+00
0.000000e+00 -1.000000e+00
0.000000e+00 -1.000000e+00
0.000000e+00 -1.000000e+00
0.000000e+00 -1.000000e+00
0.000000e+00 -1.000000e+00
0.000000e+00 -1.000000e+00
0.000000e+00 -1.000000e+00
0.000000e+00 -1.000000e+00
0.000000e+00 -1.000000e+00
1.572168e+00 1.103530e+01
2.032621e+00 5.682510e+00
2.391907e+00 6.420828e+00
3.170283e+00 5.180540e+00
3.636369e+00 1.287799e+00
4.502721e+00 2.810850e+00
5.617696e+00 2.879235e+00
6.675510e+00 1.349727e+00
8.557319e+00 6.308356e-01
1.025219e+01 6.299169e-01
1.203941e+01 4.748136e-01
1.490199e+01 -8.806625e-02
1.818949e+01 8.502381e-02
2.223755e+01 9.823319e-03
2.708061e+01 2.900624e-02
