1.363900e-01 5.000000e-01 6.376175e+00
6.669379e-01 1.500000e+00 8.459522e+00
6.635541e-01 2.500000e+00 3.399170e+00
6.677338e-01 3.500000e+00 4.588571e-01
6.667936e-01 4.500000e+00 5.868431e-01
6.641220e-01 5.500000e+00 -2.323291e-01
6.709157e-01 6.500000e+00 9.434176e-01
6.688013e-01 7.500000e+00 9.437465e-01
6.761803e-01 8.500000e+00 -3.933295e-01
6.643587e-01 9.500000e+00 -9.414763e-01
6.647117e-01 1.050000e+01 -2.964369e+00
6.675780e-01 1.150000e+01 -3.022727e+00
6.633584e-01 1.250000e+01 -1.044940e+00
6.656318e-01 1.350000e+01 4.488647e-01
6.647717e-01 1.450000e+01 3.825516e-01
6.691658e-01 1.550000e+01 6.472629e-01
6.634286e-01 1.650000e+01 3.334626e-02
6.642283e-01 1.750000e+01 2.227685e-01
6.694744e-01 1.850000e+01 -7.586596e-01
6.647292e-01 1.950000e+01 -1.329628e+00
6.725257e-01 2.050000e+01 -1.681456e+00
6.656485e-01 2.150000e+01 -3.560707e-01
6.619155e-01 2.250000e+01 -6.343537e-01
6.685891e-01 2.350000e+01 -2.427018e-01
6.642668e-01 2.450000e+01 5.814878e-01
1.556558e+00 5.000000e-01 5.155667e+00
1.554989e+00 1.500000e+00 2.499812e+00
1.552254e+00 2.500000e+00 9.052193e-01
1.554794e+00 3.500000e+00 -1.092927e-01
1.559693e+00 4.500000e+00 -8.649710e-01
1.556693e+00 5.500000e+00 3.783581e-01
1.555643e+00 6.500000e+00 3.815748e-01
1.557012e+00 7.500000e+00 1.414492e-01
1.554436e+00 8.500000e+00 2.392688e-01
1.553939e+00 9.500000e+00 -1.203538e+00
1.556231e+00 1.050000e+01 -2.043793e+00
1.556820e+00 1.150000e+01 -1.493408e+00
1.555352e+00 1.250000e+01 -5.480113e-01
1.557737e+00 1.350000e+01 -5.711044e-02
1.555609e+00 1.450000e+01 6.310404e-02
1.557762e+00 1.550000e+01 -9.977452e-02
1.551323e+00 1.650000e+01 -9.754267e-02
1.556966e+00 1.750000e+01 -4.759678e-01
1.556048e+00 1.850000e+01 -2.628025e-01
1.557983e+00 1.950000e+01 -7.119894e-01
1.557485e+00 2.050000e+01 -3.685749e-01
1.555049e+00 2.150000e+01 -5.788569e-01
1.558190e+00 2.250000e+01 2.722530e-01
1.555055e+00 2.350000e+01 5.665701e-01
1.553658e+00 2.450000e+01 5.791598e-01
2.533506e+00 5.000000e-01 3.432218e+00
2.530323e+00 1.500000e+00 1.627193e+00
2.533314e+00 2.500000e+00 6.739646e-01
2.532067e+00 3.500000e+00 4.561064e-01
2.532357e+00 4.500000e+00 4.986605e-01
2.534029e+00 5.500000e+00 2.949700e-01
2.532477e+00 6.500000e+00 1.107788e-01
2.535871e+00 7.500000e+00 4.463840e-01
2.532009e+00 8.500000e+00 -3.561055e-02
2.531922e+00 9.500000e+00 -4.407395e-01
2.534792e+00 1.050000e+01 -3.642372e-02
2.533116e+00 1.150000e+01 -3.740519e-01
2.531375e+00 1.250000e+01 -8.102398e-01
2.532227e+00 1.350000e+01 -2.996253e-01
2.533913e+00 1.450000e+01 2.288696e-01
2.533319e+00 1.550000e+01 1.455509e-01
2.532071e+00 1.650000e+01 -1.298022e-01
2.533451e+00 1.750000e+01 -1.113233e+00
2.535274e+00 1.850000e+01 -1.474228e+00
2.531512e+00 1.950000e+01 -7.138021e-01
2.532348e+00 2.050000e+01 -4.134976e-01
2.530545e+00 2.150000e+01 -1.251974e-01
2.534815e+00 2.250000e+01 1.448330e-01
2.535473e+00 2.350000e+01 4.581612e-01
2.533675e+00 2.450000e+01 4.576124e-01
3.522914e+00 5.000000e-01 2.177925e+00
3.522027e+00 1.500000e+00 1.513725e+00
3.522748e+00 2.500000e+00 5.904107e-01
3.523392e+00 3.500000e+00 4.072283e-01
3.524076e+00 4.500000e+00 2.136990e-01
3.525460e+00 5.500000e+00 -2.117459e-02
3.526581e+00 6.500000e+00 2.342956e-01
3.521334e+00 7.500000e+00 -1.143895e-01
3.522822e+00 8.500000e+00 -2.318483e-01
3.525386e+00 9.500000e+00 2.631537e-01
3.524601e+00 1.050000e+01 2.391721e-01
3.524935e+00 1.150000e+01 2.367102e-01
3.522943e+00 1.250000e+01 -1.601578e-01
3.523511e+00 1.350000e+01 -7.515408e-01
3.525955e+00 1.450000e+01 -6.341908e-01
3.523273e+00 1.550000e+01 -3.767178e-01
3.522286e+00 1.650000e+01 -8.412190e-01
3.523271e+00 1.750000e+01 -3.723761e-01
3.523458e+00 1.850000e+01 -5.500190e-01
3.526361e+00 1.950000e+01 -5.162200e-01
3.523073e+00 2.050000e+01 -1.629712e-01
3.523744e+00 2.150000e+01 1.659450e-01
3.522525e+00 2.250000e+01 1.290899e-01
3.524753e+00 2.350000e+01 1.152400e-01
3.525979e+00 2.450000e+01 2.296873e-01
4.516803e+00 5.000000e-01 8.789817e-01
4.518927e+00 1.500000e+00 1.138414e+00
4.520790e+00 2.500000e+00 6.468526e-01
4.518121e+00 3.500000e+00 -1.759666e-01
4.516605e+00 4.500000e+00 -7.871981e-02
4.518895e+00 5.500000e+00 -3.466751e-03
4.516143e+00 6.500000e+00 -5.983282e-02
4.516169e+00 7.500000e+00 -3.026696e-01
4.519290e+00 8.500000e+00 -9.381959e-02
4.519117e+00 9.500000e+00 6.424687e-02
4.517591e+00 1.050000e+01 9.755530e-02
4.517633e+00 1.150000e+01 -5.617599e-02
4.519971e+00 1.250000e+01 -3.753696e-01
4.520105e+00 1.350000e+01 -6.579592e-01
4.517514e+00 1.450000e+01 -7.438896e-01
4.517194e+00 1.550000e+01 -9.904786e-01
4.521313e+00 1.650000e+01 -5.464748e-01
4.518756e+00 1.750000e+01 -2.627272e-01
4.519042e+00 1.850000e+01 7.220846e-02
4.519227e+00 1.950000e+01 -5.313529e-01
4.519911e+00 2.050000e+01 -5.000316e-01
4.521234e+00 2.150000e+01 -5.106926e-01
4.519392e+00 2.250000e+01 -3.356535e-01
4.519871e+00 2.350000e+01 -1.926970e-01
4.518034e+00 2.450000e+01 -1.988235e-01
5.515411e+00 5.000000e-01 4.895129e-01
5.514483e+00 1.500000e+00 3.514374e-01
5.513756e+00 2.500000e+00 3.254132e-01
5.515704e+00 3.500000e+00 6.214190e-01
5.515559e+00 4.500000e+00 2.672590e-01
5.513837e+00 5.500000e+00 -1.521207e-01
5.516888e+00 6.500000e+00 -5.832108e-01
5.515576e+00 7.500000e+00 -1.304979e-01
5.516384e+00 8.500000e+00 -9.491340e-03
5.513847e+00 9.500000e+00 3.954154e-02
5.516677e+00 1.050000e+01 1.646408e-01
5.515726e+00 1.150000e+01 -3.480378e-03
5.512840e+00 1.250000e+01 -7.932114e-02
5.515115e+00 1.350000e+01 -4.224684e-01
5.513228e+00 1.450000e+01 -9.062285e-01
5.516155e+00 1.550000e+01 -8.548093e-01
5.515593e+00 1.650000e+01 -5.851854e-01
5.514342e+00 1.750000e+01 -7.301652e-01
5.514990e+00 1.850000e+01 -9.566113e-01
5.514459e+00 1.950000e+01 -3.387256e-01
5.514748e+00 2.050000e+01 -6.703007e-01
5.517036e+00 2.150000e+01 -6.942418e-01
5.513384e+00 2.250000e+01 -3.847704e-01
5.514116e+00 2.350000e+01 -1.498147e-01
5.518371e+00 2.450000e+01 -3.877038e-01
6.512396e+00 5.000000e-01 8.762752e-03
6.513260e+00 1.500000e+00 2.503808e-01
6.512639e+00 2.500000e+00 6.340945e-01
6.514474e+00 3.500000e+00 2.994598e-01
6.511178e+00 4.500000e+00 -2.236487e-02
6.513584e+00 5.500000e+00 -8.938523e-02
6.510072e+00 6.500000e+00 -7.965051e-02
6.512639e+00 7.500000e+00 -2.901701e-01
6.512762e+00 8.500000e+00 1.463128e-01
6.512649e+00 9.500000e+00 2.075660e-01
6.512422e+00 1.050000e+01 -6.006006e-02
6.512327e+00 1.150000e+01 -4.077546e-03
6.513906e+00 1.250000e+01 -1.452038e-01
6.514229e+00 1.350000e+01 -3.521842e-01
6.512275e+00 1.450000e+01 -6.139907e-01
6.512999e+00 1.550000e+01 -6.171997e-01
6.511831e+00 1.650000e+01 -9.249971e-01
6.512714e+00 1.750000e+01 -7.543489e-01
6.514002e+00 1.850000e+01 -5.053348e-01
6.512145e+00 1.950000e+01 -3.806945e-01
6.511878e+00 2.050000e+01 -1.144995e-01
6.512689e+00 2.150000e+01 -2.458049e-01
6.514151e+00 2.250000e+01 -3.197940e-01
6.511849e+00 2.350000e+01 -4.935072e-01
6.510827e+00 2.450000e+01 -1.582520e-01
7.510273e+00 5.000000e-01 -5.573731e-01
7.511802e+00 1.500000e+00 -2.610868e-01
7.509842e+00 2.500000e+00 -2.403647e-02
7.511146e+00 3.500000e+00 2.971810e-01
7.510549e+00 4.500000e+00 1.974515e-01
7.511886e+00 5.500000e+00 6.201482e-02
7.509461e+00 6.500000e+00 9.808840e-02
7.512568e+00 7.500000e+00 1.421689e-01
7.511505e+00 8.500000e+00 -1.480863e-01
7.511926e+00 9.500000e+00 -3.048381e-02
7.511084e+00 1.050000e+01 -2.130555e-02
7.511427e+00 1.150000e+01 -7.690269e-02
7.512656e+00 1.250000e+01 -1.313418e-01
7.510745e+00 1.350000e+01 -1.625813e-01
7.511400e+00 1.450000e+01 -1.722243e-01
7.510180e+00 1.550000e+01 -7.276469e-01
7.512549e+00 1.650000e+01 -8.321216e-01
7.511634e+00 1.750000e+01 -6.023963e-01
7.512741e+00 1.850000e+01 -3.517818e-01
7.512896e+00 1.950000e+01 -3.833853e-01
7.511696e+00 2.050000e+01 -2.517951e-01
7.512553e+00 2.150000e+01 -1.160317e-01
7.511612e+00 2.250000e+01 -3.449779e-01
7.511855e+00 2.350000e+01 -3.525996e-01
7.511514e+00 2.450000e+01 -5.265219e-01
8.509582e+00 5.000000e-01 -1.910370e-01
8.511198e+00 1.500000e+00 -2.046584e-01
8.510090e+00 2.500000e+00 -3.568332e-01
8.510655e+00 3.500000e+00 -2.464735e-01
8.509523e+00 4.500000e+00 -8.509720e-02
8.509582e+00 5.500000e+00 2.969925e-02
8.510791e+00 6.500000e+00 -1.101270e-02
8.511508e+00 7.500000e+00 -4.576209e-02
8.510133e+00 8.500000e+00 -1.834423e-01
8.511785e+00 9.500000e+00 -1.897018e-01
8.509288e+00 1.050000e+01 -4.260335e-02
8.508927e+00 1.150000e+01 -9.546460e-03
8.510008e+00 1.250000e+01 -8.527586e-02
8.511563e+00 1.350000e+01 -3.626569e-01
8.508958e+00 1.450000e+01 -6.469495e-01
8.510102e+00 1.550000e+01 -6.351898e-01
8.509805e+00 1.650000e+01 -4.376270e-01
8.510340e+00 1.750000e+01 -3.673904e-01
8.509897e+00 1.850000e+01 -2.808399e-01
8.509677e+00 1.950000e+01 -6.439212e-02
8.511237e+00 2.050000e+01 -1.307777e-01
8.510345e+00 2.150000e+01 -1.605973e-01
8.511130e+00 2.250000e+01 -4.092393e-01
8.508543e+00 2.350000e+01 -5.329863e-01
8.507972e+00 2.450000e+01 -2.899441e-01
9.509840e+00 5.000000e-01 2.782147e-01
9.510463e+00 1.500000e+00 1.054607e-01
9.508070e+00 2.500000e+00 -1.382065e-01
9.507704e+00 3.500000e+00 -2.005468e-01
9.507973e+00 4.500000e+00 -1.730266e-01
9.509835e+00 5.500000e+00 -1.544289e-01
9.507557e+00 6.500000e+00 5.863321e-02
9.508923e+00 7.500000e+00 1.449506e-03
9.508352e+00 8.500000e+00 -4.350276e-02
9.508642e+00 9.500000e+00 -1.897754e-01
9.507175e+00 1.050000e+01 -1.000199e-02
9.507627e+00 1.150000e+01 -5.856375e-02
9.508562e+00 1.250000e+01 -1.939890e-01
9.508561e+00 1.350000e+01 -3.202824e-01
9.510479e+00 1.450000e+01 -3.119121e-01
9.506483e+00 1.550000e+01 -1.410593e-01
9.507926e+00 1.650000e+01 -2.085150e-01
9.508233e+00 1.750000e+01 -1.964410e-01
9.508788e+00 1.850000e+01 -1.558355e-01
9.506540e+00 1.950000e+01 -1.800526e-01
9.507963e+00 2.050000e+01 -2.549950e-01
9.507963e+00 2.150000e+01 -3.711995e-01
9.509391e+00 2.250000e+01 -4.178086e-01
9.509876e+00 2.350000e+01 -4.804634e-01
9.506997e+00 2.450000e+01 -3.329959e-01
1.050918e+01 5.000000e-01 1.167108e-01
1.050664e+01 1.500000e+00 -1.102248e-01
1.050806e+01 2.500000e+00 -3.749504e-02
1.050700e+01 3.500000e+00 -1.254610e-01
1.050843e+01 4.500000e+00 -1.473994e-01
1.050767e+01 5.500000e+00 -5.390531e-02
1.050759e+01 6.500000e+00 -1.741945e-01
1.050852e+01 7.500000e+00 -3.238098e-01
1.050828e+01 8.500000e+00 -2.296393e-01
1.050725e+01 9.500000e+00 -9.422017e-02
1.050807e+01 1.050000e+01 -2.770148e-01
1.050974e+01 1.150000e+01 -2.079929e-01
1.050775e+01 1.250000e+01 -1.085213e-01
1.050861e+01 1.350000e+01 -2.160255e-01
1.050765e+01 1.450000e+01 1.959197e-02
1.050808e+01 1.550000e+01 7.788554e-02
1.050838e+01 1.650000e+01 1.747840e-01
1.050698e+01 1.750000e+01 -1.068373e-01
1.050677e+01 1.850000e+01 -1.181747e-01
1.050908e+01 1.950000e+01 -2.723458e-01
1.050728e+01 2.050000e+01 -2.292208e-01
1.050850e+01 2.150000e+01 -3.366745e-01
1.050821e+01 2.250000e+01 -4.444504e-01
1.050747e+01 2.350000e+01 -1.576667e-01
1.050800e+01 2.450000e+01 -4.723149e-01
1.150637e+01 5.000000e-01 7.383341e-02
1.150702e+01 1.500000e+00 -1.679959e-02
1.150768e+01 2.500000e+00 -1.916930e-01
1.150611e+01 3.500000e+00 -7.806515e-02
1.150720e+01 4.500000e+00 -8.638491e-02
1.150694e+01 5.500000e+00 -4.326943e-03
1.150702e+01 6.500000e+00 -1.831470e-01
1.150766e+01 7.500000e+00 -2.954462e-01
1.150799e+01 8.500000e+00 -2.837481e-01
1.150845e+01 9.500000e+00 -1.918392e-01
1.150843e+01 1.050000e+01 -2.928797e-01
1.150685e+01 1.150000e+01 -3.802180e-01
1.150626e+01 1.250000e+01 -2.772921e-01
1.150755e+01 1.350000e+01 1.267562e-01
1.150728e+01 1.450000e+01 2.804948e-01
1.150737e+01 1.550000e+01 4.064216e-01
1.150723e+01 1.650000e+01 2.716754e-01
1.150687e+01 1.750000e+01 6.016145e-02
1.150714e+01 1.850000e+01 -1.163291e-01
1.150690e+01 1.950000e+01 -2.717579e-02
1.150719e+01 2.050000e+01 -1.520367e-01
1.150683e+01 2.150000e+01 -1.123607e-01
1.150541e+01 2.250000e+01 -5.667495e-02
1.150708e+01 2.350000e+01 -3.603536e-01
1.150714e+01 2.450000e+01 -2.600213e-01
1.250694e+01 5.000000e-01 1.156215e-01
1.250724e+01 1.500000e+00 7.273839e-02
1.250718e+01 2.500000e+00 -2.052739e-01
1.250553e+01 3.500000e+00 -3.171605e-01
1.250531e+01 4.500000e+00 5.846474e-02
1.250720e+01 5.500000e+00 -1.276668e-01
1.250785e+01 6.500000e+00 -9.356136e-02
1.250684e+01 7.500000e+00 -4.222121e-02
1.250563e+01 8.500000e+00 -8.209282e-02
1.250739e+01 9.500000e+00 -4.889731e-01
1.250631e+01 1.050000e+01 -4.943616e-01
1.250655e+01 1.150000e+01 -4.157716e-01
1.250596e+01 1.250000e+01 -5.846770e-02
1.250696e+01 1.350000e+01 1.768246e-01
1.250653e+01 1.450000e+01 4.291329e-01
1.250791e+01 1.550000e+01 1.998038e-01
1.250595e+01 1.650000e+01 -2.774372e-02
1.250824e+01 1.750000e+01 1.769359e-01
1.250718e+01 1.850000e+01 -4.206534e-02
1.250698e+01 1.950000e+01 -2.887212e-01
1.250518e+01 2.050000e+01 -2.056843e-01
1.250721e+01 2.150000e+01 -5.344842e-02
1.250655e+01 2.250000e+01 6.281591e-02
1.250618e+01 2.350000e+01 4.333396e-02
1.250689e+01 2.450000e+01 -7.500284e-02
1.350624e+01 5.000000e-01 1.092992e-01
1.350632e+01 1.500000e+00 6.662696e-02
1.350654e+01 2.500000e+00 8.131222e-02
1.350760e+01 3.500000e+00 1.329657e-03
1.350492e+01 4.500000e+00 -3.224546e-01
1.350593e+01 5.500000e+00 -2.727114e-01
1.350509e+01 6.500000e+00 -1.239527e-01
1.350500e+01 7.500000e+00 6.911709e-02
1.350700e+01 8.500000e+00 -4.054333e-01
1.350592e+01 9.500000e+00 -3.879132e-01
1.350692e+01 1.050000e+01 -3.742321e-01
1.350623e+01 1.150000e+01 -2.649818e-01
1.350708e+01 1.250000e+01 -2.176968e-01
1.350595e+01 1.350000e+01 1.314215e-01
1.350720e+01 1.450000e+01 4.512397e-02
1.350607e+01 1.550000e+01 1.806768e-01
1.350575e+01 1.650000e+01 2.252882e-01
1.350592e+01 1.750000e+01 3.147688e-02
1.350659e+01 1.850000e+01 2.074286e-01
1.350584e+01 1.950000e+01 -5.370299e-02
1.350673e+01 2.050000e+01 -1.299837e-01
1.350721e+01 2.150000e+01 -1.207045e-01
1.350542e+01 2.250000e+01 -1.873147e-01
1.350658e+01 2.350000e+01 -9.828690e-02
1.350684e+01 2.450000e+01 -1.411798e-01
1.450543e+01 5.000000e-01 3.412414e-02
1.450614e+01 1.500000e+00 9.999024e-02
1.450574e+01 2.500000e+00 2.869655e-01
1.450640e+01 3.500000e+00 2.041374e-02
1.450491e+01 4.500000e+00 -3.686860e-01
1.450454e+01 5.500000e+00 -3.777373e-01
1.450579e+01 6.500000e+00 -1.999569e-01
1.450678e+01 7.500000e+00 -2.396754e-01
1.450550e+01 8.500000e+00 -8.281253e-02
1.450509e+01 9.500000e+00 -1.344650e-01
1.450516e+01 1.050000e+01 -1.820668e-01
1.450635e+01 1.150000e+01 -1.918468e-01
1.450638e+01 1.250000e+01 -2.884884e-02
1.450527e+01 1.350000e+01 -1.518520e-01
1.450579e+01 1.450000e+01 1.817632e-01
1.450594e+01 1.550000e+01 2.713383e-01
1.450552e+01 1.650000e+01 3.643130e-01
1.450535e+01 1.750000e+01 4.511962e-01
1.450615e+01 1.850000e+01 1.433901e-01
1.450700e+01 1.950000e+01 1.274354e-01
1.450532e+01 2.050000e+01 -9.425390e-02
1.450553e+01 2.150000e+01 -1.984223e-01
1.450597e+01 2.250000e+01 -1.844072e-01
1.450591e+01 2.350000e+01 -3.265619e-01
1.450582e+01 2.450000e+01 -3.037830e-01
1.550499e+01 5.000000e-01 -4.700391e-02
1.550493e+01 1.500000e+00 3.523606e-02
1.550543e+01 2.500000e+00 -2.657935e-02
1.550594e+01 3.500000e+00 -8.362350e-02
1.550431e+01 4.500000e+00 -1.528129e-01
1.550517e+01 5.500000e+00 -3.099040e-01
1.550596e+01 6.500000e+00 -3.864475e-01
1.550510e+01 7.500000e+00 -4.159443e-01
1.550539e+01 8.500000e+00 -2.035914e-01
1.550528e+01 9.500000e+00 -1.312436e-01
1.550359e+01 1.050000e+01 -3.064177e-02
1.550595e+01 1.150000e+01 5.430451e-02
1.550604e+01 1.250000e+01 -7.573936e-02
1.550535e+01 1.350000e+01 -8.765837e-02
1.550653e+01 1.450000e+01 -3.200147e-02
1.550556e+01 1.550000e+01 3.019687e-01
1.550573e+01 1.650000e+01 3.398788e-01
1.550576e+01 1.750000e+01 1.917306e-01
1.550495e+01 1.850000e+01 9.147106e-02
1.550718e+01 1.950000e+01 2.257453e-01
1.550472e+01 2.050000e+01 2.561042e-01
1.550627e+01 2.150000e+01 1.092973e-02
1.550487e+01 2.250000e+01 -1.441167e-01
1.550440e+01 2.350000e+01 -1.000789e-01
1.550459e+01 2.450000e+01 -1.167794e-01
1.650417e+01 5.000000e-01 -9.256660e-02
1.650560e+01 1.500000e+00 1.326729e-01
1.650613e+01 2.500000e+00 -1.103950e-02
1.650522e+01 3.500000e+00 4.680939e-02
1.650320e+01 4.500000e+00 2.132350e-01
1.650466e+01 5.500000e+00 1.877320e-02
1.650457e+01 6.500000e+00 -3.224647e-01
1.650328e+01 7.500000e+00 -4.256389e-01
1.650518e+01 8.500000e+00 -3.809235e-01
1.650375e+01 9.500000e+00 -7.370964e-02
1.650450e+01 1.050000e+01 2.003974e-03
1.650408e+01 1.150000e+01 -4.913325e-02
1.650614e+01 1.250000e+01 -9.565651e-02
1.650583e+01 1.350000e+01 4.431753e-03
1.650619e+01 1.450000e+01 6.878707e-02
1.650457e+01 1.550000e+01 1.463324e-01
1.650364e+01 1.650000e+01 1.571307e-01
1.650497e+01 1.750000e+01 9.031293e-02
1.650484e+01 1.850000e+01 3.021673e-01
1.650411e+01 1.950000e+01 2.336226e-01
1.650522e+01 2.050000e+01 3.544565e-01
1.650417e+01 2.150000e+01 1.421810e-01
1.650463e+01 2.250000e+01 6.562357e-02
1.650497e+01 2.350000e+01 1.588954e-01
1.650405e+01 2.450000e+01 1.884698e-01
1.750395e+01 5.000000e-01 5.692522e-02
1.750473e+01 1.500000e+00 -1.756420e-01
1.750460e+01 2.500000e+00 -5.118645e-02
1.750528e+01 3.500000e+00 4.604592e-02
1.750433e+01 4.500000e+00 4.103288e-02
1.750428e+01 5.500000e+00 -8.232548e-02
1.750436e+01 6.500000e+00 -4.151714e-01
1.750383e+01 7.500000e+00 -5.677211e-01
1.750504e+01 8.500000e+00 -5.700883e-01
1.750430e+01 9.500000e+00 -3.188092e-01
1.750485e+01 1.050000e+01 -1.178494e-01
1.750350e+01 1.150000e+01 5.139504e-02
1.750415e+01 1.250000e+01 1.104993e-01
1.750493e+01 1.350000e+01 1.118991e-01
1.750447e+01 1.450000e+01 9.510782e-02
1.750418e+01 1.550000e+01 -1.311994e-01
1.750519e+01 1.650000e+01 -5.954084e-02
1.750585e+01 1.750000e+01 1.937422e-01
1.750566e+01 1.850000e+01 2.459442e-01
1.750435e+01 1.950000e+01 2.181394e-01
1.750496e+01 2.050000e+01 -8.115220e-02
1.750502e+01 2.150000e+01 2.564189e-01
1.750368e+01 2.250000e+01 3.634673e-01
1.750431e+01 2.350000e+01 1.678161e-01
1.750439e+01 2.450000e+01 9.616735e-03
1.850554e+01 5.000000e-01 2.261490e-01
1.850458e+01 1.500000e+00 7.774494e-02
1.850365e+01 2.500000e+00 -4.991026e-02
1.850499e+01 3.500000e+00 -1.866770e-02
1.850486e+01 4.500000e+00 -6.205540e-02
1.850568e+01 5.500000e+00 -7.751875e-02
1.850349e+01 6.500000e+00 -1.788007e-01
1.850482e+01 7.500000e+00 -2.708380e-01
1.850400e+01 8.500000e+00 -3.010025e-01
1.850347e+01 9.500000e+00 -3.773656e-01
1.850502e+01 1.050000e+01 -2.909530e-01
1.850385e+01 1.150000e+01 -3.708862e-02
1.850335e+01 1.250000e+01 1.443583e-01
1.850494e+01 1.350000e+01 1.281374e-01
1.850525e+01 1.450000e+01 -2.243281e-02
1.850574e+01 1.550000e+01 -1.216113e-01
1.850355e+01 1.650000e+01 -3.949378e-02
1.850465e+01 1.750000e+01 2.060946e-01
1.850484e+01 1.850000e+01 1.561234e-01
1.850565e+01 1.950000e+01 2.375187e-03
1.850540e+01 2.050000e+01 3.079682e-01
1.850416e+01 2.150000e+01 2.840007e-01
1.850507e+01 2.250000e+01 1.682059e-01
1.850463e+01 2.350000e+01 7.901590e-02
1.850532e+01 2.450000e+01 1.131860e-01
1.950489e+01 5.000000e-01 1.163135e-01
1.950505e+01 1.500000e+00 1.171727e-01
1.950428e+01 2.500000e+00 -1.747748e-02
1.950429e+01 3.500000e+00 -1.508735e-01
1.950477e+01 4.500000e+00 -3.205970e-01
1.950436e+01 5.500000e+00 -2.345944e-01
1.950410e+01 6.500000e+00 6.498716e-02
1.950359e+01 7.500000e+00 -7.322666e-02
1.950373e+01 8.500000e+00 -1.637125e-01
1.950333e+01 9.500000e+00 -1.854738e-01
1.950514e+01 1.050000e+01 -3.286081e-02
1.950494e+01 1.150000e+01 1.431996e-02
1.950488e+01 1.250000e+01 -1.902202e-02
1.950385e+01 1.350000e+01 1.912085e-02
1.950433e+01 1.450000e+01 -3.772597e-02
1.950501e+01 1.550000e+01 -4.204512e-02
1.950395e+01 1.650000e+01 1.317185e-02
1.950425e+01 1.750000e+01 -6.363107e-02
1.950415e+01 1.850000e+01 8.571913e-02
1.950369e+01 1.950000e+01 3.258492e-01
1.950371e+01 2.050000e+01 2.185246e-01
1.950480e+01 2.150000e+01 1.295326e-01
1.950518e+01 2.250000e+01 1.893514e-01
1.950572e+01 2.350000e+01 2.124030e-01
1.950391e+01 2.450000e+01 2.385450e-01
2.050351e+01 5.000000e-01 -9.118061e-02
2.050312e+01 1.500000e+00 7.182794e-02
2.050345e+01 2.500000e+00 1.608330e-01
2.050442e+01 3.500000e+00 -1.545068e-02
2.050371e+01 4.500000e+00 -8.484720e-02
2.050362e+01 5.500000e+00 -1.213391e-01
2.050281e+01 6.500000e+00 -1.956372e-01
2.050459e+01 7.500000e+00 5.549504e-02
2.050436e+01 8.500000e+00 -4.690917e-02
2.050383e+01 9.500000e+00 -4.410634e-02
2.050380e+01 1.050000e+01 -8.875524e-02
2.050461e+01 1.150000e+01 -6.878823e-02
2.050491e+01 1.250000e+01 2.819142e-02
2.050376e+01 1.350000e+01 -3.091559e-02
2.050384e+01 1.450000e+01 -4.990175e-02
2.050452e+01 1.550000e+01 4.144051e-02
2.050325e+01 1.650000e+01 -1.652420e-01
2.050449e+01 1.750000e+01 -1.398510e-01
2.050364e+01 1.850000e+01 5.017169e-02
2.050406e+01 1.950000e+01 2.151035e-01
2.050376e+01 2.050000e+01 2.714523e-01
2.050472e+01 2.150000e+01 2.093890e-01
2.050472e+01 2.250000e+01 8.925344e-02
2.050433e+01 2.350000e+01 2.105358e-01
2.050405e+01 2.450000e+01 1.607310e-01
2.150310e+01 5.000000e-01 -1.160882e-01
2.150285e+01 1.500000e+00 4.915847e-02
2.150322e+01 2.500000e+00 1.302327e-01
2.150310e+01 3.500000e+00 9.625526e-02
2.150427e+01 4.500000e+00 1.039659e-01
2.150423e+01 5.500000e+00 1.570706e-02
2.150320e+01 6.500000e+00 -3.048331e-02
2.150426e+01 7.500000e+00 -8.697141e-02
2.150362e+01 8.500000e+00 4.104030e-02
2.150286e+01 9.500000e+00 -8.817343e-02
2.150445e+01 1.050000e+01 -1.662519e-02
2.150289e+01 1.150000e+01 -5.520763e-02
2.150277e+01 1.250000e+01 -5.934546e-02
2.150335e+01 1.350000e+01 -1.361917e-01
2.150462e+01 1.450000e+01 -1.180665e-01
2.150349e+01 1.550000e+01 -1.890705e-01
2.150354e+01 1.650000e+01 -1.962934e-01
2.150330e+01 1.750000e+01 -1.939010e-01
2.150389e+01 1.850000e+01 -9.223493e-02
2.150321e+01 1.950000e+01 8.506199e-02
2.150413e+01 2.050000e+01 1.200055e-01
2.150453e+01 2.150000e+01 8.499604e-02
2.150420e+01 2.250000e+01 9.674835e-02
2.150352e+01 2.350000e+01 1.235733e-01
2.150331e+01 2.450000e+01 2.059386e-01
2.250294e+01 5.000000e-01 3.533450e-01
2.250417e+01 1.500000e+00 1.534069e-01
2.250417e+01 2.500000e+00 1.199939e-01
2.250437e+01 3.500000e+00 2.131794e-01
2.250421e+01 4.500000e+00 1.168619e-01
2.250265e+01 5.500000e+00 1.617271e-01
2.250380e+01 6.500000e+00 1.668949e-01
2.250361e+01 7.500000e+00 1.368978e-01
2.250368e+01 8.500000e+00 1.047750e-01
2.250309e+01 9.500000e+00 4.643429e-02
2.250444e+01 1.050000e+01 -1.705597e-01
2.250419e+01 1.150000e+01 -1.457888e-01
2.250390e+01 1.250000e+01 -2.578532e-01
2.250415e+01 1.350000e+01 -1.155507e-01
2.250357e+01 1.450000e+01 -1.753040e-01
2.250361e+01 1.550000e+01 -1.786206e-01
2.250363e+01 1.650000e+01 -1.627569e-01
2.250312e+01 1.750000e+01 -1.346450e-01
2.250444e+01 1.850000e+01 -1.533566e-01
2.250425e+01 1.950000e+01 -1.569203e-01
2.250342e+01 2.050000e+01 2.077581e-02
2.250380e+01 2.150000e+01 1.443425e-01
2.250371e+01 2.250000e+01 1.724303e-01
2.250378e+01 2.350000e+01 3.488211e-02
2.250389e+01 2.450000e+01 -1.183092e-01
2.350307e+01 5.000000e-01 4.087841e-01
2.350230e+01 1.500000e+00 2.237499e-01
2.350419e+01 2.500000e+00 -5.323237e-02
2.350350e+01 3.500000e+00 2.865343e-02
2.350329e+01 4.500000e+00 9.834486e-02
2.350420e+01 5.500000e+00 1.389816e-01
2.350339e+01 6.500000e+00 3.073227e-01
2.350380e+01 7.500000e+00 3.123995e-01
2.350530e+01 8.500000e+00 2.680338e-01
2.350356e+01 9.500000e+00 2.819605e-01
2.350286e+01 1.050000e+01 4.512429e-02
2.350255e+01 1.150000e+01 -2.993099e-01
2.350395e+01 1.250000e+01 -3.107459e-01
2.350341e+01 1.350000e+01 -3.581358e-01
2.350381e+01 1.450000e+01 -2.750174e-01
2.350367e+01 1.550000e+01 -2.378504e-01
2.350425e+01 1.650000e+01 -1.673630e-01
2.350364e+01 1.750000e+01 -3.282660e-02
2.350429e+01 1.850000e+01 -1.304876e-01
2.350321e+01 1.950000e+01 -1.678400e-01
2.350364e+01 2.050000e+01 3.176042e-02
2.350328e+01 2.150000e+01 2.584343e-01
2.350481e+01 2.250000e+01 2.796947e-01
2.350332e+01 2.350000e+01 1.478954e-01
2.350476e+01 2.450000e+01 1.493648e-01
2.450398e+01 5.000000e-01 1.608195e-01
2.450397e+01 1.500000e+00 1.498728e-01
2.450274e+01 2.500000e+00 1.719155e-01
2.450255e+01 3.500000e+00 3.559829e-02
2.450276e+01 4.500000e+00 2.892675e-01
2.450330e+01 5.500000e+00 3.209851e-01
2.450396e+01 6.500000e+00 3.143849e-01
2.450275e+01 7.500000e+00 3.491635e-01
2.450343e+01 8.500000e+00 1.960104e-01
2.450373e+01 9.500000e+00 1.045140e-01
2.450318e+01 1.050000e+01 1.634158e-01
2.450326e+01 1.150000e+01 -2.605070e-02
2.450261e+01 1.250000e+01 -2.532661e-01
2.450369e+01 1.350000e+01 -2.298071e-01
2.450283e+01 1.450000e+01 -9.186122e-02
2.450298e+01 1.550000e+01 7.413945e-02
2.450332e+01 1.650000e+01 -2.337380e-02
2.450300e+01 1.750000e+01 -1.005559e-01
2.450337e+01 1.850000e+01 -8.150568e-02
2.450324e+01 1.950000e+01 -8.745395e-02
2.450274e+01 2.050000e+01 -1.182253e-01
2.450376e+01 2.150000e+01 5.233906e-02
2.450327e+01 2.250000e+01 2.539552e-01
2.450428e+01 2.350000e+01 4.056847e-01
2.450347e+01 2.450000e+01 2.668989e-01
