1.682042e-01 5.000000e-01 6.187208e+00
6.645724e-01 1.500000e+00 7.113924e+00
6.687523e-01 2.500000e+00 2.827203e+00
6.686798e-01 3.500000e+00 1.418957e+00
6.684093e-01 4.500000e+00 6.269332e-01
6.678200e-01 5.500000e+00 -5.854542e-01
6.694441e-01 6.500000e+00 2.436306e-01
6.687581e-01 7.500000e+00 8.637827e-01
6.667686e-01 8.500000e+00 -6.931669e-02
6.683805e-01 9.500000e+00 -6.630954e-01
6.662337e-01 1.050000e+01 -1.243484e+00
6.654362e-01 1.150000e+01 -1.890163e+00
6.682636e-01 1.250000e+01 -1.591569e+00
6.663018e-01 1.350000e+01 -3.213447e-01
6.660329e-01 1.450000e+01 1.142171e+00
6.603032e-01 1.550000e+01 3.651987e-01
6.666411e-01 1.650000e+01 -1.106615e+00
6.693342e-01 1.750000e+01 -1.348467e+00
6.639041e-01 1.850000e+01 -2.251149e+00
6.690394e-01 1.950000e+01 -2.577108e+00
6.633412e-01 2.050000e+01 -4.271814e-01
6.674023e-01 2.150000e+01 1.432742e-01
6.666323e-01 2.250000e+01 -2.605664e-01
6.648124e-01 2.350000e+01 -2.752469e-01
6.641694e-01 2.450000e+01 -5.577604e-03
1.555594e+00 5.000000e-01 3.941309e+00
1.553826e+00 1.500000e+00 2.492879e+00
1.555028e+00 2.500000e+00 1.131993e+00
1.553859e+00 3.500000e+00 2.728210e-01
1.555371e+00 4.500000e+00 -9.246831e-02
1.556355e+00 5.500000e+00 5.695746e-03
1.556175e+00 6.500000e+00 -2.588491e-01
1.558181e+00 7.500000e+00 -3.518049e-01
1.554699e+00 8.500000e+00 -2.829026e-01
1.557822e+00 9.500000e+00 -6.174579e-01
1.560101e+00 1.050000e+01 -1.093690e+00
1.553991e+00 1.150000e+01 -7.928739e-01
1.556569e+00 1.250000e+01 -5.184892e-01
1.555692e+00 1.350000e+01 -1.653419e-01
1.558394e+00 1.450000e+01 8.012809e-02
1.554271e+00 1.550000e+01 -5.052819e-01
1.561350e+00 1.650000e+01 -1.103515e+00
1.555783e+00 1.750000e+01 -1.170012e+00
1.556845e+00 1.850000e+01 -1.173888e+00
1.555479e+00 1.950000e+01 -9.730368e-01
1.556035e+00 2.050000e+01 -4.301943e-01
1.557212e+00 2.150000e+01 -7.184756e-02
1.556189e+00 2.250000e+01 -1.088462e-01
1.556836e+00 2.350000e+01 2.649135e-01
1.553400e+00 2.450000e+01 4.496069e-01
2.534797e+00 5.000000e-01 2.533434e+00
2.530242e+00 1.500000e+00 1.335393e+00
2.534333e+00 2.500000e+00 1.117001e+00
2.530056e+00 3.500000e+00 5.843759e-01
2.533633e+00 4.500000e+00 6.981652e-02
2.536248e+00 5.500000e+00 1.045534e-01
2.534721e+00 6.500000e+00 1.136436e-01
2.531945e+00 7.500000e+00 -5.727404e-02
2.534127e+00 8.500000e+00 -8.384117e-02
2.532555e+00 9.500000e+00 -1.216872e-01
2.533973e+00 1.050000e+01 3.391454e-02
2.533447e+00 1.150000e+01 -3.371726e-02
2.534848e+00 1.250000e+01 -2.380901e-04
2.531561e+00 1.350000e+01 3.585435e-02
2.535161e+00 1.450000e+01 -4.051313e-01
2.535639e+00 1.550000e+01 -2.942217e-01
2.535063e+00 1.650000e+01 -2.618632e-01
2.532402e+00 1.750000e+01 -1.118982e+00
2.533526e+00 1.850000e+01 -1.180392e+00
2.533305e+00 1.950000e+01 -8.513712e-01
2.533299e+00 2.050000e+01 -9.041075e-01
2.532869e+00 2.150000e+01 -2.432195e-01
2.532745e+00 2.250000e+01 4.745539e-01
2.533757e+00 2.350000e+01 2.931788e-01
2.531564e+00 2.450000e+01 3.418423e-01
3.525256e+00 5.000000e-01 1.499034e+00
3.523796e+00 1.500000e+00 1.463554e+00
3.523399e+00 2.500000e+00 5.573620e-01
3.524842e+00 3.500000e+00 6.815282e-02
3.524047e+00 4.500000e+00 1.096578e-01
3.525251e+00 5.500000e+00 -3.087359e-03
3.524246e+00 6.500000e+00 1.359032e-01
3.521401e+00 7.500000e+00 -3.904207e-02
3.522536e+00 8.500000e+00 6.306513e-02
3.521316e+00 9.500000e+00 1.516849e-01
3.523113e+00 1.050000e+01 7.195003e-02
3.524319e+00 1.150000e+01 1.279474e-01
3.523717e+00 1.250000e+01 6.918730e-02
3.522837e+00 1.350000e+01 -3.740150e-01
3.521984e+00 1.450000e+01 -7.201370e-01
3.523823e+00 1.550000e+01 -4.616883e-01
3.524959e+00 1.650000e+01 -4.826981e-01
3.523651e+00 1.750000e+01 -4.949135e-01
3.523240e+00 1.850000e+01 -5.292315e-01
3.522872e+00 1.950000e+01 -4.359690e-01
3.523083e+00 2.050000e+01 -5.761306e-01
3.523766e+00 2.150000e+01 -5.323761e-01
3.522174e+00 2.250000e+01 -5.876131e-02
3.523961e+00 2.350000e+01 4.158843e-01
3.523168e+00 2.450000e+01 2.230754e-01
4.518095e+00 5.000000e-01 1.022995e+00
4.517826e+00 1.500000e+00 5.708418e-01
4.519622e+00 2.500000e+00 1.383378e-01
4.517609e+00 3.500000e+00 9.185533e-02
4.517579e+00 4.500000e+00 1.086538e-01
4.519108e+00 5.500000e+00 1.533361e-01
4.519078e+00 6.500000e+00 -8.517857e-02
4.518582e+00 7.500000e+00 5.268080e-02
4.519323e+00 8.500000e+00 -1.182282e-01
4.519910e+00 9.500000e+00 3.264109e-02
4.518709e+00 1.050000e+01 -4.650497e-04
4.518018e+00 1.150000e+01 -5.480137e-02
4.518530e+00 1.250000e+01 -2.097983e-01
4.518477e+00 1.350000e+01 -6.745480e-01
4.518436e+00 1.450000e+01 -2.852204e-01
4.519038e+00 1.550000e+01 -8.006587e-01
4.519090e+00 1.650000e+01 -8.809631e-01
4.518782e+00 1.750000e+01 -2.444122e-01
4.518842e+00 1.850000e+01 -1.832351e-01
4.516619e+00 1.950000e+01 -7.366490e-01
4.519145e+00 2.050000e+01 -5.442200e-01
4.518596e+00 2.150000e+01 -4.636804e-01
4.518384e+00 2.250000e+01 -4.491997e-01
4.517515e+00 2.350000e+01 -1.245718e-01
4.518342e+00 2.450000e+01 -6.582941e-03
5.515603e+00 5.000000e-01 5.971489e-01
5.515127e+00 1.500000e+00 3.551205e-01
5.516058e+00 2.500000e+00 4.227598e-01
5.514677e+00 3.500000e+00 4.632341e-01
5.515978e+00 4.500000e+00 2.799671e-01
5.514040e+00 5.500000e+00 -6.413880e-02
5.515753e+00 6.500000e+00 -1.012673e-01
5.513797e+00 7.500000e+00 1.040721e-01
5.515019e+00 8.500000e+00 3.301995e-01
5.515312e+00 9.500000e+00 8.167796e-02
5.515066e+00 1.050000e+01 2.028196e-01
5.516551e+00 1.150000e+01 1.258152e-01
5.515009e+00 1.250000e+01 -4.032803e-01
5.515595e+00 1.350000e+01 -2.541941e-01
5.514451e+00 1.450000e+01 -7.711976e-01
5.514421e+00 1.550000e+01 -7.242997e-01
5.513879e+00 1.650000e+01 -4.486280e-01
5.514636e+00 1.750000e+01 -4.090351e-01
5.515039e+00 1.850000e+01 -5.030552e-01
5.514603e+00 1.950000e+01 -3.636178e-01
5.515070e+00 2.050000e+01 -3.874511e-01
5.515163e+00 2.150000e+01 -3.278464e-01
5.514478e+00 2.250000e+01 -4.200033e-01
5.516897e+00 2.350000e+01 -6.257378e-01
5.515141e+00 2.450000e+01 -4.597153e-01
6.513341e+00 5.000000e-01 4.010151e-01
6.512552e+00 1.500000e+00 4.273847e-01
6.512151e+00 2.500000e+00 3.610940e-01
6.512504e+00 3.500000e+00 9.133458e-02
6.513300e+00 4.500000e+00 -3.995451e-02
6.512988e+00 5.500000e+00 3.615281e-02
6.512726e+00 6.500000e+00 7.989198e-02
6.513548e+00 7.500000e+00 -7.749356e-02
6.512760e+00 8.500000e+00 -1.054995e-01
6.512857e+00 9.500000e+00 3.251478e-01
6.513506e+00 1.050000e+01 2.665285e-01
6.513200e+00 1.150000e+01 -1.763728e-01
6.512513e+00 1.250000e+01 -8.571758e-02
6.512754e+00 1.350000e+01 -4.540918e-01
6.513010e+00 1.450000e+01 -5.719996e-01
6.512147e+00 1.550000e+01 -4.903339e-01
6.513564e+00 1.650000e+01 -3.748047e-01
6.513418e+00 1.750000e+01 -5.669260e-01
6.513965e+00 1.850000e+01 -3.253164e-01
6.512356e+00 1.950000e+01 -1.231486e-01
6.513367e+00 2.050000e+01 -9.633715e-02
6.512021e+00 2.150000e+01 -2.941623e-01
6.511758e+00 2.250000e+01 -4.829157e-01
6.511775e+00 2.350000e+01 -4.492284e-01
6.513863e+00 2.450000e+01 -3.590821e-01
7.511201e+00 5.000000e-01 -5.733552e-01
7.512331e+00 1.500000e+00 -1.783354e-01
7.510842e+00 2.500000e+00 -7.253786e-02
7.511144e+00 3.500000e+00 2.925938e-02
7.511384e+00 4.500000e+00 1.489514e-01
7.512153e+00 5.500000e+00 2.972412e-01
7.511098e+00 6.500000e+00 2.636890e-01
7.511022e+00 7.500000e+00 1.513111e-01
7.511589e+00 8.500000e+00 -6.668479e-03
7.510159e+00 9.500000e+00 8.714316e-02
7.512275e+00 1.050000e+01 -1.858083e-01
7.510957e+00 1.150000e+01 6.975683e-02
7.508980e+00 1.250000e+01 -5.011588e-02
7.510071e+00 1.350000e+01 -2.120553e-01
7.511985e+00 1.450000e+01 -2.533409e-01
7.511020e+00 1.550000e+01 -3.646358e-01
7.511523e+00 1.650000e+01 -6.192930e-01
7.511344e+00 1.750000e+01 -3.454872e-01
7.511195e+00 1.850000e+01 -2.883623e-01
7.512970e+00 1.950000e+01 -8.537205e-02
7.510642e+00 2.050000e+01 -2.182946e-01
7.511503e+00 2.150000e+01 -3.889573e-01
7.510742e+00 2.250000e+01 -3.093406e-01
7.510328e+00 2.350000e+01 -3.629383e-01
7.510776e+00 2.450000e+01 -4.411622e-01
8.509544e+00 5.000000e-01 -2.705891e-01
8.511224e+00 1.500000e+00 -2.613155e-01
8.510430e+00 2.500000e+00 -1.783549e-01
8.509533e+00 3.500000e+00 -2.199086e-01
8.509949e+00 4.500000e+00 -3.342978e-01
8.509640e+00 5.500000e+00 -3.147657e-01
8.509188e+00 6.500000e+00 -9.049048e-02
8.508687e+00 7.500000e+00 -4.641943e-02
8.508262e+00 8.500000e+00 9.209781e-02
8.510786e+00 9.500000e+00 -2.029045e-01
8.510922e+00 1.050000e+01 -7.509884e-02
8.510287e+00 1.150000e+01 -2.705489e-01
8.508949e+00 1.250000e+01 -3.509918e-01
8.509235e+00 1.350000e+01 -3.869317e-01
8.510362e+00 1.450000e+01 -4.977719e-01
8.509923e+00 1.550000e+01 -4.912393e-01
8.509505e+00 1.650000e+01 -4.051089e-01
8.510851e+00 1.750000e+01 -3.890221e-01
8.510229e+00 1.850000e+01 -7.799501e-02
8.508691e+00 1.950000e+01 -1.227305e-01
8.510002e+00 2.050000e+01 -1.284438e-01
8.510189e+00 2.150000e+01 -2.186755e-01
8.510173e+00 2.250000e+01 -4.327192e-01
8.508034e+00 2.350000e+01 -5.663534e-01
8.510332e+00 2.450000e+01 -4.674110e-01
9.508669e+00 5.000000e-01 -3.631047e-02
9.509404e+00 1.500000e+00 -8.728846e-02
9.508663e+00 2.500000e+00 -1.186993e-01
9.508703e+00 3.500000e+00 -1.000631e-01
9.509472e+00 4.500000e+00 -9.541828e-02
9.509025e+00 5.500000e+00 -2.903045e-01
9.509848e+00 6.500000e+00 -3.150914e-01
9.509081e+00 7.500000e+00 6.260210e-02
9.509312e+00 8.500000e+00 -9.062780e-02
9.509391e+00 9.500000e+00 -2.313790e-01
9.508881e+00 1.050000e+01 -2.025436e-01
9.507799e+00 1.150000e+01 -2.209983e-01
9.510397e+00 1.250000e+01 -4.071999e-01
9.509624e+00 1.350000e+01 -3.443576e-01
9.510118e+00 1.450000e+01 -3.113718e-01
9.509570e+00 1.550000e+01 -3.168935e-01
9.508485e+00 1.650000e+01 -1.946763e-01
9.508754e+00 1.750000e+01 -1.855364e-01
9.509346e+00 1.850000e+01 -3.403903e-01
9.508986e+00 1.950000e+01 -3.669953e-01
9.508076e+00 2.050000e+01 -3.709764e-01
9.509132e+00 2.150000e+01 -3.330233e-01
9.508544e+00 2.250000e+01 -5.486695e-01
9.508669e+00 2.350000e+01 -4.946796e-01
9.509527e+00 2.450000e+01 -2.991021e-01
1.050782e+01 5.000000e-01 1.597630e-01
1.050818e+01 1.500000e+00 -2.320093e-02
1.050809e+01 2.500000e+00 -1.315318e-01
1.050836e+01 3.500000e+00 -9.477728e-03
1.050729e+01 4.500000e+00 -2.032853e-01
1.050797e+01 5.500000e+00 -2.015660e-01
1.050722e+01 6.500000e+00 -2.423573e-01
1.050959e+01 7.500000e+00 -4.699402e-01
1.050848e+01 8.500000e+00 -2.696643e-01
1.050808e+01 9.500000e+00 -1.630774e-01
1.050836e+01 1.050000e+01 -2.971014e-01
1.050802e+01 1.150000e+01 -2.428991e-01
1.050866e+01 1.250000e+01 -1.991921e-01
1.050767e+01 1.350000e+01 -1.482199e-01
1.050854e+01 1.450000e+01 -9.355832e-02
1.050750e+01 1.550000e+01 3.582711e-02
1.050800e+01 1.650000e+01 -6.179455e-02
1.050856e+01 1.750000e+01 -5.473152e-02
1.050717e+01 1.850000e+01 -3.289967e-01
1.050849e+01 1.950000e+01 -2.886940e-01
1.050782e+01 2.050000e+01 -2.505178e-01
1.050573e+01 2.150000e+01 -4.563505e-01
1.050874e+01 2.250000e+01 -3.269925e-01
1.050792e+01 2.350000e+01 -3.793692e-01
1.050742e+01 2.450000e+01 -4.395017e-01
1.150710e+01 5.000000e-01 -8.578736e-02
1.150604e+01 1.500000e+00 -4.833685e-02
1.150761e+01 2.500000e+00 -2.001476e-02
1.150644e+01 3.500000e+00 -1.534738e-01
1.150788e+01 4.500000e+00 5.408369e-02
1.150742e+01 5.500000e+00 1.369959e-02
1.150768e+01 6.500000e+00 -2.864146e-01
1.150779e+01 7.500000e+00 -4.712156e-01
1.150704e+01 8.500000e+00 -4.022823e-01
1.150732e+01 9.500000e+00 -2.439021e-01
1.150697e+01 1.050000e+01 -1.287001e-01
1.150683e+01 1.150000e+01 -2.419843e-01
1.150604e+01 1.250000e+01 -5.623920e-02
1.150782e+01 1.350000e+01 8.573968e-02
1.150669e+01 1.450000e+01 2.728888e-01
1.150725e+01 1.550000e+01 1.757431e-01
1.150789e+01 1.650000e+01 1.620519e-01
1.150723e+01 1.750000e+01 -8.948105e-02
1.150752e+01 1.850000e+01 -9.772336e-02
1.150785e+01 1.950000e+01 -1.600030e-01
1.150706e+01 2.050000e+01 -2.873642e-01
1.150779e+01 2.150000e+01 -1.477061e-01
1.150752e+01 2.250000e+01 -2.155326e-01
1.150803e+01 2.350000e+01 -2.092635e-01
1.150665e+01 2.450000e+01 -3.537548e-01
1.250758e+01 5.000000e-01 1.965811e-02
1.250566e+01 1.500000e+00 -6.429156e-02
1.250721e+01 2.500000e+00 -1.981894e-01
1.250738e+01 3.500000e+00 -1.416944e-01
1.250686e+01 4.500000e+00 6.086845e-02
1.250758e+01 5.500000e+00 1.246622e-01
1.250643e+01 6.500000e+00 5.942894e-02
1.250698e+01 7.500000e+00 -1.262701e-01
1.250692e+01 8.500000e+00 -4.539631e-01
1.250642e+01 9.500000e+00 -4.261325e-01
1.250619e+01 1.050000e+01 -3.457454e-01
1.250813e+01 1.150000e+01 -1.054363e-01
1.250571e+01 1.250000e+01 -5.879861e-03
1.250640e+01 1.350000e+01 1.541250e-01
1.250622e+01 1.450000e+01 1.431636e-01
1.250668e+01 1.550000e+01 2.689228e-01
1.250656e+01 1.650000e+01 1.034008e-01
1.250654e+01 1.750000e+01 1.820911e-01
1.250580e+01 1.850000e+01 4.386344e-02
1.250780e+01 1.950000e+01 -2.124173e-01
1.250658e+01 2.050000e+01 -2.743074e-01
1.250657e+01 2.150000e+01 -1.582949e-01
1.250608e+01 2.250000e+01 3.188917e-02
1.250609e+01 2.350000e+01 -1.563356e-01
1.250782e+01 2.450000e+01 -2.511753e-01
1.350641e+01 5.000000e-01 4.041244e-02
1.350604e+01 1.500000e+00 2.003276e-02
1.350679e+01 2.500000e+00 4.051381e-02
1.350681e+01 3.500000e+00 -1.008645e-01
1.350641e+01 4.500000e+00 -3.458260e-01
1.350696e+01 5.500000e+00 -2.789874e-01
1.350551e+01 6.500000e+00 -1.228070e-01
1.350562e+01 7.500000e+00 -2.115257e-01
1.350568e+01 8.500000e+00 -3.384368e-01
1.350654e+01 9.500000e+00 -5.116395e-01
1.350607e+01 1.050000e+01 -3.989733e-01
1.350583e+01 1.150000e+01 -2.547447e-01
1.350596e+01 1.250000e+01 -4.137912e-02
1.350598e+01 1.350000e+01 -1.445362e-02
1.350622e+01 1.450000e+01 8.068266e-02
1.350588e+01 1.550000e+01 1.115117e-01
1.350531e+01 1.650000e+01 2.602810e-01
1.350625e+01 1.750000e+01 1.757165e-01
1.350624e+01 1.850000e+01 1.429711e-01
1.350558e+01 1.950000e+01 7.354045e-02
1.350616e+01 2.050000e+01 -5.694608e-02
1.350637e+01 2.150000e+01 -2.432775e-01
1.350650e+01 2.250000e+01 -4.021498e-01
1.350541e+01 2.350000e+01 -2.122097e-01
1.350753e+01 2.450000e+01 -2.065111e-01
1.450543e+01 5.000000e-01 1.167968e-01
1.450611e+01 1.500000e+00 9.728254e-02
1.450466e+01 2.500000e+00 1.181907e-01
1.450554e+01 3.500000e+00 -6.977554e-02
1.450605e+01 4.500000e+00 -2.644631e-01
1.450535e+01 5.500000e+00 -4.492851e-01
1.450607e+01 6.500000e+00 -3.729617e-01
1.450606e+01 7.500000e+00 -1.992460e-01
1.450628e+01 8.500000e+00 -1.300888e-01
1.450622e+01 9.500000e+00 -2.418597e-01
1.450471e+01 1.050000e+01 -2.426313e-01
1.450560e+01 1.150000e+01 -1.773464e-01
1.450597e+01 1.250000e+01 -1.754533e-01
1.450517e+01 1.350000e+01 3.550392e-03
1.450584e+01 1.450000e+01 1.952139e-01
1.450542e+01 1.550000e+01 2.791613e-01
1.450574e+01 1.650000e+01 3.248727e-01
1.450521e+01 1.750000e+01 2.400744e-01
1.450493e+01 1.850000e+01 7.449734e-02
1.450508e+01 1.950000e+01 1.096635e-02
1.450539e+01 2.050000e+01 -9.568225e-02
1.450566e+01 2.150000e+01 -1.618807e-01
1.450559e+01 2.250000e+01 -1.642626e-01
1.450571e+01 2.350000e+01 -2.470170e-01
1.450578e+01 2.450000e+01 -1.808693e-01
1.550552e+01 5.000000e-01 -1.599393e-01
1.550504e+01 1.500000e+00 4.064326e-02
1.550450e+01 2.500000e+00 -6.726664e-02
1.550513e+01 3.500000e+00 -2.059971e-01
1.550518e+01 4.500000e+00 -2.025114e-01
1.550539e+01 5.500000e+00 -2.646794e-01
1.550518e+01 6.500000e+00 -4.169744e-01
1.550549e+01 7.500000e+00 -2.277747e-01
1.550489e+01 8.500000e+00 -2.099753e-01
1.550536e+01 9.500000e+00 -1.587494e-01
1.550471e+01 1.050000e+01 -1.778053e-01
1.550496e+01 1.150000e+01 -1.116127e-01
1.550542e+01 1.250000e+01 -4.102188e-02
1.550594e+01 1.350000e+01 3.086435e-02
1.550529e+01 1.450000e+01 9.242011e-02
1.550508e+01 1.550000e+01 1.939980e-01
1.550525e+01 1.650000e+01 1.511176e-01
1.550509e+01 1.750000e+01 1.237956e-01
1.550547e+01 1.850000e+01 1.123133e-01
1.550610e+01 1.950000e+01 1.421975e-01
1.550595e+01 2.050000e+01 1.736999e-01
1.550554e+01 2.150000e+01 1.710687e-02
1.550536e+01 2.250000e+01 -1.545608e-01
1.550495e+01 2.350000e+01 -1.123520e-01
1.550495e+01 2.450000e+01 -1.425579e-01
1.650503e+01 5.000000e-01 3.133486e-03
1.650541e+01 1.500000e+00 -1.188302e-01
1.650451e+01 2.500000e+00 -1.283304e-01
1.650585e+01 3.500000e+00 -4.983913e-02
1.650364e+01 4.500000e+00 -8.521558e-02
1.650461e+01 5.500000e+00 -1.430198e-01
1.650423e+01 6.500000e+00 -2.560460e-01
1.650566e+01 7.500000e+00 -4.954874e-01
1.650525e+01 8.500000e+00 -3.830490e-01
1.650498e+01 9.500000e+00 -1.282114e-01
1.650478e+01 1.050000e+01 -7.654799e-02
1.650593e+01 1.150000e+01 -1.838854e-01
1.650529e+01 1.250000e+01 -7.113658e-02
1.650496e+01 1.350000e+01 -2.958107e-02
1.650464e+01 1.450000e+01 6.173389e-02
1.650505e+01 1.550000e+01 1.622589e-01
1.650496e+01 1.650000e+01 6.203825e-02
1.650529e+01 1.750000e+01 4.424882e-02
1.650518e+01 1.850000e+01 1.715383e-01
1.650462e+01 1.950000e+01 1.318368e-01
1.650513e+01 2.050000e+01 1.502129e-01
1.650480e+01 2.150000e+01 1.592306e-01
1.650441e+01 2.250000e+01 1.544531e-01
1.650511e+01 2.350000e+01 1.026559e-01
1.650602e+01 2.450000e+01 1.077988e-01
1.750451e+01 5.000000e-01 1.377454e-01
1.750518e+01 1.500000e+00 -6.443353e-02
1.750450e+01 2.500000e+00 -9.995730e-02
1.750595e+01 3.500000e+00 -9.530869e-02
1.750432e+01 4.500000e+00 -2.282600e-01
1.750550e+01 5.500000e+00 -2.944673e-01
1.750528e+01 6.500000e+00 -4.413978e-01
1.750491e+01 7.500000e+00 -4.611071e-01
1.750382e+01 8.500000e+00 -3.760831e-01
1.750539e+01 9.500000e+00 -2.926145e-01
1.750538e+01 1.050000e+01 -1.485283e-01
1.750430e+01 1.150000e+01 3.724113e-02
1.750494e+01 1.250000e+01 3.235938e-02
1.750411e+01 1.350000e+01 1.147048e-01
1.750459e+01 1.450000e+01 -4.163574e-02
1.750506e+01 1.550000e+01 -1.388403e-01
1.750448e+01 1.650000e+01 -1.233886e-02
1.750432e+01 1.750000e+01 1.209019e-01
1.750455e+01 1.850000e+01 1.436537e-01
1.750510e+01 1.950000e+01 2.149581e-01
1.750450e+01 2.050000e+01 1.181367e-01
1.750452e+01 2.150000e+01 1.312011e-01
1.750495e+01 2.250000e+01 1.523958e-01
1.750493e+01 2.350000e+01 8.282739e-02
1.750521e+01 2.450000e+01 1.773482e-01
1.850391e+01 5.000000e-01 1.780285e-01
1.850489e+01 1.500000e+00 1.780748e-01
1.850498e+01 2.500000e+00 6.085386e-02
1.850405e+01 3.500000e+00 -6.994903e-02
1.850463e+01 4.500000e+00 -1.392926e-01
1.850383e+01 5.500000e+00 -3.115323e-01
1.850452e+01 6.500000e+00 -3.218151e-01
1.850449e+01 7.500000e+00 -2.721373e-01
1.850436e+01 8.500000e+00 -3.623229e-01
1.850430e+01 9.500000e+00 -3.471492e-01
1.850380e+01 1.050000e+01 -1.845874e-01
1.850483e+01 1.150000e+01 -2.566929e-02
1.850447e+01 1.250000e+01 -4.166824e-03
1.850455e+01 1.350000e+01 -7.046685e-02
1.850456e+01 1.450000e+01 -4.412745e-02
1.850432e+01 1.550000e+01 -9.505210e-02
1.850451e+01 1.650000e+01 -8.118657e-03
1.850529e+01 1.750000e+01 1.237975e-01
1.850432e+01 1.850000e+01 2.039191e-01
1.850348e+01 1.950000e+01 1.913229e-01
1.850498e+01 2.050000e+01 1.917914e-01
1.850416e+01 2.150000e+01 2.388515e-01
1.850444e+01 2.250000e+01 2.318264e-01
1.850410e+01 2.350000e+01 2.286756e-01
1.850450e+01 2.450000e+01 1.001918e-01
1.950441e+01 5.000000e-01 1.380639e-01
1.950393e+01 1.500000e+00 2.884245e-01
1.950426e+01 2.500000e+00 1.926156e-01
1.950403e+01 3.500000e+00 -2.413918e-02
1.950462e+01 4.500000e+00 -1.330475e-01
1.950413e+01 5.500000e+00 -9.693360e-02
1.950440e+01 6.500000e+00 -1.000815e-01
1.950386e+01 7.500000e+00 -1.789358e-01
1.950367e+01 8.500000e+00 -1.064053e-01
1.950401e+01 9.500000e+00 -9.683051e-02
1.950432e+01 1.050000e+01 -5.865967e-02
1.950423e+01 1.150000e+01 -7.528877e-02
1.950325e+01 1.250000e+01 -1.241309e-01
1.950484e+01 1.350000e+01 -1.228208e-01
1.950412e+01 1.450000e+01 -1.329650e-01
1.950384e+01 1.550000e+01 -3.608345e-02
1.950397e+01 1.650000e+01 -3.269950e-02
1.950375e+01 1.750000e+01 4.893289e-02
1.950459e+01 1.850000e+01 5.810984e-02
1.950502e+01 1.950000e+01 1.415699e-01
1.950425e+01 2.050000e+01 3.463185e-01
1.950424e+01 2.150000e+01 3.728067e-01
1.950448e+01 2.250000e+01 3.128653e-01
1.950438e+01 2.350000e+01 3.661755e-01
1.950429e+01 2.450000e+01 3.240967e-01
2.050301e+01 5.000000e-01 -2.894336e-02
2.050440e+01 1.500000e+00 4.852848e-02
2.050433e+01 2.500000e+00 2.030915e-01
2.050429e+01 3.500000e+00 1.240229e-01
2.050315e+01 4.500000e+00 1.474348e-03
2.050367e+01 5.500000e+00 -9.619144e-02
2.050458e+01 6.500000e+00 -9.754467e-02
2.050434e+01 7.500000e+00 -5.790834e-02
2.050391e+01 8.500000e+00 -7.946067e-02
2.050422e+01 9.500000e+00 -6.342251e-02
2.050407e+01 1.050000e+01 -5.043769e-02
2.050456e+01 1.150000e+01 -1.224308e-01
2.050380e+01 1.250000e+01 -9.853288e-02
2.050432e+01 1.350000e+01 -2.243532e-01
2.050401e+01 1.450000e+01 -1.718515e-01
2.050393e+01 1.550000e+01 -1.370135e-02
2.050463e+01 1.650000e+01 -3.319108e-02
2.050428e+01 1.750000e+01 -5.628682e-02
2.050436e+01 1.850000e+01 1.398519e-01
2.050386e+01 1.950000e+01 2.425827e-01
2.050434e+01 2.050000e+01 2.934749e-01
2.050367e+01 2.150000e+01 3.081929e-01
2.050392e+01 2.250000e+01 3.837983e-01
2.050356e+01 2.350000e+01 2.568515e-01
2.050391e+01 2.450000e+01 3.429111e-01
2.150410e+01 5.000000e-01 8.309019e-02
2.150349e+01 1.500000e+00 -1.093137e-01
2.150367e+01 2.500000e+00 -5.975076e-02
2.150377e+01 3.500000e+00 1.813438e-01
2.150498e+01 4.500000e+00 1.215229e-01
2.150428e+01 5.500000e+00 7.943353e-02
2.150375e+01 6.500000e+00 6.451886e-02
2.150412e+01 7.500000e+00 -2.296673e-02
2.150420e+01 8.500000e+00 -9.247468e-02
2.150430e+01 9.500000e+00 -8.836116e-02
2.150399e+01 1.050000e+01 -1.961659e-01
2.150487e+01 1.150000e+01 -3.749956e-02
2.150413e+01 1.250000e+01 -1.568011e-01
2.150351e+01 1.350000e+01 -1.301262e-01
2.150341e+01 1.450000e+01 -1.685572e-01
2.150327e+01 1.550000e+01 -2.018811e-01
2.150384e+01 1.650000e+01 -1.218156e-01
2.150441e+01 1.750000e+01 -1.301173e-01
2.150417e+01 1.850000e+01 -9.955023e-02
2.150369e+01 1.950000e+01 7.566706e-02
2.150273e+01 2.050000e+01 1.217495e-01
2.150352e+01 2.150000e+01 1.997518e-01
2.150405e+01 2.250000e+01 1.959971e-01
2.150294e+01 2.350000e+01 2.173451e-01
2.150316e+01 2.450000e+01 1.367490e-01
2.250433e+01 5.000000e-01 8.001874e-02
2.250408e+01 1.500000e+00 1.164211e-01
2.250373e+01 2.500000e+00 6.964090e-02
2.250394e+01 3.500000e+00 5.085355e-02
2.250390e+01 4.500000e+00 1.753654e-01
2.250250e+01 5.500000e+00 2.391024e-01
2.250374e+01 6.500000e+00 1.928666e-01
2.250392e+01 7.500000e+00 1.035762e-01
2.250341e+01 8.500000e+00 7.078136e-02
2.250330e+01 9.500000e+00 -5.807469e-02
2.250346e+01 1.050000e+01 -1.224147e-02
2.250331e+01 1.150000e+01 -1.773278e-01
2.250378e+01 1.250000e+01 -7.243803e-02
2.250409e+01 1.350000e+01 -7.900433e-02
2.250410e+01 1.450000e+01 -1.264354e-01
2.250381e+01 1.550000e+01 -2.917380e-01
2.250327e+01 1.650000e+01 -1.488944e-01
2.250392e+01 1.750000e+01 -1.999170e-02
2.250361e+01 1.850000e+01 -4.840409e-02
2.250444e+01 1.950000e+01 2.968037e-03
2.250391e+01 2.050000e+01 1.618461e-01
2.250298e+01 2.150000e+01 1.086479e-01
2.250351e+01 2.250000e+01 1.156544e-01
2.250437e+01 2.350000e+01 7.352857e-02
2.250377e+01 2.450000e+01 5.449709e-02
2.350383e+01 5.000000e-01 2.321100e-01
2.350373e+01 1.500000e+00 1.731644e-01
2.350315e+01 2.500000e+00 8.423478e-02
2.350305e+01 3.500000e+00 -1.868678e-02
2.350391e+01 4.500000e+00 1.021271e-01
2.350336e+01 5.500000e+00 2.019665e-01
2.350341e+01 6.500000e+00 1.696659e-01
2.350353e+01 7.500000e+00 2.629879e-01
2.350407e+01 8.500000e+00 1.634267e-01
2.350322e+01 9.500000e+00 7.299403e-02
2.350443e+01 1.050000e+01 -8.188070e-02
2.350284e+01 1.150000e+01 -1.985695e-01
2.350343e+01 1.250000e+01 -2.212502e-01
2.350313e+01 1.350000e+01 -1.163094e-01
2.350323e+01 1.450000e+01 -1.569757e-01
2.350372e+01 1.550000e+01 -9.573432e-02
2.350393e+01 1.650000e+01 -2.203782e-01
2.350326e+01 1.750000e+01 -9.757149e-02
2.350427e+01 1.850000e+01 3.288659e-02
2.350344e+01 1.950000e+01 -2.545636e-02
2.350458e+01 2.050000e+01 1.085808e-01
2.350428e+01 2.150000e+01 2.450959e-01
2.350354e+01 2.250000e+01 2.242169e-01
2.350397e+01 2.350000e+01 2.353832e-01
2.350375e+01 2.450000e+01 1.573626e-01
2.450281e+01 5.000000e-01 1.613029e-01
2.450346e+01 1.500000e+00 1.789054e-01
2.450230e+01 2.500000e+00 1.508122e-01
2.450377e+01 3.500000e+00 1.622823e-01
2.450308e+01 4.500000e+00 2.034785e-01
2.450343e+01 5.500000e+00 2.576862e-01
2.450303e+01 6.500000e+00 3.081742e-01
2.450350e+01 7.500000e+00 2.705527e-01
2.450340e+01 8.500000e+00 2.461999e-01
2.450315e+01 9.500000e+00 1.536875e-01
2.450293e+01 1.050000e+01 -3.140654e-02
2.450364e+01 1.150000e+01 -8.378837e-02
2.450354e+01 1.250000e+01 -1.896426e-01
2.450331e+01 1.350000e+01 -2.086242e-01
2.450402e+01 1.450000e+01 -8.775662e-02
2.450273e+01 1.550000e+01 -5.957756e-02
2.450333e+01 1.650000e+01 -3.020042e-02
2.450282e+01 1.750000e+01 -7.224872e-02
2.450299e+01 1.850000e+01 1.314354e-05
2.450398e+01 1.950000e+01 1.750144e-02
2.450308e+01 2.050000e+01 -1.422221e-02
2.450238e+01 2.150000e+01 5.939168e-02
2.450315e+01 2.250000e+01 1.609365e-01
2.450295e+01 2.350000e+01 2.762545e-01
2.450333e+01 2.450000e+01 2.046030e-01
