1.111626e-01 2.267851e+00
1.352653e-01 1.630034e+00
1.646730e-01 1.180210e+00
2.004823e-01 8.757986e-01
2.440872e-01 6.866682e-01
2.971187e-01 5.740055e-01
3.616130e-01 5.123657e-01
4.400123e-01 4.715890e-01
5.352441e-01 4.279633e-01
6.512378e-01 3.813841e-01
7.923406e-01 3.378425e-01
9.638556e-01 2.869505e-01
1.172771e+00 2.341077e-01
1.427006e+00 1.893916e-01
1.736293e+00 1.531048e-01
2.112745e+00 1.231371e-01
2.570533e+00 9.809494e-02
3.127625e+00 7.746971e-02
3.805033e+00 6.047595e-02
4.630733e+00 4.620767e-02
5.664224e+00 3.443182e-02
6.893247e+00 2.491295e-02
8.211885e+00 1.728415e-02
9.753422e+00 1.153243e-02
1.275357e+01 7.347465e-03
1.393726e+01 4.239798e-03
1.784804e+01 2.364635e-03
1.876473e+01 1.721382e-03
2.228358e+01 9.981394e-04
