1.075732e+00 9.299719e+00
1.238665e+00 7.627338e+00
1.426277e+00 6.072085e+00
1.642305e+00 4.971377e+00
1.891054e+00 4.015738e+00
2.177479e+00 3.352084e+00
2.507286e+00 2.719183e+00
2.887047e+00 2.187864e+00
3.324328e+00 1.830066e+00
3.827841e+00 1.455376e+00
4.407617e+00 1.172048e+00
5.075209e+00 9.319275e-01
5.843915e+00 7.214812e-01
6.729052e+00 5.605000e-01
7.748255e+00 4.172296e-01
8.921829e+00 3.394057e-01
1.027316e+01 2.409493e-01
1.182916e+01 1.703177e-01
1.362084e+01 1.126995e-01
1.568389e+01 7.371376e-02
1.805942e+01 4.069160e-02
2.079476e+01 3.241963e-02
2.394440e+01 3.006716e-02
2.757109e+01 1.694290e-02
