5.147920e+09 0.000000e+00 0.000000e+00 0.000000e+00 0.000000e+00
1.568673e+10 1.828354e-05 4.275887e-03 0.000000e+00 0.000000e+00
4.309668e+10 4.745429e-02 2.126085e-01 0.000000e+00 0.000000e+00
1.180003e+11 5.813652e-01 4.933353e-01 2.044931e-02 1.415314e-01
3.218867e+11 9.574468e-01 2.018475e-01 4.551672e-01 6.629324e-01
8.813751e+11 1.000000e+00 0.000000e+00 1.818750e+00 1.435583e+00
2.637955e+12 1.000000e+00 0.000000e+00 5.187500e+00 3.339513e+00
nan nan nan nan nan
nan nan nan nan nan
nan nan nan nan nan
