5.225772e+09 0.000000e+00 0.000000e+00 0.000000e+00 0.000000e+00
1.610729e+10 0.000000e+00 0.000000e+00 0.000000e+00 0.000000e+00
4.438133e+10 0.000000e+00 0.000000e+00 0.000000e+00 0.000000e+00
1.236127e+11 0.000000e+00 0.000000e+00 0.000000e+00 0.000000e+00
3.425403e+11 7.795751e-04 2.790999e-02 0.000000e+00 0.000000e+00
9.476762e+11 2.595156e-03 1.123758e-01 5.767013e-04 2.400768e-02
2.560962e+12 1.000000e+00 2.999670e-01 7.172131e-03 8.438419e-02
7.158399e+12 1.000000e+00 4.054514e-01 6.451613e-02 2.637620e-01
1.838992e+13 1.000000e+00 5.221424e-01 3.870968e-01 7.037879e-01
5.862101e+13 1.000000e+00 6.009252e-01 3.333333e-01 4.714045e-01
