5.239946e+09 1.503911e-06 1.226340e-03 0.000000e+00 0.000000e+00
1.595832e+10 0.000000e+00 0.000000e+00 0.000000e+00 0.000000e+00
4.421861e+10 5.551700e-03 7.430262e-02 0.000000e+00 0.000000e+00
1.221316e+11 2.735400e-01 4.457756e-01 1.633616e-03 4.038499e-02
3.381072e+11 8.554939e-01 3.516022e-01 1.258036e-01 3.479679e-01
9.243668e+11 9.988802e-01 3.344498e-02 8.359462e-01 8.567407e-01
2.495295e+12 1.000000e+00 0.000000e+00 2.397222e+00 1.709611e+00
6.425948e+12 1.000000e+00 0.000000e+00 6.382979e+00 3.652765e+00
1.828377e+13 1.000000e+00 0.000000e+00 1.633333e+01 5.676462e+00
4.842681e+13 1.000000e+00 0.000000e+00 4.800000e+01 0.000000e+00
