5.224755e+09 0.000000e+00 0.000000e+00 0.000000e+00 0.000000e+00
1.583146e+10 1.843261e-05 4.293282e-03 0.000000e+00 0.000000e+00
4.362479e+10 1.859635e-02 1.350945e-01 0.000000e+00 0.000000e+00
1.204798e+11 4.425222e-01 4.966853e-01 5.860754e-03 7.633090e-02
3.296394e+11 9.333522e-01 2.494111e-01 2.603784e-01 4.933707e-01
8.906416e+11 1.000000e+00 0.000000e+00 1.259520e+00 1.062403e+00
2.397556e+12 1.000000e+00 0.000000e+00 3.763441e+00 2.065580e+00
6.738691e+12 1.000000e+00 0.000000e+00 9.909091e+00 4.660366e+00
nan nan nan nan nan
nan nan nan nan nan
