5.239946e+09 0.000000e+00 0.000000e+00 0.000000e+00 0.000000e+00
1.595832e+10 0.000000e+00 0.000000e+00 0.000000e+00 0.000000e+00
4.421861e+10 0.000000e+00 0.000000e+00 0.000000e+00 0.000000e+00
1.221316e+11 9.075646e-05 9.526186e-03 0.000000e+00 0.000000e+00
3.381072e+11 2.191701e-03 4.676427e-02 0.000000e+00 0.000000e+00
9.243668e+11 2.855543e-02 1.665534e-01 2.239642e-03 4.727183e-02
2.495295e+12 5.555556e-02 2.290614e-01 5.555556e-03 7.432827e-02
6.425948e+12 1.702128e-01 3.758196e-01 4.255319e-02 2.018475e-01
1.828377e+13 1.666667e-01 3.726780e-01 1.666667e-01 3.726780e-01
4.842681e+13 0.000000e+00 0.000000e+00 1.000000e+00 0.000000e+00
