5.225772e+09 0.000000e+00 0.000000e+00 0.000000e+00 0.000000e+00
1.610729e+10 9.079436e-06 3.013197e-03 0.000000e+00 0.000000e+00
4.438133e+10 1.154706e-03 3.396134e-02 0.000000e+00 0.000000e+00
1.236127e+11 1.749160e-01 3.798952e-01 3.463683e-05 5.885205e-03
3.425403e+11 8.015007e-01 3.988701e-01 5.885792e-02 2.410854e-01
9.476762e+11 9.950980e-01 6.984219e-02 5.415225e-01 7.138078e-01
2.560962e+12 1.000000e+00 0.000000e+00 1.757172e+00 1.413289e+00
7.158399e+12 1.000000e+00 0.000000e+00 4.755760e+00 2.373097e+00
1.838992e+13 1.000000e+00 0.000000e+00 1.248387e+01 4.157162e+00
5.862101e+13 1.000000e+00 0.000000e+00 2.966667e+01 1.788544e+01
