0.000000000000000000e+00 3.800000000000000000e+02
7.499999999999999722e-02 2.180000000000000000e+03
1.499999999999999944e-01 2.900000000000000000e+03
2.249999999999999778e-01 2.400000000000000000e+03
2.999999999999999889e-01 1.660000000000000000e+03
3.750000000000000000e-01 1.220000000000000000e+03
4.499999999999999556e-01 1.640000000000000000e+03
5.250000000000000222e-01 8.800000000000000000e+02
5.999999999999999778e-01 8.000000000000000000e+02
6.749999999999999334e-01 7.200000000000000000e+02
7.500000000000000000e-01 8.800000000000000000e+02
