0.000000000000000000e+00 1.520000000000000000e+03
7.499999999999999722e-02 5.200000000000000000e+03
1.499999999999999944e-01 6.860000000000000000e+03
2.249999999999999778e-01 7.120000000000000000e+03
2.999999999999999889e-01 5.960000000000000000e+03
3.750000000000000000e-01 5.260000000000000000e+03
4.499999999999999556e-01 4.320000000000000000e+03
5.250000000000000222e-01 4.200000000000000000e+03
5.999999999999999778e-01 3.480000000000000000e+03
6.749999999999999334e-01 2.880000000000000000e+03
7.500000000000000000e-01 3.040000000000000000e+03
