0.000000000000000000e+00 2.260000000000000000e+03
7.499999999999999722e-02 7.880000000000000000e+03
1.499999999999999944e-01 1.034000000000000000e+04
2.249999999999999778e-01 1.140000000000000000e+04
2.999999999999999889e-01 9.660000000000000000e+03
3.750000000000000000e-01 7.800000000000000000e+03
4.499999999999999556e-01 7.200000000000000000e+03
5.250000000000000222e-01 6.280000000000000000e+03
5.999999999999999778e-01 5.080000000000000000e+03
6.749999999999999334e-01 4.840000000000000000e+03
7.500000000000000000e-01 4.280000000000000000e+03
