1.666667e-03 2.613062e+04 0.000000e+00
1.746026e-03 2.422515e+04 0.000000e+00
1.829165e-03 2.246172e+04 0.000000e+00
1.916262e-03 2.082091e+04 0.000000e+00
2.007506e-03 1.929331e+04 0.000000e+00
2.103095e-03 1.787613e+04 0.000000e+00
2.203235e-03 1.655651e+04 0.000000e+00
2.308144e-03 1.533220e+04 0.000000e+00
2.418048e-03 1.419420e+04 0.000000e+00
2.533185e-03 1.313276e+04 0.000000e+00
2.653805e-03 1.214966e+04 0.000000e+00
2.780168e-03 1.123720e+04 0.000000e+00
2.912547e-03 1.038984e+04 0.000000e+00
3.051230e-03 9.603822e+03 0.000000e+00
3.196517e-03 8.874480e+03 0.000000e+00
3.348722e-03 8.198612e+03 0.000000e+00
3.508174e-03 7.570395e+03 0.000000e+00
3.675218e-03 6.989152e+03 0.000000e+00
3.850216e-03 6.450238e+03 0.000000e+00
4.033547e-03 5.951173e+03 0.000000e+00
4.225607e-03 5.488493e+03 0.000000e+00
4.426813e-03 5.060077e+03 0.000000e+00
4.637599e-03 4.663948e+03 0.000000e+00
4.858422e-03 4.296664e+03 0.000000e+00
5.089759e-03 3.957368e+03 0.000000e+00
5.332112e-03 3.643291e+03 0.000000e+00
5.586004e-03 3.353119e+03 0.000000e+00
5.851986e-03 3.084686e+03 0.000000e+00
6.130633e-03 2.836628e+03 0.000000e+00
6.422548e-03 2.607625e+03 0.000000e+00
6.728362e-03 2.395979e+03 0.000000e+00
7.048738e-03 2.200605e+03 0.000000e+00
7.384369e-03 2.020639e+03 0.000000e+00
7.735981e-03 1.854313e+03 0.000000e+00
8.104336e-03 1.701246e+03 0.000000e+00
8.490230e-03 1.559925e+03 0.000000e+00
8.894499e-03 1.429848e+03 0.000000e+00
9.318017e-03 1.309962e+03 0.000000e+00
9.761701e-03 1.199651e+03 0.000000e+00
1.022651e-02 1.098070e+03 0.000000e+00
1.071346e-02 1.004615e+03 0.000000e+00
1.122358e-02 9.186968e+02 0.000000e+00
1.175800e-02 8.397111e+02 0.000000e+00
1.231787e-02 7.671374e+02 0.000000e+00
1.290439e-02 7.004840e+02 0.000000e+00
1.351885e-02 6.392929e+02 0.000000e+00
1.416256e-02 5.831424e+02 0.000000e+00
1.483692e-02 5.316403e+02 0.000000e+00
1.554339e-02 4.844244e+02 0.000000e+00
1.628350e-02 4.411589e+02 0.000000e+00
1.705885e-02 4.015457e+02 0.000000e+00
1.787112e-02 3.652531e+02 0.000000e+00
1.872207e-02 3.320703e+02 0.000000e+00
1.961353e-02 3.017125e+02 0.000000e+00
2.054745e-02 2.739619e+02 0.000000e+00
2.152583e-02 2.486091e+02 0.000000e+00
2.255080e-02 2.254531e+02 0.000000e+00
2.362457e-02 2.043353e+02 0.000000e+00
2.474947e-02 1.850701e+02 0.000000e+00
2.592794e-02 1.675075e+02 0.000000e+00
2.716251e-02 1.515095e+02 0.000000e+00
2.845588e-02 1.369443e+02 0.000000e+00
2.981083e-02 1.236905e+02 0.000000e+00
3.123029e-02 1.116394e+02 0.000000e+00
3.271734e-02 1.006872e+02 0.000000e+00
3.427521e-02 9.074133e+01 0.000000e+00
3.590724e-02 8.171460e+01 0.000000e+00
3.761700e-02 7.352807e+01 0.000000e+00
3.940816e-02 6.610841e+01 0.000000e+00
4.128461e-02 5.938865e+01 0.000000e+00
4.325040e-02 5.330711e+01 0.000000e+00
4.530980e-02 4.780738e+01 0.000000e+00
4.746726e-02 4.283736e+01 0.000000e+00
4.972745e-02 3.834973e+01 0.000000e+00
5.209526e-02 3.430053e+01 0.000000e+00
5.457582e-02 3.065018e+01 0.000000e+00
5.717449e-02 2.736186e+01 0.000000e+00
5.989689e-02 2.440239e+01 0.000000e+00
6.274893e-02 2.174101e+01 0.000000e+00
6.573677e-02 1.934986e+01 0.000000e+00
6.886687e-02 1.720337e+01 0.000000e+00
7.214602e-02 1.527832e+01 0.000000e+00
7.558131e-02 1.355339e+01 0.000000e+00
7.918017e-02 1.200945e+01 0.000000e+00
8.295039e-02 1.062867e+01 0.000000e+00
8.690014e-02 9.395272e+00 0.000000e+00
9.103795e-02 8.294515e+00 0.000000e+00
9.537279e-02 7.313283e+00 0.000000e+00
9.991404e-02 6.439454e+00 0.000000e+00
1.046715e-01 5.662211e+00 0.000000e+00
1.096555e-01 4.971612e+00 0.000000e+00
1.148769e-01 4.358671e+00 0.000000e+00
1.203468e-01 3.815501e+00 0.000000e+00
1.260772e-01 3.334459e+00 0.000000e+00
1.320805e-01 2.909168e+00 0.000000e+00
1.383696e-01 2.533627e+00 0.000000e+00
1.449582e-01 2.202421e+00 0.000000e+00
1.518605e-01 1.910769e+00 0.000000e+00
1.590914e-01 1.654306e+00 0.000000e+00
1.666667e-01 1.429098e+00 0.000000e+00
