1.666667e-03 4.225779e+04 0.000000e+00
1.746026e-03 3.917634e+04 0.000000e+00
1.829165e-03 3.632456e+04 0.000000e+00
1.916262e-03 3.367108e+04 0.000000e+00
2.007506e-03 3.120069e+04 0.000000e+00
2.103095e-03 2.890884e+04 0.000000e+00
2.203235e-03 2.677478e+04 0.000000e+00
2.308144e-03 2.479466e+04 0.000000e+00
2.418048e-03 2.295450e+04 0.000000e+00
2.533185e-03 2.123797e+04 0.000000e+00
2.653805e-03 1.964812e+04 0.000000e+00
2.780168e-03 1.817250e+04 0.000000e+00
2.912547e-03 1.680489e+04 0.000000e+00
3.051230e-03 1.553104e+04 0.000000e+00
3.196517e-03 1.435157e+04 0.000000e+00
3.348722e-03 1.325857e+04 0.000000e+00
3.508174e-03 1.224264e+04 0.000000e+00
3.675218e-03 1.130266e+04 0.000000e+00
3.850216e-03 1.043115e+04 0.000000e+00
4.033547e-03 9.624070e+03 0.000000e+00
4.225607e-03 8.875837e+03 0.000000e+00
4.426813e-03 8.183015e+03 0.000000e+00
4.637599e-03 7.542405e+03 0.000000e+00
4.858422e-03 6.948445e+03 0.000000e+00
5.089759e-03 6.399745e+03 0.000000e+00
5.332112e-03 5.891829e+03 0.000000e+00
5.586004e-03 5.422571e+03 0.000000e+00
5.851986e-03 4.988470e+03 0.000000e+00
6.130633e-03 4.587318e+03 0.000000e+00
6.422548e-03 4.216980e+03 0.000000e+00
6.728362e-03 3.874713e+03 0.000000e+00
7.048738e-03 3.558761e+03 0.000000e+00
7.384369e-03 3.267724e+03 0.000000e+00
7.735981e-03 2.998748e+03 0.000000e+00
8.104336e-03 2.751214e+03 0.000000e+00
8.490230e-03 2.522669e+03 0.000000e+00
8.894499e-03 2.312313e+03 0.000000e+00
9.318017e-03 2.118437e+03 0.000000e+00
9.761701e-03 1.940043e+03 0.000000e+00
1.022651e-02 1.775763e+03 0.000000e+00
1.071346e-02 1.624636e+03 0.000000e+00
1.122358e-02 1.485691e+03 0.000000e+00
1.175800e-02 1.357958e+03 0.000000e+00
1.231787e-02 1.240593e+03 0.000000e+00
1.290439e-02 1.132803e+03 0.000000e+00
1.351885e-02 1.033846e+03 0.000000e+00
1.416256e-02 9.430410e+02 0.000000e+00
1.483692e-02 8.597531e+02 0.000000e+00
1.554339e-02 7.833965e+02 0.000000e+00
1.628350e-02 7.134284e+02 0.000000e+00
1.705885e-02 6.493670e+02 0.000000e+00
1.787112e-02 5.906755e+02 0.000000e+00
1.872207e-02 5.370131e+02 0.000000e+00
1.961353e-02 4.879203e+02 0.000000e+00
2.054745e-02 4.430419e+02 0.000000e+00
2.152583e-02 4.020466e+02 0.000000e+00
2.255080e-02 3.646089e+02 0.000000e+00
2.362457e-02 3.304360e+02 0.000000e+00
2.474947e-02 2.992895e+02 0.000000e+00
2.592794e-02 2.708920e+02 0.000000e+00
2.716251e-02 2.450174e+02 0.000000e+00
2.845588e-02 2.214649e+02 0.000000e+00
2.981083e-02 2.000313e+02 0.000000e+00
3.123029e-02 1.805425e+02 0.000000e+00
3.271734e-02 1.628309e+02 0.000000e+00
3.427521e-02 1.467459e+02 0.000000e+00
3.590724e-02 1.321481e+02 0.000000e+00
3.761700e-02 1.189086e+02 0.000000e+00
3.940816e-02 1.069093e+02 0.000000e+00
4.128461e-02 9.604220e+01 0.000000e+00
4.325040e-02 8.620706e+01 0.000000e+00
4.530980e-02 7.731296e+01 0.000000e+00
4.746726e-02 6.927563e+01 0.000000e+00
4.972745e-02 6.201823e+01 0.000000e+00
5.209526e-02 5.546999e+01 0.000000e+00
5.457582e-02 4.956672e+01 0.000000e+00
5.717449e-02 4.424893e+01 0.000000e+00
5.989689e-02 3.946293e+01 0.000000e+00
6.274893e-02 3.515902e+01 0.000000e+00
6.573677e-02 3.129211e+01 0.000000e+00
6.886687e-02 2.782089e+01 0.000000e+00
7.214602e-02 2.470775e+01 0.000000e+00
7.558131e-02 2.191835e+01 0.000000e+00
7.918017e-02 1.942137e+01 0.000000e+00
8.295039e-02 1.718862e+01 0.000000e+00
8.690014e-02 1.519381e+01 0.000000e+00
9.103795e-02 1.341378e+01 0.000000e+00
9.537279e-02 1.182696e+01 0.000000e+00
9.991404e-02 1.041377e+01 0.000000e+00
1.046715e-01 9.156759e+00 0.000000e+00
1.096555e-01 8.039915e+00 0.000000e+00
1.148769e-01 7.048763e+00 0.000000e+00
1.203468e-01 6.170118e+00 0.000000e+00
1.260772e-01 5.392311e+00 0.000000e+00
1.320805e-01 4.704588e+00 0.000000e+00
1.383696e-01 4.097266e+00 0.000000e+00
1.449582e-01 3.561713e+00 0.000000e+00
1.518605e-01 3.090039e+00 0.000000e+00
1.590914e-01 2.675289e+00 0.000000e+00
1.666667e-01 2.311112e+00 0.000000e+00
