1.666667e-03 2.616267e+01 0.000000e+00
2.175730e-03 2.265421e+01 0.000000e+00
2.840281e-03 1.956257e+01 0.000000e+00
3.707812e-03 1.694740e+01 0.000000e+00
4.840319e-03 1.477913e+01 0.000000e+00
6.318737e-03 1.300632e+01 0.000000e+00
8.248720e-03 1.154143e+01 0.000000e+00
1.076819e-02 1.031249e+01 0.000000e+00
1.405721e-02 9.234159e+00 0.000000e+00
1.835082e-02 8.255363e+00 0.000000e+00
2.395586e-02 7.335927e+00 0.000000e+00
3.127289e-02 6.458193e+00 0.000000e+00
4.082483e-02 5.610237e+00 0.000000e+00
5.329429e-02 4.782244e+00 0.000000e+00
6.957240e-02 3.986685e+00 0.000000e+00
9.082246e-02 3.235353e+00 0.000000e+00
1.185631e-01 2.548995e+00 0.000000e+00
1.547768e-01 1.932666e+00 0.000000e+00
2.020516e-01 1.399768e+00 0.000000e+00
2.637658e-01 9.578633e-01 0.000000e+00
3.443299e-01 6.140323e-01 0.000000e+00
4.495014e-01 3.641492e-01 0.000000e+00
5.867963e-01 1.924687e-01 0.000000e+00
7.660263e-01 8.617302e-02 0.000000e+00
1.000000e+00 3.091983e-02 0.000000e+00
