1.666667e-03 3.461053e+04 0.000000e+00
1.746026e-03 3.208671e+04 0.000000e+00
1.829165e-03 2.975101e+04 0.000000e+00
1.916262e-03 2.757773e+04 0.000000e+00
2.007506e-03 2.555439e+04 0.000000e+00
2.103095e-03 2.367730e+04 0.000000e+00
2.203235e-03 2.192943e+04 0.000000e+00
2.308144e-03 2.030780e+04 0.000000e+00
2.418048e-03 1.880050e+04 0.000000e+00
2.533185e-03 1.739461e+04 0.000000e+00
2.653805e-03 1.609247e+04 0.000000e+00
2.780168e-03 1.488389e+04 0.000000e+00
2.912547e-03 1.376377e+04 0.000000e+00
3.051230e-03 1.272045e+04 0.000000e+00
3.196517e-03 1.175442e+04 0.000000e+00
3.348722e-03 1.085922e+04 0.000000e+00
3.508174e-03 1.002714e+04 0.000000e+00
3.675218e-03 9.257267e+03 0.000000e+00
3.850216e-03 8.543464e+03 0.000000e+00
4.033547e-03 7.882442e+03 0.000000e+00
4.225607e-03 7.269614e+03 0.000000e+00
4.426813e-03 6.702169e+03 0.000000e+00
4.637599e-03 6.177488e+03 0.000000e+00
4.858422e-03 5.691014e+03 0.000000e+00
5.089759e-03 5.241610e+03 0.000000e+00
5.332112e-03 4.825609e+03 0.000000e+00
5.586004e-03 4.441270e+03 0.000000e+00
5.851986e-03 4.085726e+03 0.000000e+00
6.130633e-03 3.757169e+03 0.000000e+00
6.422548e-03 3.453850e+03 0.000000e+00
6.728362e-03 3.173521e+03 0.000000e+00
7.048738e-03 2.914745e+03 0.000000e+00
7.384369e-03 2.676376e+03 0.000000e+00
7.735981e-03 2.456075e+03 0.000000e+00
8.104336e-03 2.253337e+03 0.000000e+00
8.490230e-03 2.066151e+03 0.000000e+00
8.894499e-03 1.893862e+03 0.000000e+00
9.318017e-03 1.735071e+03 0.000000e+00
9.761701e-03 1.588961e+03 0.000000e+00
1.022651e-02 1.454414e+03 0.000000e+00
1.071346e-02 1.330632e+03 0.000000e+00
1.122358e-02 1.216831e+03 0.000000e+00
1.175800e-02 1.112213e+03 0.000000e+00
1.231787e-02 1.016088e+03 0.000000e+00
1.290439e-02 9.278041e+02 0.000000e+00
1.351885e-02 8.467553e+02 0.000000e+00
1.416256e-02 7.723827e+02 0.000000e+00
1.483692e-02 7.041672e+02 0.000000e+00
1.554339e-02 6.416286e+02 0.000000e+00
1.628350e-02 5.843225e+02 0.000000e+00
1.705885e-02 5.318541e+02 0.000000e+00
1.787112e-02 4.837837e+02 0.000000e+00
1.872207e-02 4.398324e+02 0.000000e+00
1.961353e-02 3.996228e+02 0.000000e+00
2.054745e-02 3.628667e+02 0.000000e+00
2.152583e-02 3.292864e+02 0.000000e+00
2.255080e-02 2.986276e+02 0.000000e+00
2.362457e-02 2.706455e+02 0.000000e+00
2.474947e-02 2.451292e+02 0.000000e+00
2.592794e-02 2.218680e+02 0.000000e+00
2.716251e-02 2.006790e+02 0.000000e+00
2.845588e-02 1.813799e+02 0.000000e+00
2.981083e-02 1.638317e+02 0.000000e+00
3.123029e-02 1.478703e+02 0.000000e+00
3.271734e-02 1.333631e+02 0.000000e+00
3.427521e-02 1.201897e+02 0.000000e+00
3.590724e-02 1.082334e+02 0.000000e+00
3.761700e-02 9.739001e+01 0.000000e+00
3.940816e-02 8.756224e+01 0.000000e+00
4.128461e-02 7.866166e+01 0.000000e+00
4.325040e-02 7.060637e+01 0.000000e+00
4.530980e-02 6.332183e+01 0.000000e+00
4.746726e-02 5.673891e+01 0.000000e+00
4.972745e-02 5.079493e+01 0.000000e+00
5.209526e-02 4.543169e+01 0.000000e+00
5.457582e-02 4.059673e+01 0.000000e+00
5.717449e-02 3.624129e+01 0.000000e+00
5.989689e-02 3.232141e+01 0.000000e+00
6.274893e-02 2.879637e+01 0.000000e+00
6.573677e-02 2.562925e+01 0.000000e+00
6.886687e-02 2.278622e+01 0.000000e+00
7.214602e-02 2.023642e+01 0.000000e+00
7.558131e-02 1.795184e+01 0.000000e+00
7.918017e-02 1.590672e+01 0.000000e+00
8.295039e-02 1.407800e+01 0.000000e+00
8.690014e-02 1.244422e+01 0.000000e+00
9.103795e-02 1.098631e+01 0.000000e+00
9.537279e-02 9.686587e+00 0.000000e+00
9.991404e-02 8.529206e+00 0.000000e+00
1.046715e-01 7.499692e+00 0.000000e+00
1.096555e-01 6.584940e+00 0.000000e+00
1.148769e-01 5.773150e+00 0.000000e+00
1.203468e-01 5.053584e+00 0.000000e+00
1.260772e-01 4.416563e+00 0.000000e+00
1.320805e-01 3.853205e+00 0.000000e+00
1.383696e-01 3.355845e+00 0.000000e+00
1.449582e-01 2.917155e+00 0.000000e+00
1.518605e-01 2.530840e+00 0.000000e+00
1.590914e-01 2.191146e+00 0.000000e+00
1.666667e-01 1.892874e+00 0.000000e+00
