1.666667e-03 3.143220e+04 0.000000e+00
1.746026e-03 2.914015e+04 0.000000e+00
1.829165e-03 2.701894e+04 0.000000e+00
1.916262e-03 2.504523e+04 0.000000e+00
2.007506e-03 2.320770e+04 0.000000e+00
2.103095e-03 2.150299e+04 0.000000e+00
2.203235e-03 1.991563e+04 0.000000e+00
2.308144e-03 1.844292e+04 0.000000e+00
2.418048e-03 1.707404e+04 0.000000e+00
2.533185e-03 1.579724e+04 0.000000e+00
2.653805e-03 1.461469e+04 0.000000e+00
2.780168e-03 1.351709e+04 0.000000e+00
2.912547e-03 1.249983e+04 0.000000e+00
3.051230e-03 1.155232e+04 0.000000e+00
3.196517e-03 1.067500e+04 0.000000e+00
3.348722e-03 9.862010e+03 0.000000e+00
3.508174e-03 9.106336e+03 0.000000e+00
3.675218e-03 8.407166e+03 0.000000e+00
3.850216e-03 7.758912e+03 0.000000e+00
4.033547e-03 7.158593e+03 0.000000e+00
4.225607e-03 6.602041e+03 0.000000e+00
4.426813e-03 6.086705e+03 0.000000e+00
4.637599e-03 5.610205e+03 0.000000e+00
4.858422e-03 5.168405e+03 0.000000e+00
5.089759e-03 4.760270e+03 0.000000e+00
5.332112e-03 4.382470e+03 0.000000e+00
5.586004e-03 4.033426e+03 0.000000e+00
5.851986e-03 3.710531e+03 0.000000e+00
6.130633e-03 3.412146e+03 0.000000e+00
6.422548e-03 3.136680e+03 0.000000e+00
6.728362e-03 2.882094e+03 0.000000e+00
7.048738e-03 2.647082e+03 0.000000e+00
7.384369e-03 2.430602e+03 0.000000e+00
7.735981e-03 2.230532e+03 0.000000e+00
8.104336e-03 2.046409e+03 0.000000e+00
8.490230e-03 1.876415e+03 0.000000e+00
8.894499e-03 1.719947e+03 0.000000e+00
9.318017e-03 1.575738e+03 0.000000e+00
9.761701e-03 1.443045e+03 0.000000e+00
1.022651e-02 1.320854e+03 0.000000e+00
1.071346e-02 1.208439e+03 0.000000e+00
1.122358e-02 1.105089e+03 0.000000e+00
1.175800e-02 1.010078e+03 0.000000e+00
1.231787e-02 9.227799e+02 0.000000e+00
1.290439e-02 8.426032e+02 0.000000e+00
1.351885e-02 7.689972e+02 0.000000e+00
1.416256e-02 7.014544e+02 0.000000e+00
1.483692e-02 6.395032e+02 0.000000e+00
1.554339e-02 5.827077e+02 0.000000e+00
1.628350e-02 5.306641e+02 0.000000e+00
1.705885e-02 4.830139e+02 0.000000e+00
1.787112e-02 4.393579e+02 0.000000e+00
1.872207e-02 3.994427e+02 0.000000e+00
1.961353e-02 3.629256e+02 0.000000e+00
2.054745e-02 3.295448e+02 0.000000e+00
2.152583e-02 2.990481e+02 0.000000e+00
2.255080e-02 2.711941e+02 0.000000e+00
2.362457e-02 2.457918e+02 0.000000e+00
2.474947e-02 2.226180e+02 0.000000e+00
2.592794e-02 2.014924e+02 0.000000e+00
2.716251e-02 1.822485e+02 0.000000e+00
2.845588e-02 1.647287e+02 0.000000e+00
2.981083e-02 1.487862e+02 0.000000e+00
3.123029e-02 1.342905e+02 0.000000e+00
3.271734e-02 1.211157e+02 0.000000e+00
3.427521e-02 1.091520e+02 0.000000e+00
3.590724e-02 9.829401e+01 0.000000e+00
3.761700e-02 8.844663e+01 0.000000e+00
3.940816e-02 7.952128e+01 0.000000e+00
4.128461e-02 7.143807e+01 0.000000e+00
4.325040e-02 6.412248e+01 0.000000e+00
4.530980e-02 5.750693e+01 0.000000e+00
4.746726e-02 5.152853e+01 0.000000e+00
4.972745e-02 4.613039e+01 0.000000e+00
5.209526e-02 4.125966e+01 0.000000e+00
5.457582e-02 3.686869e+01 0.000000e+00
5.717449e-02 3.291322e+01 0.000000e+00
5.989689e-02 2.935330e+01 0.000000e+00
6.274893e-02 2.615197e+01 0.000000e+00
6.573677e-02 2.327569e+01 0.000000e+00
6.886687e-02 2.069374e+01 0.000000e+00
7.214602e-02 1.837809e+01 0.000000e+00
7.558131e-02 1.630321e+01 0.000000e+00
7.918017e-02 1.444599e+01 0.000000e+00
8.295039e-02 1.278510e+01 0.000000e+00
8.690014e-02 1.130143e+01 0.000000e+00
9.103795e-02 9.977424e+00 0.000000e+00
9.537279e-02 8.797057e+00 0.000000e+00
9.991404e-02 7.745958e+00 0.000000e+00
1.046715e-01 6.810971e+00 0.000000e+00
1.096555e-01 5.980237e+00 0.000000e+00
1.148769e-01 5.242994e+00 0.000000e+00
1.203468e-01 4.589506e+00 0.000000e+00
1.260772e-01 4.010982e+00 0.000000e+00
1.320805e-01 3.499359e+00 0.000000e+00
1.383696e-01 3.047672e+00 0.000000e+00
1.449582e-01 2.649268e+00 0.000000e+00
1.518605e-01 2.298443e+00 0.000000e+00
1.590914e-01 1.989946e+00 0.000000e+00
1.666667e-01 1.719047e+00 0.000000e+00
