1.666667e-03 4.682278e+04 0.000000e+00
1.746026e-03 4.340845e+04 0.000000e+00
1.829165e-03 4.024859e+04 0.000000e+00
1.916262e-03 3.730847e+04 0.000000e+00
2.007506e-03 3.457121e+04 0.000000e+00
2.103095e-03 3.203178e+04 0.000000e+00
2.203235e-03 2.966717e+04 0.000000e+00
2.308144e-03 2.747315e+04 0.000000e+00
2.418048e-03 2.543420e+04 0.000000e+00
2.533185e-03 2.353224e+04 0.000000e+00
2.653805e-03 2.177065e+04 0.000000e+00
2.780168e-03 2.013561e+04 0.000000e+00
2.912547e-03 1.862026e+04 0.000000e+00
3.051230e-03 1.720881e+04 0.000000e+00
3.196517e-03 1.590192e+04 0.000000e+00
3.348722e-03 1.469085e+04 0.000000e+00
3.508174e-03 1.356516e+04 0.000000e+00
3.675218e-03 1.252365e+04 0.000000e+00
3.850216e-03 1.155798e+04 0.000000e+00
4.033547e-03 1.066372e+04 0.000000e+00
4.225607e-03 9.834661e+03 0.000000e+00
4.426813e-03 9.066996e+03 0.000000e+00
4.637599e-03 8.357183e+03 0.000000e+00
4.858422e-03 7.699060e+03 0.000000e+00
5.089759e-03 7.091085e+03 0.000000e+00
5.332112e-03 6.528301e+03 0.000000e+00
5.586004e-03 6.008351e+03 0.000000e+00
5.851986e-03 5.527356e+03 0.000000e+00
6.130633e-03 5.082869e+03 0.000000e+00
6.422548e-03 4.672526e+03 0.000000e+00
6.728362e-03 4.293285e+03 0.000000e+00
7.048738e-03 3.943202e+03 0.000000e+00
7.384369e-03 3.620725e+03 0.000000e+00
7.735981e-03 3.322692e+03 0.000000e+00
8.104336e-03 3.048419e+03 0.000000e+00
8.490230e-03 2.795185e+03 0.000000e+00
8.894499e-03 2.562104e+03 0.000000e+00
9.318017e-03 2.347285e+03 0.000000e+00
9.761701e-03 2.149620e+03 0.000000e+00
1.022651e-02 1.967593e+03 0.000000e+00
1.071346e-02 1.800140e+03 0.000000e+00
1.122358e-02 1.646186e+03 0.000000e+00
1.175800e-02 1.504653e+03 0.000000e+00
1.231787e-02 1.374611e+03 0.000000e+00
1.290439e-02 1.255176e+03 0.000000e+00
1.351885e-02 1.145530e+03 0.000000e+00
1.416256e-02 1.044915e+03 0.000000e+00
1.483692e-02 9.526295e+02 0.000000e+00
1.554339e-02 8.680243e+02 0.000000e+00
1.628350e-02 7.904978e+02 0.000000e+00
1.705885e-02 7.195159e+02 0.000000e+00
1.787112e-02 6.544841e+02 0.000000e+00
1.872207e-02 5.950248e+02 0.000000e+00
1.961353e-02 5.406287e+02 0.000000e+00
2.054745e-02 4.909021e+02 0.000000e+00
2.152583e-02 4.454782e+02 0.000000e+00
2.255080e-02 4.039964e+02 0.000000e+00
2.362457e-02 3.661319e+02 0.000000e+00
2.474947e-02 3.316207e+02 0.000000e+00
2.592794e-02 3.001556e+02 0.000000e+00
2.716251e-02 2.714858e+02 0.000000e+00
2.845588e-02 2.453890e+02 0.000000e+00
2.981083e-02 2.216401e+02 0.000000e+00
3.123029e-02 2.000458e+02 0.000000e+00
3.271734e-02 1.804211e+02 0.000000e+00
3.427521e-02 1.625988e+02 0.000000e+00
3.590724e-02 1.464238e+02 0.000000e+00
3.761700e-02 1.317541e+02 0.000000e+00
3.940816e-02 1.184586e+02 0.000000e+00
4.128461e-02 1.064178e+02 0.000000e+00
4.325040e-02 9.551999e+01 0.000000e+00
4.530980e-02 8.566536e+01 0.000000e+00
4.746726e-02 7.675926e+01 0.000000e+00
4.972745e-02 6.871807e+01 0.000000e+00
5.209526e-02 6.146223e+01 0.000000e+00
5.457582e-02 5.492129e+01 0.000000e+00
5.717449e-02 4.902906e+01 0.000000e+00
5.989689e-02 4.372598e+01 0.000000e+00
6.274893e-02 3.895713e+01 0.000000e+00
6.573677e-02 3.467248e+01 0.000000e+00
6.886687e-02 3.082627e+01 0.000000e+00
7.214602e-02 2.737682e+01 0.000000e+00
7.558131e-02 2.428608e+01 0.000000e+00
7.918017e-02 2.151955e+01 0.000000e+00
8.295039e-02 1.904542e+01 0.000000e+00
8.690014e-02 1.683533e+01 0.000000e+00
9.103795e-02 1.486279e+01 0.000000e+00
9.537279e-02 1.310457e+01 0.000000e+00
9.991404e-02 1.153872e+01 0.000000e+00
1.046715e-01 1.014595e+01 0.000000e+00
1.096555e-01 8.908425e+00 0.000000e+00
1.148769e-01 7.810151e+00 0.000000e+00
1.203468e-01 6.836647e+00 0.000000e+00
1.260772e-01 5.974817e+00 0.000000e+00
1.320805e-01 5.212804e+00 0.000000e+00
1.383696e-01 4.539826e+00 0.000000e+00
1.449582e-01 3.946468e+00 0.000000e+00
1.518605e-01 3.423841e+00 0.000000e+00
1.590914e-01 2.964287e+00 0.000000e+00
1.666667e-01 2.560770e+00 0.000000e+00
