1.666667e-03 6.930538e+03 0.000000e+00
2.175730e-03 6.057065e+03 0.000000e+00
2.840281e-03 5.215527e+03 0.000000e+00
3.707812e-03 4.436023e+03 0.000000e+00
4.840319e-03 3.740667e+03 0.000000e+00
6.318737e-03 3.145433e+03 0.000000e+00
8.248720e-03 2.651700e+03 0.000000e+00
1.076819e-02 2.251627e+03 0.000000e+00
1.405721e-02 1.931384e+03 0.000000e+00
1.835082e-02 1.672770e+03 0.000000e+00
2.395586e-02 1.456949e+03 0.000000e+00
3.127289e-02 1.269298e+03 0.000000e+00
4.082483e-02 1.101956e+03 0.000000e+00
5.329429e-02 9.480208e+02 0.000000e+00
6.957240e-02 8.028707e+02 0.000000e+00
9.082246e-02 6.661291e+02 0.000000e+00
1.185631e-01 5.388727e+02 0.000000e+00
1.547768e-01 4.231138e+02 0.000000e+00
2.020516e-01 3.192842e+02 0.000000e+00
2.637658e-01 2.299241e+02 0.000000e+00
3.443299e-01 1.573732e+02 0.000000e+00
4.495014e-01 1.002178e+02 0.000000e+00
5.867963e-01 5.892363e+01 0.000000e+00
7.660263e-01 3.077534e+01 0.000000e+00
1.000000e+00 1.362193e+01 0.000000e+00
