1.666667e-03 9.577351e+00 0.000000e+00
2.175730e-03 8.803690e+00 0.000000e+00
2.840281e-03 8.152183e+00 0.000000e+00
3.707812e-03 7.582587e+00 0.000000e+00
4.840319e-03 7.067108e+00 0.000000e+00
6.318737e-03 6.580620e+00 0.000000e+00
8.248720e-03 6.105266e+00 0.000000e+00
1.076819e-02 5.630025e+00 0.000000e+00
1.405721e-02 5.146825e+00 0.000000e+00
1.835082e-02 4.664214e+00 0.000000e+00
2.395586e-02 4.150756e+00 0.000000e+00
3.127289e-02 3.641803e+00 0.000000e+00
4.082483e-02 3.134084e+00 0.000000e+00
5.329429e-02 2.640846e+00 0.000000e+00
6.957240e-02 2.157510e+00 0.000000e+00
9.082246e-02 1.723658e+00 0.000000e+00
1.185631e-01 1.320411e+00 0.000000e+00
1.547768e-01 9.649860e-01 0.000000e+00
2.020516e-01 6.727030e-01 0.000000e+00
2.637658e-01 4.413121e-01 0.000000e+00
3.443299e-01 2.676469e-01 0.000000e+00
4.495014e-01 1.462308e-01 0.000000e+00
5.867963e-01 6.935394e-02 0.000000e+00
7.660263e-01 2.585546e-02 0.000000e+00
1.000000e+00 1.621730e-02 0.000000e+00
