1.666667e-03 2.392299e+04 0.000000e+00
1.746026e-03 2.217850e+04 0.000000e+00
1.829165e-03 2.056405e+04 0.000000e+00
1.916262e-03 1.906187e+04 0.000000e+00
2.007506e-03 1.766333e+04 0.000000e+00
2.103095e-03 1.636587e+04 0.000000e+00
2.203235e-03 1.515774e+04 0.000000e+00
2.308144e-03 1.403686e+04 0.000000e+00
2.418048e-03 1.299501e+04 0.000000e+00
2.533185e-03 1.202325e+04 0.000000e+00
2.653805e-03 1.112320e+04 0.000000e+00
2.780168e-03 1.028783e+04 0.000000e+00
2.912547e-03 9.512060e+03 0.000000e+00
3.051230e-03 8.792446e+03 0.000000e+00
3.196517e-03 8.124722e+03 0.000000e+00
3.348722e-03 7.505955e+03 0.000000e+00
3.508174e-03 6.930812e+03 0.000000e+00
3.675218e-03 6.398676e+03 0.000000e+00
3.850216e-03 5.905291e+03 0.000000e+00
4.033547e-03 5.448390e+03 0.000000e+00
4.225607e-03 5.024799e+03 0.000000e+00
4.426813e-03 4.632578e+03 0.000000e+00
4.637599e-03 4.269915e+03 0.000000e+00
4.858422e-03 3.933662e+03 0.000000e+00
5.089759e-03 3.623031e+03 0.000000e+00
5.332112e-03 3.335489e+03 0.000000e+00
5.586004e-03 3.069832e+03 0.000000e+00
5.851986e-03 2.824077e+03 0.000000e+00
6.130633e-03 2.596976e+03 0.000000e+00
6.422548e-03 2.387320e+03 0.000000e+00
6.728362e-03 2.193555e+03 0.000000e+00
7.048738e-03 2.014688e+03 0.000000e+00
7.384369e-03 1.849926e+03 0.000000e+00
7.735981e-03 1.697652e+03 0.000000e+00
8.104336e-03 1.557517e+03 0.000000e+00
8.490230e-03 1.428134e+03 0.000000e+00
8.894499e-03 1.309047e+03 0.000000e+00
9.318017e-03 1.199290e+03 0.000000e+00
9.761701e-03 1.098299e+03 0.000000e+00
1.022651e-02 1.005299e+03 0.000000e+00
1.071346e-02 9.197397e+02 0.000000e+00
1.122358e-02 8.410807e+02 0.000000e+00
1.175800e-02 7.687682e+02 0.000000e+00
1.231787e-02 7.023259e+02 0.000000e+00
1.290439e-02 6.413036e+02 0.000000e+00
1.351885e-02 5.852824e+02 0.000000e+00
1.416256e-02 5.338757e+02 0.000000e+00
1.483692e-02 4.867248e+02 0.000000e+00
1.554339e-02 4.434979e+02 0.000000e+00
1.628350e-02 4.038877e+02 0.000000e+00
1.705885e-02 3.676213e+02 0.000000e+00
1.787112e-02 3.343949e+02 0.000000e+00
1.872207e-02 3.040155e+02 0.000000e+00
1.961353e-02 2.762114e+02 0.000000e+00
2.054745e-02 2.508162e+02 0.000000e+00
2.152583e-02 2.276056e+02 0.000000e+00
2.255080e-02 2.064059e+02 0.000000e+00
2.362457e-02 1.870722e+02 0.000000e+00
2.474947e-02 1.694346e+02 0.000000e+00
2.592794e-02 1.533558e+02 0.000000e+00
2.716251e-02 1.387093e+02 0.000000e+00
2.845588e-02 1.253743e+02 0.000000e+00
2.981083e-02 1.132406e+02 0.000000e+00
3.123029e-02 1.022076e+02 0.000000e+00
3.271734e-02 9.218070e+01 0.000000e+00
3.427521e-02 8.307511e+01 0.000000e+00
3.590724e-02 7.481100e+01 0.000000e+00
3.761700e-02 6.731610e+01 0.000000e+00
3.940816e-02 6.052330e+01 0.000000e+00
4.128461e-02 5.437126e+01 0.000000e+00
4.325040e-02 4.880352e+01 0.000000e+00
4.530980e-02 4.376843e+01 0.000000e+00
4.746726e-02 3.921830e+01 0.000000e+00
4.972745e-02 3.510981e+01 0.000000e+00
5.209526e-02 3.140270e+01 0.000000e+00
5.457582e-02 2.806075e+01 0.000000e+00
5.717449e-02 2.505023e+01 0.000000e+00
5.989689e-02 2.234078e+01 0.000000e+00
6.274893e-02 1.990425e+01 0.000000e+00
6.573677e-02 1.771511e+01 0.000000e+00
6.886687e-02 1.574997e+01 0.000000e+00
7.214602e-02 1.398745e+01 0.000000e+00
7.558131e-02 1.240835e+01 0.000000e+00
7.918017e-02 1.099471e+01 0.000000e+00
8.295039e-02 9.730715e+00 0.000000e+00
8.690014e-02 8.601520e+00 0.000000e+00
9.103795e-02 7.593760e+00 0.000000e+00
9.537279e-02 6.695427e+00 0.000000e+00
9.991404e-02 5.895422e+00 0.000000e+00
1.046715e-01 5.183844e+00 0.000000e+00
1.096555e-01 4.551589e+00 0.000000e+00
1.148769e-01 3.990549e+00 0.000000e+00
1.203468e-01 3.493151e+00 0.000000e+00
1.260772e-01 3.052748e+00 0.000000e+00
1.320805e-01 2.663388e+00 0.000000e+00
1.383696e-01 2.319574e+00 0.000000e+00
1.449582e-01 2.016349e+00 0.000000e+00
1.518605e-01 1.749337e+00 0.000000e+00
1.590914e-01 1.514541e+00 0.000000e+00
1.666667e-01 1.308360e+00 0.000000e+00
