1.666667e-03 7.507431e+04 0.000000e+00
2.175730e-03 6.729440e+04 0.000000e+00
2.840281e-03 5.933958e+04 0.000000e+00
3.707812e-03 5.134014e+04 0.000000e+00
4.840319e-03 4.347107e+04 0.000000e+00
6.318737e-03 3.592655e+04 0.000000e+00
8.248720e-03 2.892906e+04 0.000000e+00
1.076819e-02 2.269809e+04 0.000000e+00
1.405721e-02 1.741110e+04 0.000000e+00
1.835082e-02 1.316736e+04 0.000000e+00
2.395586e-02 9.952731e+03 0.000000e+00
3.127289e-02 7.640753e+03 0.000000e+00
4.082483e-02 6.021126e+03 0.000000e+00
5.329429e-02 4.854288e+03 0.000000e+00
6.957240e-02 3.966467e+03 0.000000e+00
9.082246e-02 3.235825e+03 0.000000e+00
1.185631e-01 2.608291e+03 0.000000e+00
1.547768e-01 2.052123e+03 0.000000e+00
2.020516e-01 1.556116e+03 0.000000e+00
2.637658e-01 1.133544e+03 0.000000e+00
3.443299e-01 7.828641e+02 0.000000e+00
4.495014e-01 5.069809e+02 0.000000e+00
5.867963e-01 3.010845e+02 0.000000e+00
7.660263e-01 1.600604e+02 0.000000e+00
1.000000e+00 7.191575e+01 0.000000e+00
