1.666667e-03 3.820275e+04 0.000000e+00
1.746026e-03 3.541699e+04 0.000000e+00
1.829165e-03 3.283886e+04 0.000000e+00
1.916262e-03 3.044002e+04 0.000000e+00
2.007506e-03 2.820668e+04 0.000000e+00
2.103095e-03 2.613476e+04 0.000000e+00
2.203235e-03 2.420548e+04 0.000000e+00
2.308144e-03 2.241554e+04 0.000000e+00
2.418048e-03 2.075180e+04 0.000000e+00
2.533185e-03 1.919998e+04 0.000000e+00
2.653805e-03 1.776270e+04 0.000000e+00
2.780168e-03 1.642868e+04 0.000000e+00
2.912547e-03 1.519230e+04 0.000000e+00
3.051230e-03 1.404070e+04 0.000000e+00
3.196517e-03 1.297440e+04 0.000000e+00
3.348722e-03 1.198629e+04 0.000000e+00
3.508174e-03 1.106784e+04 0.000000e+00
3.675218e-03 1.021807e+04 0.000000e+00
3.850216e-03 9.430181e+03 0.000000e+00
4.033547e-03 8.700552e+03 0.000000e+00
4.225607e-03 8.024119e+03 0.000000e+00
4.426813e-03 7.397780e+03 0.000000e+00
4.637599e-03 6.818642e+03 0.000000e+00
4.858422e-03 6.281678e+03 0.000000e+00
5.089759e-03 5.785630e+03 0.000000e+00
5.332112e-03 5.326453e+03 0.000000e+00
5.586004e-03 4.902225e+03 0.000000e+00
5.851986e-03 4.509779e+03 0.000000e+00
6.130633e-03 4.147122e+03 0.000000e+00
6.422548e-03 3.812321e+03 0.000000e+00
6.728362e-03 3.502898e+03 0.000000e+00
7.048738e-03 3.217264e+03 0.000000e+00
7.384369e-03 2.954155e+03 0.000000e+00
7.735981e-03 2.710989e+03 0.000000e+00
8.104336e-03 2.487209e+03 0.000000e+00
8.490230e-03 2.280595e+03 0.000000e+00
8.894499e-03 2.090424e+03 0.000000e+00
9.318017e-03 1.915153e+03 0.000000e+00
9.761701e-03 1.753878e+03 0.000000e+00
1.022651e-02 1.605362e+03 0.000000e+00
1.071346e-02 1.468737e+03 0.000000e+00
1.122358e-02 1.343125e+03 0.000000e+00
1.175800e-02 1.227649e+03 0.000000e+00
1.231787e-02 1.121547e+03 0.000000e+00
1.290439e-02 1.024100e+03 0.000000e+00
1.351885e-02 9.346394e+02 0.000000e+00
1.416256e-02 8.525478e+02 0.000000e+00
1.483692e-02 7.772522e+02 0.000000e+00
1.554339e-02 7.082228e+02 0.000000e+00
1.628350e-02 6.449689e+02 0.000000e+00
1.705885e-02 5.870548e+02 0.000000e+00
1.787112e-02 5.339953e+02 0.000000e+00
1.872207e-02 4.854823e+02 0.000000e+00
1.961353e-02 4.411004e+02 0.000000e+00
2.054745e-02 4.005284e+02 0.000000e+00
2.152583e-02 3.634669e+02 0.000000e+00
2.255080e-02 3.296220e+02 0.000000e+00
2.362457e-02 2.987280e+02 0.000000e+00
2.474947e-02 2.705701e+02 0.000000e+00
2.592794e-02 2.448976e+02 0.000000e+00
2.716251e-02 2.215058e+02 0.000000e+00
2.845588e-02 2.002134e+02 0.000000e+00
2.981083e-02 1.808365e+02 0.000000e+00
3.123029e-02 1.632178e+02 0.000000e+00
3.271734e-02 1.472058e+02 0.000000e+00
3.427521e-02 1.326643e+02 0.000000e+00
3.590724e-02 1.194673e+02 0.000000e+00
3.761700e-02 1.074982e+02 0.000000e+00
3.940816e-02 9.665038e+01 0.000000e+00
4.128461e-02 8.682605e+01 0.000000e+00
4.325040e-02 7.793467e+01 0.000000e+00
4.530980e-02 6.989404e+01 0.000000e+00
4.746726e-02 6.262789e+01 0.000000e+00
4.972745e-02 5.606698e+01 0.000000e+00
5.209526e-02 5.014709e+01 0.000000e+00
5.457582e-02 4.481030e+01 0.000000e+00
5.717449e-02 4.000280e+01 0.000000e+00
5.989689e-02 3.567607e+01 0.000000e+00
6.274893e-02 3.178516e+01 0.000000e+00
6.573677e-02 2.828933e+01 0.000000e+00
6.886687e-02 2.515121e+01 0.000000e+00
7.214602e-02 2.233676e+01 0.000000e+00
7.558131e-02 1.981507e+01 0.000000e+00
7.918017e-02 1.755770e+01 0.000000e+00
8.295039e-02 1.553916e+01 0.000000e+00
8.690014e-02 1.373581e+01 0.000000e+00
9.103795e-02 1.212659e+01 0.000000e+00
9.537279e-02 1.069196e+01 0.000000e+00
9.991404e-02 9.414457e+00 0.000000e+00
1.046715e-01 8.278094e+00 0.000000e+00
1.096555e-01 7.268400e+00 0.000000e+00
1.148769e-01 6.372360e+00 0.000000e+00
1.203468e-01 5.578030e+00 0.000000e+00
1.260772e-01 4.874965e+00 0.000000e+00
1.320805e-01 4.253134e+00 0.000000e+00
1.383696e-01 3.704091e+00 0.000000e+00
1.449582e-01 3.219930e+00 0.000000e+00
1.518605e-01 2.793518e+00 0.000000e+00
1.590914e-01 2.418567e+00 0.000000e+00
1.666667e-01 2.089337e+00 0.000000e+00
