1.666667e-03 2.862033e+04 0.000000e+00
1.746026e-03 2.653331e+04 0.000000e+00
1.829165e-03 2.460186e+04 0.000000e+00
1.916262e-03 2.280472e+04 0.000000e+00
2.007506e-03 2.113158e+04 0.000000e+00
2.103095e-03 1.957936e+04 0.000000e+00
2.203235e-03 1.813401e+04 0.000000e+00
2.308144e-03 1.679304e+04 0.000000e+00
2.418048e-03 1.554662e+04 0.000000e+00
2.533185e-03 1.438405e+04 0.000000e+00
2.653805e-03 1.330728e+04 0.000000e+00
2.780168e-03 1.230787e+04 0.000000e+00
2.912547e-03 1.137978e+04 0.000000e+00
3.051230e-03 1.051887e+04 0.000000e+00
3.196517e-03 9.720039e+03 0.000000e+00
3.348722e-03 8.979775e+03 0.000000e+00
3.508174e-03 8.291702e+03 0.000000e+00
3.675218e-03 7.655078e+03 0.000000e+00
3.850216e-03 7.064816e+03 0.000000e+00
4.033547e-03 6.518200e+03 0.000000e+00
4.225607e-03 6.011436e+03 0.000000e+00
4.426813e-03 5.542201e+03 0.000000e+00
4.637599e-03 5.108329e+03 0.000000e+00
4.858422e-03 4.706051e+03 0.000000e+00
5.089759e-03 4.334426e+03 0.000000e+00
5.332112e-03 3.990424e+03 0.000000e+00
5.586004e-03 3.672605e+03 0.000000e+00
5.851986e-03 3.378595e+03 0.000000e+00
6.130633e-03 3.106903e+03 0.000000e+00
6.422548e-03 2.856080e+03 0.000000e+00
6.728362e-03 2.624269e+03 0.000000e+00
7.048738e-03 2.410280e+03 0.000000e+00
7.384369e-03 2.213166e+03 0.000000e+00
7.735981e-03 2.030993e+03 0.000000e+00
8.104336e-03 1.863342e+03 0.000000e+00
8.490230e-03 1.708555e+03 0.000000e+00
8.894499e-03 1.566084e+03 0.000000e+00
9.318017e-03 1.434776e+03 0.000000e+00
9.761701e-03 1.313954e+03 0.000000e+00
1.022651e-02 1.202694e+03 0.000000e+00
1.071346e-02 1.100335e+03 0.000000e+00
1.122358e-02 1.006230e+03 0.000000e+00
1.175800e-02 9.197188e+02 0.000000e+00
1.231787e-02 8.402302e+02 0.000000e+00
1.290439e-02 7.672260e+02 0.000000e+00
1.351885e-02 7.002047e+02 0.000000e+00
1.416256e-02 6.387041e+02 0.000000e+00
1.483692e-02 5.822949e+02 0.000000e+00
1.554339e-02 5.305802e+02 0.000000e+00
1.628350e-02 4.831923e+02 0.000000e+00
1.705885e-02 4.398048e+02 0.000000e+00
1.787112e-02 4.000542e+02 0.000000e+00
1.872207e-02 3.637097e+02 0.000000e+00
1.961353e-02 3.304593e+02 0.000000e+00
2.054745e-02 3.000647e+02 0.000000e+00
2.152583e-02 2.722963e+02 0.000000e+00
2.255080e-02 2.469340e+02 0.000000e+00
2.362457e-02 2.238040e+02 0.000000e+00
2.474947e-02 2.027033e+02 0.000000e+00
2.592794e-02 1.834674e+02 0.000000e+00
2.716251e-02 1.659451e+02 0.000000e+00
2.845588e-02 1.499923e+02 0.000000e+00
2.981083e-02 1.354757e+02 0.000000e+00
3.123029e-02 1.222769e+02 0.000000e+00
3.271734e-02 1.102811e+02 0.000000e+00
3.427521e-02 9.938770e+01 0.000000e+00
3.590724e-02 8.950089e+01 0.000000e+00
3.761700e-02 8.053435e+01 0.000000e+00
3.940816e-02 7.240745e+01 0.000000e+00
4.128461e-02 6.504733e+01 0.000000e+00
4.325040e-02 5.838623e+01 0.000000e+00
4.530980e-02 5.236248e+01 0.000000e+00
4.746726e-02 4.691887e+01 0.000000e+00
4.972745e-02 4.200367e+01 0.000000e+00
5.209526e-02 3.756865e+01 0.000000e+00
5.457582e-02 3.357050e+01 0.000000e+00
5.717449e-02 2.996887e+01 0.000000e+00
5.989689e-02 2.672742e+01 0.000000e+00
6.274893e-02 2.381247e+01 0.000000e+00
6.573677e-02 2.119350e+01 0.000000e+00
6.886687e-02 1.884249e+01 0.000000e+00
7.214602e-02 1.673402e+01 0.000000e+00
7.558131e-02 1.484475e+01 0.000000e+00
7.918017e-02 1.315369e+01 0.000000e+00
8.295039e-02 1.164136e+01 0.000000e+00
8.690014e-02 1.029042e+01 0.000000e+00
9.103795e-02 9.084803e+00 0.000000e+00
9.537279e-02 8.010080e+00 0.000000e+00
9.991404e-02 7.053011e+00 0.000000e+00
1.046715e-01 6.201697e+00 0.000000e+00
1.096555e-01 5.445304e+00 0.000000e+00
1.148769e-01 4.773958e+00 0.000000e+00
1.203468e-01 4.178930e+00 0.000000e+00
1.260772e-01 3.652161e+00 0.000000e+00
1.320805e-01 3.186350e+00 0.000000e+00
1.383696e-01 2.775028e+00 0.000000e+00
1.449582e-01 2.412265e+00 0.000000e+00
1.518605e-01 2.092825e+00 0.000000e+00
1.590914e-01 1.811927e+00 0.000000e+00
1.666667e-01 1.565262e+00 0.000000e+00
