1.000000e-03 4.358108e-09 4.881249e+00
1.100000e-03 3.754955e-09 4.522899e+00
1.200000e-03 3.273101e-09 4.218772e+00
1.300000e-03 2.881243e-09 3.957094e+00
1.400000e-03 2.558834e-09 3.729311e+00
1.500000e-03 2.291859e-09 3.529051e+00
1.600000e-03 2.067432e-09 3.351468e+00
1.700000e-03 1.876923e-09 3.192801e+00
1.800000e-03 1.712273e-09 3.050092e+00
1.900000e-03 1.568694e-09 2.920977e+00
2.000000e-03 1.442432e-09 2.803542e+00
2.100000e-03 1.331292e-09 2.696222e+00
2.200000e-03 1.232995e-09 2.597723e+00
2.300000e-03 1.146163e-09 2.506968e+00
2.400000e-03 1.068509e-09 2.423048e+00
2.500000e-03 1.452830e-05 2.345195e+00
2.600000e-03 1.360016e-05 2.272753e+00
2.700000e-03 1.274769e-05 2.205159e+00
2.800000e-03 1.197598e-05 2.141927e+00
2.900000e-03 1.127295e-05 2.082632e+00
3.000000e-03 1.063046e-05 2.026908e+00
3.100000e-03 1.003970e-05 1.974430e+00
3.200000e-03 9.501201e-06 1.924913e+00
3.300000e-03 9.005197e-06 1.878105e+00
3.400000e-03 8.550812e-06 1.833783e+00
3.500000e-03 8.125000e-06 1.791747e+00
3.600000e-03 7.735607e-06 1.751818e+00
3.700000e-03 7.364119e-06 1.713837e+00
3.800000e-03 7.027865e-06 1.677661e+00
3.900000e-03 6.712394e-06 1.643158e+00
4.000000e-03 6.417328e-06 1.610212e+00
4.100000e-03 6.140201e-06 1.578716e+00
4.200000e-03 5.882483e-06 1.548573e+00
4.300000e-03 5.638038e-06 1.519694e+00
4.400000e-03 5.413270e-06 1.492000e+00
4.500000e-03 5.196858e-06 1.465416e+00
4.600000e-03 4.995685e-06 1.439875e+00
4.700000e-03 4.803842e-06 1.415314e+00
4.800000e-03 4.625453e-06 1.391676e+00
4.900000e-03 4.455556e-06 1.368908e+00
5.000000e-03 4.295787e-06 1.346961e+00
5.100000e-03 4.142649e-06 1.325790e+00
5.200000e-03 3.998473e-06 1.305354e+00
5.300000e-03 3.862038e-06 1.285613e+00
5.400000e-03 3.731883e-06 1.266531e+00
5.500000e-03 3.611298e-06 1.248075e+00
5.600000e-03 3.490521e-06 1.230214e+00
5.700000e-03 3.378646e-06 1.212917e+00
5.800000e-03 3.271750e-06 1.196158e+00
5.900000e-03 3.170641e-06 1.179911e+00
6.000000e-03 3.073441e-06 1.164153e+00
6.100000e-03 2.980023e-06 1.148860e+00
6.200000e-03 2.891405e-06 1.134012e+00
6.300000e-03 2.806575e-06 1.119589e+00
6.400000e-03 2.725404e-06 1.105572e+00
6.500000e-03 2.647892e-06 1.091944e+00
6.600000e-03 2.573292e-06 1.078688e+00
6.700000e-03 2.501723e-06 1.065789e+00
6.800000e-03 2.432927e-06 1.053232e+00
6.900000e-03 2.367071e-06 1.041002e+00
7.000000e-03 2.303812e-06 1.029088e+00
7.100000e-03 2.243091e-06 1.017476e+00
7.200000e-03 2.184602e-06 1.006155e+00
7.300000e-03 2.128319e-06 9.951137e-01
7.400000e-03 2.074104e-06 9.843411e-01
7.500000e-03 2.021875e-06 9.738274e-01
7.600000e-03 1.971603e-06 9.635630e-01
7.700000e-03 1.923170e-06 9.535389e-01
7.800000e-03 1.876468e-06 9.437464e-01
7.900000e-03 1.831394e-06 9.341773e-01
8.000000e-03 1.787866e-06 9.248238e-01
8.100000e-03 1.745821e-06 9.156784e-01
8.200000e-03 1.705203e-06 9.067340e-01
8.300000e-03 1.665962e-06 8.979839e-01
8.400000e-03 1.628038e-06 8.894214e-01
8.500000e-03 1.591368e-06 8.810405e-01
8.600000e-03 1.555891e-06 8.728352e-01
8.700000e-03 1.521548e-06 8.647998e-01
8.800000e-03 1.488290e-06 8.569290e-01
8.900000e-03 1.456076e-06 8.492176e-01
9.000000e-03 1.424866e-06 8.416606e-01
9.100000e-03 1.394623e-06 8.342532e-01
9.200000e-03 1.365309e-06 8.269909e-01
9.300000e-03 1.336884e-06 8.198693e-01
9.400000e-03 1.309313e-06 8.128843e-01
9.500000e-03 1.282558e-06 8.060317e-01
9.600000e-03 1.256585e-06 7.993077e-01
9.700000e-03 1.231365e-06 7.927087e-01
9.800000e-03 1.206871e-06 7.862310e-01
9.900000e-03 1.183076e-06 7.798711e-01
1.000000e-02 1.159956e-06 7.736259e-01
1.010000e-02 1.137485e-06 7.674921e-01
1.020000e-02 1.115641e-06 7.614666e-01
1.030000e-02 1.094398e-06 7.555465e-01
1.040000e-02 1.073734e-06 7.497290e-01
1.050000e-02 1.053628e-06 7.440114e-01
1.060000e-02 1.034059e-06 7.383909e-01
1.070000e-02 1.015010e-06 7.328650e-01
1.080000e-02 9.964628e-07 7.274313e-01
1.090000e-02 9.783983e-07 7.220875e-01
1.100000e-02 9.608062e-07 7.168311e-01
1.110000e-02 9.436645e-07 7.116601e-01
1.120000e-02 9.269601e-07 7.065723e-01
1.130000e-02 9.106779e-07 7.015655e-01
1.140000e-02 8.948037e-07 6.966379e-01
1.150000e-02 8.793237e-07 6.917875e-01
1.160000e-02 8.642225e-07 6.870125e-01
1.170000e-02 8.494934e-07 6.823109e-01
1.180000e-02 8.351229e-07 6.776811e-01
1.190000e-02 8.210995e-07 6.731215e-01
1.200000e-02 8.074117e-07 6.686302e-01
1.210000e-02 7.940487e-07 6.642059e-01
1.220000e-02 7.810001e-07 6.598468e-01
1.230000e-02 7.682558e-07 6.555516e-01
1.240000e-02 7.558064e-07 6.513189e-01
1.250000e-02 7.436430e-07 6.471471e-01
1.260000e-02 7.317575e-07 6.430349e-01
1.270000e-02 7.201419e-07 6.389811e-01
1.280000e-02 7.087884e-07 6.349844e-01
1.290000e-02 6.976896e-07 6.310434e-01
1.300000e-02 6.868380e-07 6.271571e-01
1.310000e-02 6.762264e-07 6.233242e-01
1.320000e-02 6.658475e-07 6.195436e-01
1.330000e-02 6.556942e-07 6.158142e-01
1.340000e-02 6.457601e-07 6.121349e-01
1.350000e-02 6.360387e-07 6.085048e-01
1.360000e-02 6.265239e-07 6.049227e-01
1.370000e-02 6.172101e-07 6.013877e-01
1.380000e-02 6.080919e-07 5.978989e-01
1.390000e-02 5.991641e-07 5.944552e-01
1.400000e-02 5.904219e-07 5.910559e-01
1.410000e-02 5.818602e-07 5.877000e-01
1.420000e-02 5.734743e-07 5.843867e-01
1.430000e-02 5.652597e-07 5.811151e-01
1.440000e-02 5.572115e-07 5.778845e-01
1.450000e-02 5.493254e-07 5.746939e-01
1.460000e-02 5.415669e-07 5.715427e-01
1.470000e-02 5.339914e-07 5.684302e-01
1.480000e-02 5.265651e-07 5.653555e-01
1.490000e-02 5.192843e-07 5.623180e-01
1.500000e-02 5.121454e-07 5.593170e-01
1.510000e-02 5.051449e-07 5.563517e-01
1.520000e-02 4.982793e-07 5.534216e-01
1.530000e-02 4.915452e-07 5.505260e-01
1.540000e-02 4.849394e-07 5.476643e-01
1.550000e-02 4.784587e-07 5.448358e-01
1.560000e-02 4.721000e-07 5.420400e-01
1.570000e-02 4.658601e-07 5.392762e-01
1.580000e-02 4.597362e-07 5.365440e-01
1.590000e-02 4.537253e-07 5.338427e-01
1.600000e-02 4.478246e-07 5.311718e-01
1.610000e-02 4.420316e-07 5.285308e-01
1.620000e-02 4.363436e-07 5.259192e-01
1.630000e-02 4.307583e-07 5.233364e-01
1.640000e-02 4.252734e-07 5.207820e-01
1.650000e-02 4.198864e-07 5.182554e-01
1.660000e-02 4.145953e-07 5.157563e-01
1.670000e-02 4.093977e-07 5.132841e-01
1.680000e-02 4.042917e-07 5.108384e-01
1.690000e-02 3.992750e-07 5.084188e-01
1.700000e-02 3.943457e-07 5.060249e-01
1.710000e-02 3.895016e-07 5.036561e-01
1.720000e-02 3.847408e-07 5.013122e-01
1.730000e-02 3.800614e-07 4.989926e-01
1.740000e-02 3.754617e-07 4.966971e-01
1.750000e-02 3.709396e-07 4.944252e-01
1.760000e-02 3.664936e-07 4.921765e-01
1.770000e-02 3.621220e-07 4.899507e-01
1.780000e-02 3.578231e-07 4.877474e-01
1.790000e-02 3.535955e-07 4.855663e-01
1.800000e-02 3.494377e-07 4.834071e-01
1.810000e-02 3.453482e-07 4.812693e-01
1.820000e-02 3.413255e-07 4.791526e-01
1.830000e-02 3.373683e-07 4.770568e-01
1.840000e-02 3.334753e-07 4.749816e-01
1.850000e-02 3.296450e-07 4.729265e-01
1.860000e-02 3.258762e-07 4.708913e-01
1.870000e-02 3.221676e-07 4.688757e-01
1.880000e-02 3.185178e-07 4.668794e-01
1.890000e-02 3.149257e-07 4.649022e-01
1.900000e-02 3.113901e-07 4.629436e-01
1.910000e-02 3.079096e-07 4.610036e-01
1.920000e-02 3.044833e-07 4.590817e-01
1.930000e-02 3.011099e-07 4.571778e-01
1.940000e-02 2.977885e-07 4.552916e-01
1.950000e-02 2.945179e-07 4.534228e-01
1.960000e-02 2.912972e-07 4.515711e-01
1.970000e-02 2.881254e-07 4.497364e-01
1.980000e-02 2.850017e-07 4.479183e-01
1.990000e-02 2.819250e-07 4.461168e-01
