1.666667e-03 5.193790e+04 0.000000e+00
1.746026e-03 4.815059e+04 0.000000e+00
1.829165e-03 4.464553e+04 0.000000e+00
1.916262e-03 4.138422e+04 0.000000e+00
2.007506e-03 3.834792e+04 0.000000e+00
2.103095e-03 3.553107e+04 0.000000e+00
2.203235e-03 3.290815e+04 0.000000e+00
2.308144e-03 3.047444e+04 0.000000e+00
2.418048e-03 2.821274e+04 0.000000e+00
2.533185e-03 2.610300e+04 0.000000e+00
2.653805e-03 2.414897e+04 0.000000e+00
2.780168e-03 2.233532e+04 0.000000e+00
2.912547e-03 2.065442e+04 0.000000e+00
3.051230e-03 1.908878e+04 0.000000e+00
3.196517e-03 1.763911e+04 0.000000e+00
3.348722e-03 1.629574e+04 0.000000e+00
3.508174e-03 1.504708e+04 0.000000e+00
3.675218e-03 1.389179e+04 0.000000e+00
3.850216e-03 1.282063e+04 0.000000e+00
4.033547e-03 1.182867e+04 0.000000e+00
4.225607e-03 1.090904e+04 0.000000e+00
4.426813e-03 1.005751e+04 0.000000e+00
4.637599e-03 9.270157e+03 0.000000e+00
4.858422e-03 8.540139e+03 0.000000e+00
5.089759e-03 7.865746e+03 0.000000e+00
5.332112e-03 7.241481e+03 0.000000e+00
5.586004e-03 6.664729e+03 0.000000e+00
5.851986e-03 6.131189e+03 0.000000e+00
6.130633e-03 5.638144e+03 0.000000e+00
6.422548e-03 5.182973e+03 0.000000e+00
6.728362e-03 4.762303e+03 0.000000e+00
7.048738e-03 4.373975e+03 0.000000e+00
7.384369e-03 4.016269e+03 0.000000e+00
7.735981e-03 3.685678e+03 0.000000e+00
8.104336e-03 3.381442e+03 0.000000e+00
8.490230e-03 3.100544e+03 0.000000e+00
8.894499e-03 2.842000e+03 0.000000e+00
9.318017e-03 2.603713e+03 0.000000e+00
9.761701e-03 2.384454e+03 0.000000e+00
1.022651e-02 2.182542e+03 0.000000e+00
1.071346e-02 1.996796e+03 0.000000e+00
1.122358e-02 1.826023e+03 0.000000e+00
1.175800e-02 1.669029e+03 0.000000e+00
1.231787e-02 1.524780e+03 0.000000e+00
1.290439e-02 1.392298e+03 0.000000e+00
1.351885e-02 1.270673e+03 0.000000e+00
1.416256e-02 1.159066e+03 0.000000e+00
1.483692e-02 1.056699e+03 0.000000e+00
1.554339e-02 9.628512e+02 0.000000e+00
1.628350e-02 8.768554e+02 0.000000e+00
1.705885e-02 7.981191e+02 0.000000e+00
1.787112e-02 7.259829e+02 0.000000e+00
1.872207e-02 6.600280e+02 0.000000e+00
1.961353e-02 5.996894e+02 0.000000e+00
2.054745e-02 5.445305e+02 0.000000e+00
2.152583e-02 4.941444e+02 0.000000e+00
2.255080e-02 4.481309e+02 0.000000e+00
2.362457e-02 4.061458e+02 0.000000e+00
2.474947e-02 3.678508e+02 0.000000e+00
2.592794e-02 3.329461e+02 0.000000e+00
2.716251e-02 3.011468e+02 0.000000e+00
2.845588e-02 2.721965e+02 0.000000e+00
2.981083e-02 2.458532e+02 0.000000e+00
3.123029e-02 2.218998e+02 0.000000e+00
3.271734e-02 2.001312e+02 0.000000e+00
3.427521e-02 1.803619e+02 0.000000e+00
3.590724e-02 1.624199e+02 0.000000e+00
3.761700e-02 1.461476e+02 0.000000e+00
3.940816e-02 1.313998e+02 0.000000e+00
4.128461e-02 1.180434e+02 0.000000e+00
4.325040e-02 1.059554e+02 0.000000e+00
4.530980e-02 9.502389e+01 0.000000e+00
4.746726e-02 8.514526e+01 0.000000e+00
4.972745e-02 7.622521e+01 0.000000e+00
5.209526e-02 6.817695e+01 0.000000e+00
5.457582e-02 6.092118e+01 0.000000e+00
5.717449e-02 5.438525e+01 0.000000e+00
5.989689e-02 4.850287e+01 0.000000e+00
6.274893e-02 4.321300e+01 0.000000e+00
6.573677e-02 3.846028e+01 0.000000e+00
6.886687e-02 3.419387e+01 0.000000e+00
7.214602e-02 3.036758e+01 0.000000e+00
7.558131e-02 2.693919e+01 0.000000e+00
7.918017e-02 2.387043e+01 0.000000e+00
8.295039e-02 2.112597e+01 0.000000e+00
8.690014e-02 1.867448e+01 0.000000e+00
9.103795e-02 1.648646e+01 0.000000e+00
9.537279e-02 1.453616e+01 0.000000e+00
9.991404e-02 1.279925e+01 0.000000e+00
1.046715e-01 1.125433e+01 0.000000e+00
1.096555e-01 9.881616e+00 0.000000e+00
1.148769e-01 8.663362e+00 0.000000e+00
1.203468e-01 7.583518e+00 0.000000e+00
1.260772e-01 6.627528e+00 0.000000e+00
1.320805e-01 5.782268e+00 0.000000e+00
1.383696e-01 5.035771e+00 0.000000e+00
1.449582e-01 4.377592e+00 0.000000e+00
1.518605e-01 3.797871e+00 0.000000e+00
1.590914e-01 3.288098e+00 0.000000e+00
1.666667e-01 2.840498e+00 0.000000e+00
