1.250000e-01 nan -1.000000e+00
3.750000e-01 1.302622e-02 3.475793e+03
6.250000e-01 3.523971e-01 5.554223e+01
8.750000e-01 6.370894e-01 2.441807e+01
1.125000e+00 8.784500e-01 1.560709e+01
1.375000e+00 1.123580e+00 7.843586e+00
1.625000e+00 1.377036e+00 8.033238e+00
1.875000e+00 1.629926e+00 5.640733e+00
2.125000e+00 1.864863e+00 6.276285e+00
2.375000e+00 2.130279e+00 4.583236e+00
2.625000e+00 2.395919e+00 4.066101e+00
2.875000e+00 2.624105e+00 4.346496e+00
3.125000e+00 2.885631e+00 2.990318e+00
3.375000e+00 3.137620e+00 2.480648e+00
3.625000e+00 3.383558e+00 2.139900e+00
3.875000e+00 3.610122e+00 1.956593e+00
4.125000e+00 3.876025e+00 2.022960e+00
4.375000e+00 4.132200e+00 2.147680e+00
4.625000e+00 4.375545e+00 1.723927e+00
4.875000e+00 4.630529e+00 1.344508e+00
5.125000e+00 4.883086e+00 1.466741e+00
5.375000e+00 5.123148e+00 1.329822e+00
5.625000e+00 5.371815e+00 1.141573e+00
5.875000e+00 5.630947e+00 1.207564e+00
6.125000e+00 5.879887e+00 1.145334e+00
6.375000e+00 6.126067e+00 8.540423e-01
6.625000e+00 6.378684e+00 9.150644e-01
6.875000e+00 6.623748e+00 1.111151e+00
7.125000e+00 6.872630e+00 1.066990e+00
7.375000e+00 7.129805e+00 1.029177e+00
7.625000e+00 7.371250e+00 1.067172e+00
7.875000e+00 7.625425e+00 8.747338e-01
8.125000e+00 7.871056e+00 1.055584e+00
8.375000e+00 8.126198e+00 7.998834e-01
8.625000e+00 8.376857e+00 7.034042e-01
8.875000e+00 8.624249e+00 8.070111e-01
9.125000e+00 8.877054e+00 7.988373e-01
9.375000e+00 9.134678e+00 5.706569e-01
9.625000e+00 9.374839e+00 7.336062e-01
9.875000e+00 9.627452e+00 6.577528e-01
1.012500e+01 9.881836e+00 5.362957e-01
1.037500e+01 1.012563e+01 5.134381e-01
1.062500e+01 1.037384e+01 5.063871e-01
1.087500e+01 1.062790e+01 5.766924e-01
1.112500e+01 1.087381e+01 5.713134e-01
1.137500e+01 1.112989e+01 6.542701e-01
1.162500e+01 1.137436e+01 7.093524e-01
1.187500e+01 1.162558e+01 7.234611e-01
1.212500e+01 1.187039e+01 6.406120e-01
