-8.750000e-01 nan -1.000000e+00
-6.250000e-01 nan -1.000000e+00
-3.750000e-01 nan -1.000000e+00
-1.250000e-01 nan -1.000000e+00
1.250000e-01 nan -1.000000e+00
3.750000e-01 2.537107e-02 5.969514e+03
6.250000e-01 3.931562e-01 3.357589e+02
8.750000e-01 6.287500e-01 2.131846e+02
1.125000e+00 8.804301e-01 1.351641e+02
1.375000e+00 1.137432e+00 8.752610e+01
1.625000e+00 1.375496e+00 7.606481e+01
1.875000e+00 1.631437e+00 6.208697e+01
2.125000e+00 1.873527e+00 5.701601e+01
2.375000e+00 2.127066e+00 4.522919e+01
2.625000e+00 2.375332e+00 4.093103e+01
2.875000e+00 2.626385e+00 3.912676e+01
3.125000e+00 2.874874e+00 3.491287e+01
3.375000e+00 3.125850e+00 3.249455e+01
3.625000e+00 3.375710e+00 2.990839e+01
3.875000e+00 3.628043e+00 2.886763e+01
4.125000e+00 3.883235e+00 2.966713e+01
4.375000e+00 4.125119e+00 2.764624e+01
4.625000e+00 4.376365e+00 2.543257e+01
4.875000e+00 4.630911e+00 2.373958e+01
5.125000e+00 4.873739e+00 2.339019e+01
5.375000e+00 5.126981e+00 2.202367e+01
5.625000e+00 5.379523e+00 2.109374e+01
5.875000e+00 5.624016e+00 2.010020e+01
6.125000e+00 5.871949e+00 1.885613e+01
6.375000e+00 6.129469e+00 1.974391e+01
6.625000e+00 6.377075e+00 1.982130e+01
6.875000e+00 6.629200e+00 1.955113e+01
7.125000e+00 6.876791e+00 1.888901e+01
7.375000e+00 7.126105e+00 1.757746e+01
7.625000e+00 7.374039e+00 1.812512e+01
7.875000e+00 7.626153e+00 1.763193e+01
8.125000e+00 7.875382e+00 1.697310e+01
8.375000e+00 8.128725e+00 1.711626e+01
8.625000e+00 8.375943e+00 1.541435e+01
8.875000e+00 8.624643e+00 1.630241e+01
9.125000e+00 8.876621e+00 1.696567e+01
9.375000e+00 9.124174e+00 1.609701e+01
9.625000e+00 9.372409e+00 1.516674e+01
9.875000e+00 9.624740e+00 1.510505e+01
1.012500e+01 9.875696e+00 1.561491e+01
1.037500e+01 1.012618e+01 1.469923e+01
1.062500e+01 1.037630e+01 1.411071e+01
1.087500e+01 1.062479e+01 1.416526e+01
1.112500e+01 1.087709e+01 1.441501e+01
1.137500e+01 1.112564e+01 1.387837e+01
1.162500e+01 1.137427e+01 1.335888e+01
1.187500e+01 1.162630e+01 1.381951e+01
1.212500e+01 1.187371e+01 1.339416e+01
1.237500e+01 1.212372e+01 1.321143e+01
1.262500e+01 1.237592e+01 1.285646e+01
1.287500e+01 1.262441e+01 1.278050e+01
1.312500e+01 1.287712e+01 1.192788e+01
1.337500e+01 1.312677e+01 1.285519e+01
1.362500e+01 1.337680e+01 1.251447e+01
1.387500e+01 1.362604e+01 1.182885e+01
1.412500e+01 1.387612e+01 1.195942e+01
1.437500e+01 1.412714e+01 1.179399e+01
1.462500e+01 1.437524e+01 1.119312e+01
1.487500e+01 1.462661e+01 1.106421e+01
1.512500e+01 1.487582e+01 1.089461e+01
1.537500e+01 1.512534e+01 1.049141e+01
1.562500e+01 1.537503e+01 1.026150e+01
1.587500e+01 1.562737e+01 9.894005e+00
1.612500e+01 1.587567e+01 9.954113e+00
1.637500e+01 1.612559e+01 1.007290e+01
1.662500e+01 1.637437e+01 9.468658e+00
1.687500e+01 1.662504e+01 9.573733e+00
1.712500e+01 1.687368e+01 9.311292e+00
1.737500e+01 1.712793e+01 8.997470e+00
1.762500e+01 1.737472e+01 9.019445e+00
1.787500e+01 1.762557e+01 9.022081e+00
1.812500e+01 1.787546e+01 8.920499e+00
1.837500e+01 1.812313e+01 8.249180e+00
1.862500e+01 1.837380e+01 8.105059e+00
1.887500e+01 1.862395e+01 8.349175e+00
1.912500e+01 1.887503e+01 8.081841e+00
1.937500e+01 1.912578e+01 7.661944e+00
1.962500e+01 1.937541e+01 7.833031e+00
1.987500e+01 1.962402e+01 7.651630e+00
2.012500e+01 1.987595e+01 7.314146e+00
2.037500e+01 2.012589e+01 7.063554e+00
2.062500e+01 2.037588e+01 6.722659e+00
2.087500e+01 2.062526e+01 6.700335e+00
2.112500e+01 2.087371e+01 6.697090e+00
2.137500e+01 2.112392e+01 6.428232e+00
2.162500e+01 2.137591e+01 6.373551e+00
2.187500e+01 2.162724e+01 6.291146e+00
2.212500e+01 2.187369e+01 6.305265e+00
2.237500e+01 2.212612e+01 5.522210e+00
2.262500e+01 2.237471e+01 5.722636e+00
2.287500e+01 2.262425e+01 5.675330e+00
2.312500e+01 2.287532e+01 5.662178e+00
2.337500e+01 2.312369e+01 5.457260e+00
2.362500e+01 2.337514e+01 5.379394e+00
2.387500e+01 2.362461e+01 5.079892e+00
2.412500e+01 2.387446e+01 4.760473e+00
2.437500e+01 2.412231e+01 4.777634e+00
2.462500e+01 2.437581e+01 4.775929e+00
2.487500e+01 2.462499e+01 4.711797e+00
2.512500e+01 2.487463e+01 4.348580e+00
2.537500e+01 2.512471e+01 4.291121e+00
2.562500e+01 2.537394e+01 4.032217e+00
2.587500e+01 2.562447e+01 4.036752e+00
2.612500e+01 2.587499e+01 3.855601e+00
2.637500e+01 2.612287e+01 3.787575e+00
2.662500e+01 2.637493e+01 3.696764e+00
2.687500e+01 2.662497e+01 3.528425e+00
2.712500e+01 2.687509e+01 3.443207e+00
2.737500e+01 2.712434e+01 3.227456e+00
2.762500e+01 2.737467e+01 3.086124e+00
2.787500e+01 2.762612e+01 2.855758e+00
2.812500e+01 2.787404e+01 2.707636e+00
2.837500e+01 2.812530e+01 2.732445e+00
2.862500e+01 2.837434e+01 2.613171e+00
2.887500e+01 2.862416e+01 2.608372e+00
2.912500e+01 2.887480e+01 2.409415e+00
2.937500e+01 2.912674e+01 2.114019e+00
2.962500e+01 2.937472e+01 2.263365e+00
2.987500e+01 2.962423e+01 1.936139e+00
3.012500e+01 2.987438e+01 1.833649e+00
3.037500e+01 3.012493e+01 1.782831e+00
3.062500e+01 3.037580e+01 1.662804e+00
3.087500e+01 3.062414e+01 1.609584e+00
3.112500e+01 3.087374e+01 1.493469e+00
3.137500e+01 3.112472e+01 1.363120e+00
3.162500e+01 3.137357e+01 1.232087e+00
3.187500e+01 3.162566e+01 1.066981e+00
3.212500e+01 3.187520e+01 1.078329e+00
3.237500e+01 3.212092e+01 9.911436e-01
3.262500e+01 3.237342e+01 7.490759e-01
3.287500e+01 3.262382e+01 8.055712e-01
3.312500e+01 3.287569e+01 5.848191e-01
3.337500e+01 3.312438e+01 5.391953e-01
3.362500e+01 3.337505e+01 5.276535e-01
3.387500e+01 3.362335e+01 3.569982e-01
3.412500e+01 3.387344e+01 2.396407e-01
3.437500e+01 3.412450e+01 2.069571e-01
3.462500e+01 3.437460e+01 1.146480e-01
3.487500e+01 3.462447e+01 1.208097e-01
3.512500e+01 3.487464e+01 6.535917e-02
3.537500e+01 3.512430e+01 -3.064871e-02
3.562500e+01 3.537151e+01 -8.517069e-02
3.587500e+01 3.562119e+01 -1.138603e-01
3.612500e+01 3.587188e+01 -2.612097e-01
3.637500e+01 3.612126e+01 -2.868676e-01
3.662500e+01 3.637312e+01 -3.233627e-01
3.687500e+01 3.662192e+01 -3.655333e-01
3.712500e+01 3.687746e+01 -3.791935e-01
3.737500e+01 3.712264e+01 -4.540248e-01
3.762500e+01 3.737358e+01 -4.590167e-01
3.787500e+01 3.762109e+01 -5.496967e-01
3.812500e+01 3.787259e+01 -5.410535e-01
3.837500e+01 3.812090e+01 -5.700949e-01
3.862500e+01 3.836812e+01 -5.992821e-01
3.887500e+01 3.862412e+01 -6.455610e-01
3.912500e+01 3.886936e+01 -6.559503e-01
3.937500e+01 3.912105e+01 -7.090811e-01
3.962500e+01 3.936629e+01 -7.519221e-01
3.987500e+01 3.962366e+01 -7.542269e-01
4.012500e+01 3.987078e+01 -7.692261e-01
4.037500e+01 4.012093e+01 -8.023418e-01
4.062500e+01 4.037718e+01 -8.276737e-01
4.087500e+01 4.061732e+01 -8.493337e-01
4.112500e+01 4.087018e+01 -8.659353e-01
4.137500e+01 4.112295e+01 -8.795278e-01
4.162500e+01 4.137306e+01 -8.806053e-01
4.187500e+01 4.162320e+01 -8.875093e-01
4.212500e+01 4.187410e+01 -9.047239e-01
4.237500e+01 4.213266e+01 -9.058480e-01
4.262500e+01 4.237721e+01 -9.164687e-01
4.287500e+01 4.262875e+01 -9.355566e-01
4.312500e+01 4.286623e+01 -9.342379e-01
4.337500e+01 4.312248e+01 -9.418027e-01
4.362500e+01 4.337701e+01 -9.491984e-01
4.387500e+01 4.362586e+01 -9.674052e-01
4.412500e+01 4.386061e+01 -9.687610e-01
4.437500e+01 4.412374e+01 -9.681376e-01
4.462500e+01 4.438565e+01 -9.742813e-01
4.487500e+01 4.462169e+01 -9.774290e-01
4.512500e+01 4.487354e+01 -9.748497e-01
4.537500e+01 4.512289e+01 -9.776141e-01
4.562500e+01 4.538883e+01 -9.769369e-01
4.587500e+01 4.561241e+01 -9.835756e-01
4.612500e+01 4.586763e+01 -9.843553e-01
4.637500e+01 4.612144e+01 -9.860121e-01
4.662500e+01 4.638652e+01 -9.879286e-01
4.687500e+01 4.662440e+01 -9.889312e-01
4.712500e+01 4.687073e+01 -9.925070e-01
4.737500e+01 4.709949e+01 -9.908752e-01
4.762500e+01 4.737432e+01 -9.915353e-01
4.787500e+01 4.762740e+01 -9.919029e-01
4.812500e+01 4.786290e+01 -9.925396e-01
4.837500e+01 4.812586e+01 -9.969920e-01
4.862500e+01 4.836923e+01 -9.989174e-01
4.887500e+01 4.861005e+01 -9.981249e-01
4.912500e+01 4.881032e+01 -9.997349e-01
4.937500e+01 4.918738e+01 -9.994751e-01
4.962500e+01 4.927822e+01 -9.997402e-01
4.987500e+01 4.963404e+01 -9.989711e-01
5.012500e+01 4.991352e+01 -9.992361e-01
5.037500e+01 5.017256e+01 -9.997479e-01
5.062500e+01 5.032592e+01 -9.997504e-01
5.087500e+01 5.059935e+01 -9.995056e-01
5.112500e+01 5.092266e+01 -9.997552e-01
5.137500e+01 nan -1.000000e+00
5.162500e+01 nan -1.000000e+00
5.187500e+01 nan -1.000000e+00
5.212500e+01 nan -1.000000e+00
5.237500e+01 nan -1.000000e+00
5.262500e+01 nan -1.000000e+00
5.287500e+01 nan -1.000000e+00
5.312500e+01 nan -1.000000e+00
5.337500e+01 nan -1.000000e+00
5.362500e+01 nan -1.000000e+00
5.387500e+01 nan -1.000000e+00
5.412500e+01 nan -1.000000e+00
5.437500e+01 nan -1.000000e+00
5.462500e+01 nan -1.000000e+00
5.487500e+01 nan -1.000000e+00
5.512500e+01 nan -1.000000e+00
5.537500e+01 nan -1.000000e+00
5.562500e+01 nan -1.000000e+00
5.587500e+01 nan -1.000000e+00
5.612500e+01 nan -1.000000e+00
5.637500e+01 nan -1.000000e+00
5.662500e+01 nan -1.000000e+00
5.687500e+01 nan -1.000000e+00
5.712500e+01 nan -1.000000e+00
5.737500e+01 nan -1.000000e+00
5.762500e+01 nan -1.000000e+00
5.787500e+01 nan -1.000000e+00
5.812500e+01 nan -1.000000e+00
5.837500e+01 nan -1.000000e+00
5.862500e+01 nan -1.000000e+00
5.887500e+01 nan -1.000000e+00
5.912500e+01 nan -1.000000e+00
5.937500e+01 nan -1.000000e+00
5.962500e+01 nan -1.000000e+00
