-8.750000e-01 nan -1.000000e+00
-6.250000e-01 nan -1.000000e+00
-3.750000e-01 nan -1.000000e+00
-1.250000e-01 nan -1.000000e+00
1.250000e-01 nan -1.000000e+00
3.750000e-01 2.913520e-02 6.420828e+03
6.250000e-01 3.834371e-01 6.375946e+02
8.750000e-01 6.323011e-01 3.174734e+02
1.125000e+00 8.807525e-01 2.320622e+02
1.375000e+00 1.129636e+00 1.663062e+02
1.625000e+00 1.379157e+00 1.344986e+02
1.875000e+00 1.627218e+00 1.193633e+02
2.125000e+00 1.884867e+00 1.110583e+02
2.375000e+00 2.126635e+00 8.932280e+01
2.625000e+00 2.379924e+00 8.347271e+01
2.875000e+00 2.627637e+00 7.227130e+01
3.125000e+00 2.881288e+00 6.615989e+01
3.375000e+00 3.135011e+00 6.092877e+01
3.625000e+00 3.378200e+00 6.356997e+01
3.875000e+00 3.624812e+00 5.651781e+01
4.125000e+00 3.877454e+00 5.269731e+01
4.375000e+00 4.125073e+00 5.065484e+01
4.625000e+00 4.374531e+00 4.884787e+01
4.875000e+00 4.627448e+00 4.853557e+01
5.125000e+00 4.876646e+00 4.719481e+01
5.375000e+00 5.125881e+00 4.624818e+01
5.625000e+00 5.375178e+00 4.638582e+01
5.875000e+00 5.628243e+00 4.347214e+01
6.125000e+00 5.873878e+00 4.175344e+01
6.375000e+00 6.125472e+00 4.166108e+01
6.625000e+00 6.376423e+00 3.900041e+01
6.875000e+00 6.626241e+00 3.892870e+01
7.125000e+00 6.877610e+00 3.790762e+01
7.375000e+00 7.126312e+00 3.748708e+01
7.625000e+00 7.378075e+00 3.675230e+01
7.875000e+00 7.624409e+00 3.553258e+01
8.125000e+00 7.877072e+00 3.555293e+01
8.375000e+00 8.126578e+00 3.470877e+01
8.625000e+00 8.376340e+00 3.507986e+01
8.875000e+00 8.627046e+00 3.450278e+01
9.125000e+00 8.874792e+00 3.368962e+01
9.375000e+00 9.125544e+00 3.236075e+01
9.625000e+00 9.375333e+00 2.988045e+01
9.875000e+00 9.626566e+00 3.007840e+01
1.012500e+01 9.876137e+00 2.954343e+01
1.037500e+01 1.012778e+01 2.932599e+01
1.062500e+01 1.037450e+01 2.890961e+01
1.087500e+01 1.062406e+01 2.836651e+01
1.112500e+01 1.087533e+01 2.720472e+01
1.137500e+01 1.112551e+01 2.776083e+01
1.162500e+01 1.137589e+01 2.733268e+01
1.187500e+01 1.162467e+01 2.632434e+01
1.212500e+01 1.187552e+01 2.545413e+01
1.237500e+01 1.212504e+01 2.478419e+01
