-8.750000e-01 nan -1.000000e+00
-6.250000e-01 nan -1.000000e+00
-3.750000e-01 nan -1.000000e+00
-1.250000e-01 nan -1.000000e+00
1.250000e-01 nan -1.000000e+00
3.750000e-01 9.066549e-02 1.066799e+03
6.250000e-01 3.861953e-01 3.394588e+02
8.750000e-01 6.330778e-01 2.421507e+02
1.125000e+00 8.815674e-01 1.934502e+02
1.375000e+00 1.130325e+00 1.626353e+02
1.625000e+00 1.379574e+00 1.430781e+02
1.875000e+00 1.629889e+00 1.309128e+02
2.125000e+00 1.878523e+00 1.228707e+02
2.375000e+00 2.128432e+00 1.138990e+02
2.625000e+00 2.378105e+00 1.073347e+02
2.875000e+00 2.627807e+00 1.011635e+02
3.125000e+00 2.877589e+00 9.767557e+01
3.375000e+00 3.127671e+00 9.350513e+01
3.625000e+00 3.377421e+00 9.116229e+01
3.875000e+00 3.626748e+00 8.756365e+01
4.125000e+00 3.877485e+00 8.544834e+01
4.375000e+00 4.126983e+00 8.372606e+01
4.625000e+00 4.377061e+00 8.219851e+01
4.875000e+00 4.626742e+00 8.064928e+01
5.125000e+00 4.876676e+00 7.832054e+01
5.375000e+00 5.126475e+00 7.706753e+01
5.625000e+00 5.376543e+00 7.518073e+01
5.875000e+00 5.626187e+00 7.308328e+01
6.125000e+00 5.876380e+00 7.105850e+01
6.375000e+00 6.126193e+00 6.969074e+01
6.625000e+00 6.376106e+00 6.779126e+01
6.875000e+00 6.626358e+00 6.608759e+01
7.125000e+00 6.876202e+00 6.465375e+01
7.375000e+00 7.125809e+00 6.342110e+01
7.625000e+00 7.376104e+00 6.195875e+01
7.875000e+00 7.625601e+00 6.030428e+01
8.125000e+00 7.875732e+00 5.859856e+01
8.375000e+00 8.125790e+00 5.724288e+01
8.625000e+00 8.375888e+00 5.592749e+01
8.875000e+00 8.625541e+00 5.431995e+01
9.125000e+00 8.875638e+00 5.278906e+01
9.375000e+00 9.125431e+00 5.126885e+01
9.625000e+00 9.375537e+00 4.967167e+01
9.875000e+00 9.625398e+00 4.829602e+01
1.012500e+01 9.875656e+00 4.703893e+01
1.037500e+01 1.012549e+01 4.570713e+01
1.062500e+01 1.037544e+01 4.436877e+01
1.087500e+01 1.062527e+01 4.328836e+01
1.112500e+01 1.087543e+01 4.196181e+01
1.137500e+01 1.112549e+01 4.077770e+01
1.162500e+01 1.137533e+01 3.975910e+01
1.187500e+01 1.162510e+01 3.852772e+01
1.212500e+01 1.187535e+01 3.719034e+01
1.237500e+01 1.212500e+01 3.595487e+01
1.262500e+01 1.237507e+01 3.470875e+01
1.287500e+01 1.262494e+01 3.338928e+01
1.312500e+01 1.287516e+01 3.234314e+01
1.337500e+01 1.312507e+01 3.125388e+01
1.362500e+01 1.337518e+01 3.036925e+01
1.387500e+01 1.362506e+01 2.926098e+01
1.412500e+01 1.387485e+01 2.820856e+01
1.437500e+01 1.412495e+01 2.701208e+01
1.462500e+01 1.437477e+01 2.597918e+01
1.487500e+01 1.462483e+01 2.486170e+01
1.512500e+01 1.487492e+01 2.379101e+01
1.537500e+01 1.512497e+01 2.295259e+01
1.562500e+01 1.537476e+01 2.195609e+01
1.587500e+01 1.562472e+01 2.096175e+01
1.612500e+01 1.587464e+01 1.997315e+01
1.637500e+01 1.612460e+01 1.894352e+01
1.662500e+01 1.637441e+01 1.793683e+01
1.687500e+01 1.662468e+01 1.698700e+01
1.712500e+01 1.687447e+01 1.605827e+01
1.737500e+01 1.712462e+01 1.523108e+01
1.762500e+01 1.737418e+01 1.438869e+01
1.787500e+01 1.762434e+01 1.353200e+01
1.812500e+01 1.787419e+01 1.272594e+01
1.837500e+01 1.812420e+01 1.183957e+01
1.862500e+01 1.837441e+01 1.107854e+01
1.887500e+01 1.862410e+01 1.034212e+01
1.912500e+01 1.887428e+01 9.596412e+00
1.937500e+01 1.912381e+01 8.808955e+00
1.962500e+01 1.937400e+01 8.086314e+00
1.987500e+01 1.962388e+01 7.340896e+00
2.012500e+01 1.987344e+01 6.584819e+00
2.037500e+01 2.012345e+01 5.894781e+00
2.062500e+01 2.037348e+01 5.259787e+00
2.087500e+01 2.062344e+01 4.656360e+00
2.112500e+01 2.087338e+01 4.116923e+00
2.137500e+01 2.112351e+01 3.632023e+00
2.162500e+01 2.137348e+01 3.218217e+00
2.187500e+01 2.162291e+01 2.749414e+00
2.212500e+01 2.187309e+01 2.334101e+00
2.237500e+01 2.212285e+01 1.961697e+00
2.262500e+01 2.237274e+01 1.625684e+00
2.287500e+01 2.262296e+01 1.342485e+00
2.312500e+01 2.287294e+01 1.071290e+00
2.337500e+01 2.312287e+01 8.594271e-01
2.362500e+01 2.337288e+01 6.299991e-01
2.387500e+01 2.362270e+01 4.292755e-01
2.412500e+01 2.387201e+01 2.459337e-01
2.437500e+01 2.412239e+01 7.004661e-02
2.462500e+01 2.437217e+01 -8.855141e-02
2.487500e+01 2.462188e+01 -2.212754e-01
2.512500e+01 2.487230e+01 -3.437255e-01
2.537500e+01 2.512207e+01 -4.457270e-01
2.562500e+01 2.537235e+01 -5.241027e-01
2.587500e+01 2.562196e+01 -5.941388e-01
2.612500e+01 2.587148e+01 -6.567180e-01
2.637500e+01 2.612151e+01 -7.146198e-01
2.662500e+01 2.637069e+01 -7.638327e-01
2.687500e+01 2.662164e+01 -8.100145e-01
2.712500e+01 2.687147e+01 -8.469315e-01
2.737500e+01 2.712132e+01 -8.735890e-01
2.762500e+01 2.737179e+01 -8.939473e-01
2.787500e+01 2.761923e+01 -9.147791e-01
2.812500e+01 2.787158e+01 -9.297998e-01
2.837500e+01 2.812141e+01 -9.437847e-01
2.862500e+01 2.837030e+01 -9.551527e-01
2.887500e+01 2.862186e+01 -9.640046e-01
2.912500e+01 2.887288e+01 -9.699393e-01
2.937500e+01 2.912013e+01 -9.747034e-01
2.962500e+01 2.937048e+01 -9.816281e-01
2.987500e+01 2.961943e+01 -9.849937e-01
3.012500e+01 2.986835e+01 -9.894402e-01
3.037500e+01 3.011681e+01 -9.925273e-01
3.062500e+01 3.036871e+01 -9.946231e-01
3.087500e+01 3.061902e+01 -9.963680e-01
3.112500e+01 3.086380e+01 -9.976294e-01
3.137500e+01 3.111616e+01 -9.986804e-01
3.162500e+01 3.136546e+01 -9.993900e-01
3.187500e+01 3.158086e+01 -9.997099e-01
3.212500e+01 3.184052e+01 -9.999236e-01
3.237500e+01 3.203766e+01 -9.999902e-01
3.262500e+01 3.233823e+01 -9.999968e-01
3.287500e+01 nan -1.000000e+00
3.312500e+01 nan -1.000000e+00
3.337500e+01 nan -1.000000e+00
3.362500e+01 nan -1.000000e+00
3.387500e+01 nan -1.000000e+00
3.412500e+01 nan -1.000000e+00
3.437500e+01 nan -1.000000e+00
3.462500e+01 nan -1.000000e+00
3.487500e+01 nan -1.000000e+00
3.512500e+01 nan -1.000000e+00
3.537500e+01 nan -1.000000e+00
3.562500e+01 nan -1.000000e+00
3.587500e+01 nan -1.000000e+00
3.612500e+01 nan -1.000000e+00
3.637500e+01 nan -1.000000e+00
3.662500e+01 nan -1.000000e+00
3.687500e+01 nan -1.000000e+00
3.712500e+01 nan -1.000000e+00
3.737500e+01 nan -1.000000e+00
3.762500e+01 nan -1.000000e+00
3.787500e+01 nan -1.000000e+00
3.812500e+01 nan -1.000000e+00
3.837500e+01 nan -1.000000e+00
3.862500e+01 nan -1.000000e+00
3.887500e+01 nan -1.000000e+00
3.912500e+01 nan -1.000000e+00
3.937500e+01 nan -1.000000e+00
3.962500e+01 nan -1.000000e+00
3.987500e+01 nan -1.000000e+00
4.012500e+01 nan -1.000000e+00
4.037500e+01 nan -1.000000e+00
4.062500e+01 nan -1.000000e+00
4.087500e+01 nan -1.000000e+00
4.112500e+01 nan -1.000000e+00
4.137500e+01 nan -1.000000e+00
4.162500e+01 nan -1.000000e+00
4.187500e+01 nan -1.000000e+00
4.212500e+01 nan -1.000000e+00
4.237500e+01 nan -1.000000e+00
4.262500e+01 nan -1.000000e+00
4.287500e+01 nan -1.000000e+00
4.312500e+01 nan -1.000000e+00
4.337500e+01 nan -1.000000e+00
4.362500e+01 nan -1.000000e+00
4.387500e+01 nan -1.000000e+00
4.412500e+01 nan -1.000000e+00
4.437500e+01 nan -1.000000e+00
4.462500e+01 nan -1.000000e+00
4.487500e+01 nan -1.000000e+00
4.512500e+01 nan -1.000000e+00
4.537500e+01 nan -1.000000e+00
4.562500e+01 nan -1.000000e+00
4.587500e+01 nan -1.000000e+00
4.612500e+01 nan -1.000000e+00
4.637500e+01 nan -1.000000e+00
4.662500e+01 nan -1.000000e+00
4.687500e+01 nan -1.000000e+00
4.712500e+01 nan -1.000000e+00
4.737500e+01 nan -1.000000e+00
4.762500e+01 nan -1.000000e+00
4.787500e+01 nan -1.000000e+00
4.812500e+01 nan -1.000000e+00
4.837500e+01 nan -1.000000e+00
4.862500e+01 nan -1.000000e+00
4.887500e+01 nan -1.000000e+00
4.912500e+01 nan -1.000000e+00
4.937500e+01 nan -1.000000e+00
4.962500e+01 nan -1.000000e+00
4.987500e+01 nan -1.000000e+00
5.012500e+01 nan -1.000000e+00
5.037500e+01 nan -1.000000e+00
5.062500e+01 nan -1.000000e+00
5.087500e+01 nan -1.000000e+00
5.112500e+01 nan -1.000000e+00
5.137500e+01 nan -1.000000e+00
5.162500e+01 nan -1.000000e+00
5.187500e+01 nan -1.000000e+00
5.212500e+01 nan -1.000000e+00
5.237500e+01 nan -1.000000e+00
5.262500e+01 nan -1.000000e+00
5.287500e+01 nan -1.000000e+00
5.312500e+01 nan -1.000000e+00
5.337500e+01 nan -1.000000e+00
5.362500e+01 nan -1.000000e+00
5.387500e+01 nan -1.000000e+00
5.412500e+01 nan -1.000000e+00
5.437500e+01 nan -1.000000e+00
5.462500e+01 nan -1.000000e+00
5.487500e+01 nan -1.000000e+00
5.512500e+01 nan -1.000000e+00
5.537500e+01 nan -1.000000e+00
5.562500e+01 nan -1.000000e+00
5.587500e+01 nan -1.000000e+00
5.612500e+01 nan -1.000000e+00
5.637500e+01 nan -1.000000e+00
5.662500e+01 nan -1.000000e+00
5.687500e+01 nan -1.000000e+00
5.712500e+01 nan -1.000000e+00
5.737500e+01 nan -1.000000e+00
5.762500e+01 nan -1.000000e+00
5.787500e+01 nan -1.000000e+00
5.812500e+01 nan -1.000000e+00
5.837500e+01 nan -1.000000e+00
5.862500e+01 nan -1.000000e+00
5.887500e+01 nan -1.000000e+00
5.912500e+01 nan -1.000000e+00
5.937500e+01 nan -1.000000e+00
5.962500e+01 nan -1.000000e+00
5.987500e+01 nan -1.000000e+00
6.012500e+01 nan -1.000000e+00
6.037500e+01 nan -1.000000e+00
6.062500e+01 nan -1.000000e+00
6.087500e+01 nan -1.000000e+00
6.112500e+01 nan -1.000000e+00
6.137500e+01 nan -1.000000e+00
6.162500e+01 nan -1.000000e+00
6.187500e+01 nan -1.000000e+00
6.212500e+01 nan -1.000000e+00
6.237500e+01 nan -1.000000e+00
6.262500e+01 nan -1.000000e+00
6.287500e+01 nan -1.000000e+00
6.312500e+01 nan -1.000000e+00
6.337500e+01 nan -1.000000e+00
6.362500e+01 nan -1.000000e+00
6.387500e+01 nan -1.000000e+00
6.412500e+01 nan -1.000000e+00
6.437500e+01 nan -1.000000e+00
6.462500e+01 nan -1.000000e+00
6.487500e+01 nan -1.000000e+00
6.512500e+01 nan -1.000000e+00
6.537500e+01 nan -1.000000e+00
6.562500e+01 nan -1.000000e+00
6.587500e+01 nan -1.000000e+00
6.612500e+01 nan -1.000000e+00
6.637500e+01 nan -1.000000e+00
6.662500e+01 nan -1.000000e+00
6.687500e+01 nan -1.000000e+00
6.712500e+01 nan -1.000000e+00
6.737500e+01 nan -1.000000e+00
6.762500e+01 nan -1.000000e+00
6.787500e+01 nan -1.000000e+00
6.812500e+01 nan -1.000000e+00
6.837500e+01 nan -1.000000e+00
6.862500e+01 nan -1.000000e+00
6.887500e+01 nan -1.000000e+00
6.912500e+01 nan -1.000000e+00
6.937500e+01 nan -1.000000e+00
6.962500e+01 nan -1.000000e+00
6.987500e+01 nan -1.000000e+00
7.012500e+01 nan -1.000000e+00
7.037500e+01 nan -1.000000e+00
7.062500e+01 nan -1.000000e+00
7.087500e+01 nan -1.000000e+00
7.112500e+01 nan -1.000000e+00
7.137500e+01 nan -1.000000e+00
7.162500e+01 nan -1.000000e+00
7.187500e+01 nan -1.000000e+00
7.212500e+01 nan -1.000000e+00
7.237500e+01 nan -1.000000e+00
7.262500e+01 nan -1.000000e+00
7.287500e+01 nan -1.000000e+00
7.312500e+01 nan -1.000000e+00
7.337500e+01 nan -1.000000e+00
7.362500e+01 nan -1.000000e+00
7.387500e+01 nan -1.000000e+00
7.412500e+01 nan -1.000000e+00
7.437500e+01 nan -1.000000e+00
7.462500e+01 nan -1.000000e+00
7.487500e+01 nan -1.000000e+00
7.512500e+01 nan -1.000000e+00
7.537500e+01 nan -1.000000e+00
7.562500e+01 nan -1.000000e+00
7.587500e+01 nan -1.000000e+00
7.612500e+01 nan -1.000000e+00
7.637500e+01 nan -1.000000e+00
7.662500e+01 nan -1.000000e+00
7.687500e+01 nan -1.000000e+00
7.712500e+01 nan -1.000000e+00
7.737500e+01 nan -1.000000e+00
7.762500e+01 nan -1.000000e+00
7.787500e+01 nan -1.000000e+00
7.812500e+01 nan -1.000000e+00
7.837500e+01 nan -1.000000e+00
7.862500e+01 nan -1.000000e+00
7.887500e+01 nan -1.000000e+00
7.912500e+01 nan -1.000000e+00
7.937500e+01 nan -1.000000e+00
7.962500e+01 nan -1.000000e+00
7.987500e+01 nan -1.000000e+00
8.012500e+01 7.995718e+01 -9.992689e-01
8.037500e+01 8.015620e+01 -9.916102e-01
8.062500e+01 8.039193e+01 -9.752816e-01
8.087500e+01 8.063666e+01 -9.532729e-01
8.112500e+01 8.088333e+01 -9.271571e-01
8.137500e+01 8.113167e+01 -8.967641e-01
8.162500e+01 8.137967e+01 -8.652458e-01
8.187500e+01 8.162972e+01 -8.314428e-01
8.212500e+01 8.187907e+01 -7.942500e-01
8.237500e+01 8.212849e+01 -7.533104e-01
8.262500e+01 8.237829e+01 -7.089404e-01
8.287500e+01 8.262778e+01 -6.674366e-01
8.312500e+01 8.287751e+01 -6.238402e-01
8.337500e+01 8.312727e+01 -5.791178e-01
8.362500e+01 8.337707e+01 -5.375808e-01
8.387500e+01 8.362669e+01 -4.944870e-01
8.412500e+01 8.387655e+01 -4.522371e-01
8.437500e+01 8.412659e+01 -4.125089e-01
8.462500e+01 8.437641e+01 -3.724758e-01
8.487500e+01 8.462628e+01 -3.351501e-01
8.512500e+01 8.487615e+01 -3.006132e-01
8.537500e+01 8.512599e+01 -2.679554e-01
8.562500e+01 8.537593e+01 -2.380757e-01
8.587500e+01 8.562602e+01 -2.071377e-01
8.612500e+01 8.587579e+01 -1.727480e-01
8.637500e+01 8.612607e+01 -1.393699e-01
8.662500e+01 8.637604e+01 -1.021478e-01
8.687500e+01 8.662600e+01 -6.787204e-02
8.712500e+01 8.687590e+01 -2.940879e-02
8.737500e+01 8.712589e+01 5.248922e-03
8.762500e+01 8.737587e+01 3.924922e-02
8.787500e+01 8.762552e+01 7.048288e-02
8.812500e+01 8.787564e+01 9.931632e-02
8.837500e+01 8.812577e+01 1.298378e-01
8.862500e+01 8.837572e+01 1.633108e-01
8.887500e+01 8.862591e+01 2.006975e-01
8.912500e+01 8.887564e+01 2.358833e-01
8.937500e+01 8.912557e+01 2.706827e-01
8.962500e+01 8.937549e+01 3.012511e-01
8.987500e+01 8.962559e+01 3.291366e-01
9.012500e+01 8.987540e+01 3.548792e-01
9.037500e+01 9.012555e+01 3.809281e-01
9.062500e+01 9.037547e+01 4.092056e-01
9.087500e+01 9.062539e+01 4.311332e-01
9.112500e+01 9.087546e+01 4.520635e-01
9.137500e+01 9.112553e+01 4.759117e-01
9.162500e+01 9.137549e+01 5.038928e-01
9.187500e+01 9.162555e+01 5.345922e-01
9.212500e+01 9.187541e+01 5.589257e-01
9.237500e+01 9.212559e+01 5.892888e-01
9.262500e+01 9.237541e+01 6.212415e-01
9.287500e+01 9.262536e+01 6.473869e-01
9.312500e+01 9.287542e+01 6.729247e-01
9.337500e+01 9.312556e+01 6.999727e-01
9.362500e+01 9.337545e+01 7.269704e-01
9.387500e+01 9.362551e+01 7.550432e-01
9.412500e+01 9.387548e+01 7.831913e-01
9.437500e+01 9.412541e+01 8.132573e-01
9.462500e+01 9.437538e+01 8.348894e-01
9.487500e+01 9.462528e+01 8.563686e-01
9.512500e+01 9.487533e+01 8.765063e-01
9.537500e+01 9.512528e+01 8.943781e-01
9.562500e+01 9.537536e+01 9.125462e-01
9.587500e+01 9.562528e+01 9.351369e-01
9.612500e+01 9.587530e+01 9.554975e-01
9.637500e+01 9.612544e+01 9.785479e-01
9.662500e+01 9.637528e+01 9.980863e-01
9.687500e+01 9.662548e+01 1.022480e+00
9.712500e+01 9.687535e+01 1.046042e+00
9.737500e+01 9.712526e+01 1.067387e+00
9.762500e+01 9.737531e+01 1.084745e+00
9.787500e+01 9.762529e+01 1.106949e+00
9.812500e+01 9.787537e+01 1.130048e+00
9.837500e+01 9.812539e+01 1.161162e+00
9.862500e+01 9.837537e+01 1.197547e+00
9.887500e+01 9.862529e+01 1.221457e+00
9.912500e+01 9.887536e+01 1.248115e+00
9.937500e+01 9.912527e+01 1.270130e+00
9.962500e+01 9.937540e+01 1.297684e+00
