-8.750000e-01 nan -1.000000e+00
-6.250000e-01 nan -1.000000e+00
-3.750000e-01 nan -1.000000e+00
-1.250000e-01 nan -1.000000e+00
1.250000e-01 nan -1.000000e+00
3.750000e-01 4.929850e-02 7.708955e+03
6.250000e-01 3.805734e-01 1.253739e+03
8.750000e-01 6.327264e-01 7.077155e+02
1.125000e+00 8.775352e-01 5.024904e+02
1.375000e+00 1.131313e+00 3.669112e+02
1.625000e+00 1.378947e+00 3.459328e+02
1.875000e+00 1.629288e+00 2.916073e+02
2.125000e+00 1.876288e+00 2.514094e+02
2.375000e+00 2.129951e+00 2.096695e+02
2.625000e+00 2.376889e+00 2.005132e+02
2.875000e+00 2.629141e+00 1.669099e+02
3.125000e+00 2.873354e+00 1.648496e+02
3.375000e+00 3.128089e+00 1.522556e+02
3.625000e+00 3.373648e+00 1.530744e+02
3.875000e+00 3.629807e+00 1.455324e+02
4.125000e+00 3.875458e+00 1.373800e+02
4.375000e+00 4.125455e+00 1.280314e+02
4.625000e+00 4.377956e+00 1.284285e+02
4.875000e+00 4.626444e+00 1.218516e+02
5.125000e+00 4.876096e+00 1.175394e+02
5.375000e+00 5.127238e+00 1.145571e+02
5.625000e+00 5.374922e+00 1.110468e+02
5.875000e+00 5.629127e+00 1.124906e+02
6.125000e+00 5.876192e+00 1.107637e+02
6.375000e+00 6.125219e+00 1.080970e+02
6.625000e+00 6.376129e+00 1.007863e+02
6.875000e+00 6.623794e+00 9.741069e+01
7.125000e+00 6.877311e+00 9.636649e+01
7.375000e+00 7.124072e+00 9.156034e+01
7.625000e+00 7.376012e+00 8.822037e+01
7.875000e+00 7.625326e+00 8.958426e+01
8.125000e+00 7.875225e+00 8.432995e+01
8.375000e+00 8.125315e+00 8.078038e+01
8.625000e+00 8.374936e+00 7.701004e+01
8.875000e+00 8.625653e+00 7.590052e+01
9.125000e+00 8.875652e+00 7.499651e+01
9.375000e+00 9.127397e+00 7.288618e+01
9.625000e+00 9.376377e+00 7.201837e+01
9.875000e+00 9.623848e+00 6.810776e+01
1.012500e+01 9.873784e+00 6.445384e+01
1.037500e+01 1.012511e+01 6.286938e+01
1.062500e+01 1.037570e+01 5.985278e+01
1.087500e+01 1.062724e+01 5.760081e+01
1.112500e+01 1.087700e+01 5.507274e+01
1.137500e+01 1.112441e+01 5.243739e+01
1.162500e+01 1.137483e+01 5.081809e+01
1.187500e+01 1.162483e+01 4.868732e+01
1.212500e+01 1.187571e+01 4.674034e+01
1.237500e+01 1.212259e+01 4.339056e+01
1.262500e+01 1.237475e+01 3.990120e+01
1.287500e+01 1.262711e+01 3.906097e+01
1.312500e+01 1.287527e+01 3.599061e+01
1.337500e+01 1.312433e+01 3.482551e+01
1.362500e+01 1.337319e+01 3.240019e+01
1.387500e+01 1.362387e+01 3.031788e+01
1.412500e+01 1.387547e+01 2.883264e+01
1.437500e+01 1.412566e+01 2.890175e+01
1.462500e+01 1.437325e+01 2.694094e+01
1.487500e+01 1.462374e+01 2.435738e+01
1.512500e+01 1.487379e+01 2.287976e+01
1.537500e+01 1.512530e+01 2.141070e+01
1.562500e+01 1.537149e+01 1.990399e+01
1.587500e+01 1.562673e+01 1.814727e+01
1.612500e+01 1.587592e+01 1.672801e+01
1.637500e+01 1.612212e+01 1.560573e+01
1.662500e+01 1.637316e+01 1.370102e+01
1.687500e+01 1.662136e+01 1.179059e+01
1.712500e+01 1.687222e+01 1.043912e+01
1.737500e+01 1.712206e+01 9.438189e+00
1.762500e+01 1.737362e+01 8.383356e+00
1.787500e+01 1.762416e+01 7.347019e+00
1.812500e+01 1.787367e+01 6.114701e+00
1.837500e+01 1.812445e+01 5.059082e+00
1.862500e+01 1.837363e+01 4.524418e+00
1.887500e+01 1.862074e+01 3.700844e+00
1.912500e+01 1.887221e+01 2.747361e+00
1.937500e+01 1.911956e+01 2.429044e+00
1.962500e+01 1.937135e+01 1.787528e+00
1.987500e+01 1.962243e+01 1.444848e+00
2.012500e+01 1.986967e+01 1.022833e+00
2.037500e+01 2.012253e+01 6.502807e-01
2.062500e+01 2.037013e+01 3.754755e-01
2.087500e+01 2.061817e+01 1.355333e-01
2.112500e+01 2.087066e+01 -1.742807e-01
2.137500e+01 2.112845e+01 -3.063788e-01
2.162500e+01 2.138307e+01 -4.325919e-01
2.187500e+01 2.162225e+01 -5.115013e-01
2.212500e+01 2.186593e+01 -7.040539e-01
2.237500e+01 2.212734e+01 -7.621039e-01
2.262500e+01 2.236609e+01 -8.214339e-01
2.287500e+01 2.262103e+01 -8.204168e-01
2.312500e+01 2.287017e+01 -8.640126e-01
2.337500e+01 2.311539e+01 -9.210949e-01
2.362500e+01 2.337513e+01 -9.354452e-01
2.387500e+01 2.363080e+01 -9.514692e-01
2.412500e+01 2.388805e+01 -9.502645e-01
2.437500e+01 2.412630e+01 -9.437068e-01
2.462500e+01 2.435650e+01 -9.798489e-01
2.487500e+01 2.463284e+01 -9.833718e-01
2.512500e+01 2.488663e+01 -9.918513e-01
2.537500e+01 2.510981e+01 -9.930104e-01
2.562500e+01 2.534748e+01 -9.951048e-01
2.587500e+01 2.556421e+01 -9.971197e-01
2.612500e+01 nan -1.000000e+00
2.637500e+01 nan -1.000000e+00
2.662500e+01 nan -1.000000e+00
2.687500e+01 nan -1.000000e+00
2.712500e+01 nan -1.000000e+00
2.737500e+01 nan -1.000000e+00
2.762500e+01 nan -1.000000e+00
2.787500e+01 nan -1.000000e+00
2.812500e+01 nan -1.000000e+00
2.837500e+01 nan -1.000000e+00
2.862500e+01 nan -1.000000e+00
2.887500e+01 nan -1.000000e+00
2.912500e+01 nan -1.000000e+00
2.937500e+01 nan -1.000000e+00
2.962500e+01 nan -1.000000e+00
2.987500e+01 nan -1.000000e+00
3.012500e+01 nan -1.000000e+00
3.037500e+01 nan -1.000000e+00
3.062500e+01 nan -1.000000e+00
3.087500e+01 nan -1.000000e+00
3.112500e+01 nan -1.000000e+00
3.137500e+01 nan -1.000000e+00
3.162500e+01 nan -1.000000e+00
3.187500e+01 nan -1.000000e+00
3.212500e+01 nan -1.000000e+00
3.237500e+01 nan -1.000000e+00
3.262500e+01 nan -1.000000e+00
3.287500e+01 nan -1.000000e+00
3.312500e+01 nan -1.000000e+00
3.337500e+01 nan -1.000000e+00
3.362500e+01 nan -1.000000e+00
3.387500e+01 nan -1.000000e+00
3.412500e+01 nan -1.000000e+00
3.437500e+01 nan -1.000000e+00
3.462500e+01 nan -1.000000e+00
3.487500e+01 nan -1.000000e+00
3.512500e+01 nan -1.000000e+00
3.537500e+01 nan -1.000000e+00
3.562500e+01 nan -1.000000e+00
3.587500e+01 nan -1.000000e+00
3.612500e+01 nan -1.000000e+00
3.637500e+01 nan -1.000000e+00
3.662500e+01 nan -1.000000e+00
3.687500e+01 nan -1.000000e+00
3.712500e+01 nan -1.000000e+00
3.737500e+01 nan -1.000000e+00
3.762500e+01 nan -1.000000e+00
3.787500e+01 nan -1.000000e+00
3.812500e+01 nan -1.000000e+00
3.837500e+01 nan -1.000000e+00
3.862500e+01 nan -1.000000e+00
3.887500e+01 nan -1.000000e+00
3.912500e+01 nan -1.000000e+00
3.937500e+01 nan -1.000000e+00
3.962500e+01 nan -1.000000e+00
3.987500e+01 nan -1.000000e+00
4.012500e+01 nan -1.000000e+00
4.037500e+01 nan -1.000000e+00
4.062500e+01 nan -1.000000e+00
4.087500e+01 nan -1.000000e+00
4.112500e+01 nan -1.000000e+00
4.137500e+01 nan -1.000000e+00
4.162500e+01 nan -1.000000e+00
4.187500e+01 nan -1.000000e+00
4.212500e+01 nan -1.000000e+00
4.237500e+01 nan -1.000000e+00
4.262500e+01 nan -1.000000e+00
4.287500e+01 nan -1.000000e+00
4.312500e+01 nan -1.000000e+00
4.337500e+01 nan -1.000000e+00
4.362500e+01 nan -1.000000e+00
4.387500e+01 nan -1.000000e+00
4.412500e+01 nan -1.000000e+00
4.437500e+01 nan -1.000000e+00
4.462500e+01 nan -1.000000e+00
4.487500e+01 nan -1.000000e+00
4.512500e+01 nan -1.000000e+00
4.537500e+01 nan -1.000000e+00
4.562500e+01 nan -1.000000e+00
4.587500e+01 nan -1.000000e+00
4.612500e+01 nan -1.000000e+00
4.637500e+01 nan -1.000000e+00
4.662500e+01 nan -1.000000e+00
4.687500e+01 nan -1.000000e+00
4.712500e+01 nan -1.000000e+00
4.737500e+01 nan -1.000000e+00
4.762500e+01 nan -1.000000e+00
4.787500e+01 nan -1.000000e+00
4.812500e+01 nan -1.000000e+00
4.837500e+01 nan -1.000000e+00
4.862500e+01 nan -1.000000e+00
4.887500e+01 nan -1.000000e+00
4.912500e+01 nan -1.000000e+00
4.937500e+01 nan -1.000000e+00
4.962500e+01 nan -1.000000e+00
4.987500e+01 nan -1.000000e+00
5.012500e+01 nan -1.000000e+00
5.037500e+01 nan -1.000000e+00
5.062500e+01 nan -1.000000e+00
5.087500e+01 nan -1.000000e+00
5.112500e+01 nan -1.000000e+00
5.137500e+01 nan -1.000000e+00
5.162500e+01 nan -1.000000e+00
5.187500e+01 nan -1.000000e+00
5.212500e+01 nan -1.000000e+00
5.237500e+01 nan -1.000000e+00
5.262500e+01 nan -1.000000e+00
5.287500e+01 nan -1.000000e+00
5.312500e+01 nan -1.000000e+00
5.337500e+01 nan -1.000000e+00
5.362500e+01 nan -1.000000e+00
5.387500e+01 nan -1.000000e+00
5.412500e+01 nan -1.000000e+00
5.437500e+01 nan -1.000000e+00
5.462500e+01 nan -1.000000e+00
5.487500e+01 nan -1.000000e+00
5.512500e+01 nan -1.000000e+00
5.537500e+01 nan -1.000000e+00
5.562500e+01 nan -1.000000e+00
5.587500e+01 nan -1.000000e+00
5.612500e+01 nan -1.000000e+00
5.637500e+01 nan -1.000000e+00
5.662500e+01 nan -1.000000e+00
5.687500e+01 nan -1.000000e+00
5.712500e+01 nan -1.000000e+00
5.737500e+01 nan -1.000000e+00
5.762500e+01 nan -1.000000e+00
5.787500e+01 nan -1.000000e+00
5.812500e+01 nan -1.000000e+00
5.837500e+01 nan -1.000000e+00
5.862500e+01 nan -1.000000e+00
5.887500e+01 nan -1.000000e+00
5.912500e+01 nan -1.000000e+00
5.937500e+01 nan -1.000000e+00
5.962500e+01 nan -1.000000e+00
