# Matter power spectra at z=3.960000.
# D(z)=0.258083, f(z)=0.988750.
#      k[h/Mpc]         Plin(k)         HaloFit
    1.00000e-04     2.96033e+01     2.96033e+01
    1.04729e-04     3.09598e+01     3.09598e+01
    1.09682e-04     3.23783e+01     3.23783e+01
    1.14868e-04     3.38617e+01     3.38617e+01
    1.20301e-04     3.54131e+01     3.54131e+01
    1.25990e-04     3.70354e+01     3.70354e+01
    1.31948e-04     3.87319e+01     3.87319e+01
    1.38187e-04     4.05061e+01     4.05060e+01
    1.44722e-04     4.23613e+01     4.23612e+01
    1.51566e-04     4.43014e+01     4.43013e+01
    1.58734e-04     4.63302e+01     4.63300e+01
    1.66240e-04     4.84517e+01     4.84515e+01
    1.74102e-04     5.06702e+01     5.06699e+01
    1.82335e-04     5.29899e+01     5.29896e+01
    1.90957e-04     5.54155e+01     5.54152e+01
    1.99988e-04     5.79519e+01     5.79515e+01
    2.09445e-04     6.06039e+01     6.06035e+01
    2.19350e-04     6.33769e+01     6.33764e+01
    2.29723e-04     6.62762e+01     6.62757e+01
    2.40586e-04     6.93076e+01     6.93070e+01
    2.51964e-04     7.24769e+01     7.24763e+01
    2.63879e-04     7.57904e+01     7.57898e+01
    2.76358e-04     7.92546e+01     7.92539e+01
    2.89427e-04     8.28761e+01     8.28753e+01
    3.03114e-04     8.66619e+01     8.66611e+01
    3.17448e-04     9.06193e+01     9.06184e+01
    3.32460e-04     9.47560e+01     9.47550e+01
    3.48182e-04     9.90798e+01     9.90787e+01
    3.64647e-04     1.03599e+02     1.03598e+02
    3.81891e-04     1.08322e+02     1.08321e+02
    3.99951e-04     1.13258e+02     1.13256e+02
    4.18865e-04     1.18416e+02     1.18414e+02
    4.38673e-04     1.23805e+02     1.23803e+02
    4.59417e-04     1.29436e+02     1.29434e+02
    4.81143e-04     1.35319e+02     1.35317e+02
    5.03896e-04     1.41464e+02     1.41462e+02
    5.27725e-04     1.47883e+02     1.47880e+02
    5.52681e-04     1.54586e+02     1.54583e+02
    5.78818e-04     1.61586e+02     1.61584e+02
    6.06190e-04     1.68896e+02     1.68892e+02
    6.34857e-04     1.76526e+02     1.76523e+02
    6.64879e-04     1.84491e+02     1.84487e+02
    6.96321e-04     1.92803e+02     1.92799e+02
    7.29250e-04     2.01477e+02     2.01472e+02
    7.63736e-04     2.10526e+02     2.10521e+02
    7.99853e-04     2.19964e+02     2.19958e+02
    8.37678e-04     2.29806e+02     2.29800e+02
    8.77291e-04     2.40067e+02     2.40060e+02
    9.18778e-04     2.50762e+02     2.50755e+02
    9.62227e-04     2.61906e+02     2.61898e+02
    1.00773e-03     2.73516e+02     2.73507e+02
    1.05539e-03     2.85607e+02     2.85597e+02
    1.10530e-03     2.98195e+02     2.98185e+02
    1.15756e-03     3.11296e+02     3.11285e+02
    1.21231e-03     3.24927e+02     3.24914e+02
    1.26964e-03     3.39103e+02     3.39089e+02
    1.32968e-03     3.53840e+02     3.53825e+02
    1.39256e-03     3.69155e+02     3.69139e+02
    1.45841e-03     3.85065e+02     3.85047e+02
    1.52738e-03     4.01584e+02     4.01565e+02
    1.59961e-03     4.18730e+02     4.18709e+02
    1.67525e-03     4.36517e+02     4.36494e+02
    1.75447e-03     4.54960e+02     4.54935e+02
    1.83744e-03     4.74074e+02     4.74047e+02
    1.92434e-03     4.93872e+02     4.93843e+02
    2.01534e-03     5.14367e+02     5.14335e+02
    2.11064e-03     5.35570e+02     5.35535e+02
    2.21045e-03     5.57492e+02     5.57454e+02
    2.31499e-03     5.80142e+02     5.80100e+02
    2.42446e-03     6.03525e+02     6.03479e+02
    2.53911e-03     6.27647e+02     6.27598e+02
    2.65919e-03     6.52513e+02     6.52459e+02
    2.78494e-03     6.78122e+02     6.78064e+02
    2.91664e-03     7.04474e+02     7.04410e+02
    3.05457e-03     7.31563e+02     7.31494e+02
    3.19902e-03     7.59383e+02     7.59308e+02
    3.35030e-03     7.87923e+02     7.87842e+02
    3.50873e-03     8.17171e+02     8.17082e+02
    3.67466e-03     8.47106e+02     8.47010e+02
    3.84844e-03     8.77706e+02     8.77602e+02
    4.03043e-03     9.08945e+02     9.08832e+02
    4.22103e-03     9.40792e+02     9.40670e+02
    4.42064e-03     9.73211e+02     9.73079e+02
    4.62969e-03     1.00616e+03     1.00601e+03
    4.84863e-03     1.03958e+03     1.03943e+03
    5.07792e-03     1.07343e+03     1.07327e+03
    5.31805e-03     1.10765e+03     1.10747e+03
    5.56954e-03     1.14217e+03     1.14197e+03
    5.83292e-03     1.17690e+03     1.17669e+03
    6.10876e-03     1.21177e+03     1.21155e+03
    6.39764e-03     1.24668e+03     1.24644e+03
    6.70019e-03     1.28155e+03     1.28129e+03
    7.01704e-03     1.31625e+03     1.31597e+03
    7.34887e-03     1.35067e+03     1.35037e+03
    7.69640e-03     1.38467e+03     1.38436e+03
    8.06036e-03     1.41813e+03     1.41780e+03
    8.44153e-03     1.45091e+03     1.45055e+03
    8.84073e-03     1.48283e+03     1.48246e+03
    9.25881e-03     1.51373e+03     1.51334e+03
    9.69666e-03     1.54343e+03     1.54302e+03
    1.01552e-02     1.57175e+03     1.57131e+03
    1.06354e-02     1.59848e+03     1.59802e+03
    1.11384e-02     1.62343e+03     1.62294e+03
    1.16651e-02     1.64636e+03     1.64585e+03
    1.22168e-02     1.66705e+03     1.66652e+03
    1.27945e-02     1.68527e+03     1.68473e+03
    1.33996e-02     1.70082e+03     1.70025e+03
    1.40332e-02     1.71343e+03     1.71286e+03
    1.46968e-02     1.72288e+03     1.72229e+03
    1.53919e-02     1.72891e+03     1.72831e+03
    1.61197e-02     1.73132e+03     1.73072e+03
    1.68820e-02     1.72991e+03     1.72930e+03
    1.76804e-02     1.72447e+03     1.72387e+03
    1.85165e-02     1.71486e+03     1.71426e+03
    1.93921e-02     1.70093e+03     1.70034e+03
    2.03092e-02     1.68258e+03     1.68201e+03
    2.12696e-02     1.65976e+03     1.65922e+03
    2.22754e-02     1.63252e+03     1.63201e+03
    2.33288e-02     1.60097e+03     1.60049e+03
    2.44320e-02     1.56526e+03     1.56482e+03
    2.55874e-02     1.52558e+03     1.52518e+03
    2.67975e-02     1.48219e+03     1.48184e+03
    2.80647e-02     1.43560e+03     1.43532e+03
    2.93919e-02     1.38644e+03     1.38621e+03
    3.07818e-02     1.33529e+03     1.33513e+03
    3.22375e-02     1.28271e+03     1.28261e+03
    3.37620e-02     1.22928e+03     1.22926e+03
    3.53586e-02     1.17589e+03     1.17594e+03
    3.70307e-02     1.12346e+03     1.12358e+03
    3.87819e-02     1.07274e+03     1.07294e+03
    4.06159e-02     1.02439e+03     1.02468e+03
    4.25366e-02     9.78924e+02     9.79300e+02
    4.45481e-02     9.36784e+02     9.37256e+02
    4.66548e-02     8.98321e+02     8.98899e+02
    4.88611e-02     8.63758e+02     8.64454e+02
    5.11717e-02     8.32872e+02     8.33699e+02
    5.35916e-02     8.05264e+02     8.06237e+02
    5.61260e-02     7.80218e+02     7.81355e+02
    5.87802e-02     7.56778e+02     7.58095e+02
    6.15599e-02     7.33735e+02     7.35244e+02
    6.44710e-02     7.09766e+02     7.11476e+02
    6.75198e-02     6.83561e+02     6.85469e+02
    7.07128e-02     6.54031e+02     6.56123e+02
    7.40568e-02     6.20536e+02     6.22785e+02
    7.75590e-02     5.83088e+02     5.85457e+02
    8.12267e-02     5.42472e+02     5.44918e+02
    8.50679e-02     5.00223e+02     5.02710e+02
    8.90908e-02     4.58432e+02     4.60935e+02
    9.33039e-02     4.19375e+02     4.21890e+02
    9.77162e-02     3.85067e+02     3.87610e+02
    1.02337e-01     3.56826e+02     3.59433e+02
    1.07177e-01     3.34947e+02     3.37666e+02
    1.12245e-01     3.18552e+02     3.21436e+02
    1.17553e-01     3.05646e+02     3.08737e+02
    1.23112e-01     2.93465e+02     2.96773e+02
    1.28934e-01     2.79219e+02     2.82706e+02
    1.35031e-01     2.61130e+02     2.64712e+02
    1.41417e-01     2.39311e+02     2.42887e+02
    1.48105e-01     2.15859e+02     2.19356e+02
    1.55108e-01     1.93926e+02     1.97333e+02
    1.62444e-01     1.76203e+02     1.79573e+02
    1.70125e-01     1.63609e+02     1.67025e+02
    1.78171e-01     1.54864e+02     1.58398e+02
    1.86596e-01     1.47188e+02     1.50855e+02
    1.95420e-01     1.37676e+02     1.41406e+02
    2.04662e-01     1.25484e+02     1.29165e+02
    2.14340e-01     1.12520e+02     1.16091e+02
    2.24476e-01     1.01427e+02     1.04912e+02
    2.35092e-01     9.34423e+01     9.69182e+01
    2.46209e-01     8.75504e+01     9.10697e+01
    2.57852e-01     8.14654e+01     8.50001e+01
    2.70046e-01     7.41282e+01     7.76000e+01
    2.82817e-01     6.66421e+01     7.00142e+01
    2.96191e-01     6.06506e+01     6.39616e+01
    3.10198e-01     5.60614e+01     5.93537e+01
    3.24867e-01     5.15800e+01     5.48374e+01
    3.40230e-01     4.67137e+01     4.98928e+01
    3.56319e-01     4.22742e+01     4.53743e+01
    3.73170e-01     3.86837e+01     4.17315e+01
    3.90817e-01     3.53520e+01     3.83432e+01
    4.09298e-01     3.20203e+01     3.49353e+01
    4.28654e-01     2.90497e+01     3.18928e+01
    4.48925e-01     2.64580e+01     2.92371e+01
    4.70155e-01     2.39968e+01     2.67045e+01
    4.92388e-01     2.17298e+01     2.43642e+01
    5.15673e-01     1.97212e+01     2.22870e+01
    5.40059e-01     1.78545e+01     2.03487e+01
    5.65599e-01     1.61570e+01     1.85802e+01
    5.92346e-01     1.46218e+01     1.69752e+01
    6.20358e-01     1.32157e+01     1.54991e+01
    6.49694e-01     1.19436e+01     1.41582e+01
    6.80418e-01     1.07848e+01     1.29312e+01
    7.12595e-01     9.73370e+00     1.18128e+01
    7.46294e-01     8.78140e+00     1.07944e+01
    7.81586e-01     7.91763e+00     9.86560e+00
    8.18547e-01     7.13496e+00     9.01901e+00
    8.57256e-01     6.42651e+00     8.24788e+00
    8.97795e-01     5.78561e+00     7.54559e+00
    9.40252e-01     5.20615e+00     6.90606e+00
    9.84716e-01     4.68254e+00     6.32371e+00
    1.03128e+00     4.20966e+00     5.79347e+00
    1.08005e+00     3.78283e+00     5.31066e+00
    1.13113e+00     3.39778e+00     4.87103e+00
    1.18462e+00     3.05061e+00     4.47067e+00
    1.24064e+00     2.73776e+00     4.10601e+00
    1.29931e+00     2.45598e+00     3.77382e+00
    1.36075e+00     2.20231e+00     3.47115e+00
    1.42510e+00     1.97407e+00     3.19526e+00
    1.49250e+00     1.76879e+00     2.94369e+00
    1.56308e+00     1.58426e+00     2.71421e+00
    1.63699e+00     1.41846e+00     2.50478e+00
    1.71441e+00     1.26955e+00     2.31356e+00
    1.79548e+00     1.13586e+00     2.13885e+00
    1.88039e+00     1.01590e+00     1.97912e+00
    1.96931e+00     9.08302e-01     1.83297e+00
    2.06244e+00     8.11826e-01     1.69917e+00
    2.15997e+00     7.25359e-01     1.57657e+00
    2.26212e+00     6.47894e-01     1.46414e+00
    2.36909e+00     5.78519e-01     1.36092e+00
    2.48113e+00     5.16412e-01     1.26607e+00
    2.59846e+00     4.60834e-01     1.17884e+00
    2.72134e+00     4.11115e-01     1.09852e+00
    2.85003e+00     3.66653e-01     1.02449e+00
    2.98481e+00     3.26906e-01     9.56174e-01
    3.12596e+00     2.91385e-01     8.93054e-01
    3.27379e+00     2.59653e-01     8.34670e-01
    3.42860e+00     2.31314e-01     7.80606e-01
    3.59074e+00     2.06013e-01     7.30476e-01
    3.76055e+00     1.83432e-01     6.83937e-01
    3.93838e+00     1.63284e-01     6.40678e-01
    4.12463e+00     1.45314e-01     6.00419e-01
    4.31968e+00     1.29290e-01     5.62907e-01
    4.52396e+00     1.15005e-01     5.27913e-01
    4.73789e+00     1.02274e-01     4.95227e-01
    4.96195e+00     9.09316e-02     4.64662e-01
    5.19660e+00     8.08283e-02     4.36048e-01
    5.44234e+00     7.18313e-02     4.09233e-01
    5.69971e+00     6.38215e-02     3.84078e-01
    5.96925e+00     5.66925e-02     3.60456e-01
    6.25153e+00     5.03491e-02     3.38255e-01
    6.54717e+00     4.47062e-02     3.17372e-01
    6.85678e+00     3.96875e-02     2.97712e-01
    7.18104e+00     3.52252e-02     2.79193e-01
    7.52063e+00     3.12584e-02     2.61737e-01
    7.87628e+00     2.77328e-02     2.45276e-01
    8.24875e+00     2.46002e-02     2.29744e-01
    8.63883e+00     2.18173e-02     2.15085e-01
    9.04736e+00     1.93456e-02     2.01248e-01
    9.47521e+00     1.71508e-02     1.88184e-01
    9.92329e+00     1.52022e-02     1.75849e-01
    1.03926e+01     1.34727e-02     1.64204e-01
    1.08840e+01     1.19378e-02     1.53212e-01
    1.13987e+01     1.05760e-02     1.42839e-01
    1.19378e+01     9.36796e-03     1.33054e-01
    1.25023e+01     8.29651e-03     1.23829e-01
    1.30935e+01     7.34640e-03     1.15135e-01
    1.37127e+01     6.50404e-03     1.06948e-01
    1.43612e+01     5.75734e-03     9.92441e-02
    1.50403e+01     5.09557e-03     9.20011e-02
    1.57516e+01     4.50916e-03     8.51977e-02
    1.64965e+01     3.98963e-03     7.88131e-02
    1.72766e+01     3.52943e-03     7.28278e-02
    1.80936e+01     3.12184e-03     6.72235e-02
    1.89492e+01     2.76092e-03     6.19823e-02
    1.98454e+01     2.44137e-03     5.70866e-02
    2.07838e+01     2.15849e-03     5.25193e-02
    2.17667e+01     1.90811e-03     4.82637e-02
    2.27960e+01     1.68654e-03     4.43040e-02
    2.38741e+01     1.49049e-03     4.06248e-02
    2.50031e+01     1.31704e-03     3.72108e-02
    2.61855e+01     1.16362e-03     3.40470e-02
    2.74238e+01     1.02794e-03     3.11192e-02
    2.87206e+01     9.07950e-04     2.84135e-02
    3.00788e+01     8.01861e-04     2.59163e-02
    3.15012e+01     7.08074e-04     2.36148e-02
    3.29909e+01     6.25173e-04     2.14964e-02
    3.45511e+01     5.51906e-04     1.95490e-02
    3.61850e+01     4.87161e-04     1.77611e-02
    3.78962e+01     4.29954e-04     1.61218e-02
    3.96883e+01     3.79415e-04     1.46206e-02
    4.15651e+01     3.34773e-04     1.32474e-02
    4.35307e+01     2.95343e-04     1.19929e-02
    4.55893e+01     2.60523e-04     1.08482e-02
    4.77452e+01     2.29778e-04     9.80490e-03
    5.00031e+01     2.02633e-04     8.85506e-03
    5.23677e+01     1.78670e-04     7.99126e-03
    5.48442e+01     1.57519e-04     7.20655e-03
    5.74377e+01     1.38853e-04     6.49443e-03
    6.01540e+01     1.22381e-04     5.84884e-03
    6.29986e+01     1.07847e-04     5.26413e-03
    6.59778e+01     9.50259e-05     4.73506e-03
    6.90979e+01     8.37161e-05     4.25676e-03
    7.23655e+01     7.37407e-05     3.82471e-03
    7.57877e+01     6.49433e-05     3.43476e-03
    7.93717e+01     5.71857e-05     3.08307e-03
    8.31251e+01     5.03458e-05     2.76613e-03
    8.70561e+01     4.43160e-05     2.48069e-03
    9.11730e+01     3.90012e-05     2.22380e-03
    9.54846e+01     3.43174e-05     1.99275e-03
    1.00000e+02     3.01905e-05     1.78508e-03
