# z_pk:  3.963392;  h:  0.68;  tau_reio:  0.0925;  n_s:  0.97;  sigma8:  0.82;  omega_b:  0.0221952;  omega_cdm:  0.1165248;
# k [Mpc/h], Pk	[(Mpc/h)**3.]
1.000000e-04 4.481318e+02
1.010373e-04 4.526376e+02
1.020853e-04 4.571885e+02
1.031442e-04 4.617851e+02
1.042141e-04 4.664279e+02
1.052951e-04 4.711173e+02
1.063873e-04 4.758537e+02
1.074908e-04 4.806378e+02
1.086058e-04 4.854699e+02
1.097323e-04 4.903506e+02
1.108705e-04 4.952803e+02
1.120205e-04 5.002595e+02
1.131825e-04 5.052886e+02
1.143565e-04 5.103683e+02
1.155427e-04 5.154989e+02
1.167412e-04 5.206810e+02
1.179521e-04 5.259150e+02
1.191756e-04 5.312016e+02
1.204117e-04 5.365412e+02
1.216607e-04 5.419345e+02
1.229227e-04 5.473819e+02
1.241977e-04 5.528840e+02
1.254860e-04 5.584413e+02
1.267876e-04 5.640544e+02
1.281028e-04 5.697238e+02
1.294315e-04 5.754501e+02
1.307741e-04 5.812337e+02
1.321306e-04 5.870754e+02
1.335011e-04 5.929756e+02
1.348859e-04 5.989351e+02
1.362850e-04 6.049543e+02
1.376987e-04 6.110339e+02
1.391270e-04 6.171746e+02
1.405701e-04 6.233768e+02
1.420282e-04 6.296412e+02
1.435014e-04 6.359684e+02
1.449899e-04 6.423589e+02
1.464938e-04 6.488136e+02
1.480134e-04 6.553329e+02
1.495487e-04 6.619176e+02
1.510999e-04 6.685683e+02
1.526672e-04 6.752857e+02
1.542508e-04 6.820704e+02
1.558508e-04 6.889231e+02
1.574674e-04 6.958445e+02
1.591007e-04 7.028352e+02
1.607510e-04 7.098959e+02
1.624184e-04 7.170273e+02
1.641032e-04 7.242301e+02
1.658054e-04 7.315051e+02
1.675252e-04 7.388530e+02
1.692629e-04 7.462745e+02
1.710186e-04 7.537703e+02
1.727925e-04 7.613411e+02
1.745849e-04 7.689877e+02
1.763958e-04 7.767108e+02
1.782255e-04 7.845113e+02
1.800741e-04 7.923897e+02
1.819420e-04 8.003471e+02
1.838292e-04 8.083841e+02
1.857360e-04 8.165015e+02
1.876626e-04 8.247001e+02
1.896092e-04 8.329807e+02
1.915759e-04 8.413441e+02
1.935631e-04 8.497911e+02
1.955709e-04 8.583225e+02
1.975995e-04 8.669393e+02
1.996491e-04 8.756422e+02
2.017200e-04 8.844322e+02
2.038124e-04 8.933100e+02
2.059265e-04 9.022764e+02
2.080625e-04 9.113325e+02
2.102207e-04 9.204790e+02
2.124012e-04 9.297168e+02
2.146044e-04 9.390469e+02
2.168304e-04 9.484702e+02
2.190795e-04 9.579877e+02
2.213520e-04 9.676001e+02
2.236480e-04 9.773084e+02
2.259678e-04 9.871136e+02
2.283117e-04 9.970166e+02
2.306799e-04 1.007018e+03
2.330727e-04 1.017120e+03
2.354903e-04 1.027322e+03
2.379330e-04 1.037626e+03
2.404010e-04 1.048033e+03
2.428946e-04 1.058544e+03
2.454141e-04 1.069159e+03
2.479597e-04 1.079880e+03
2.505317e-04 1.090708e+03
2.531304e-04 1.101644e+03
2.557560e-04 1.112688e+03
2.584089e-04 1.123843e+03
2.610893e-04 1.135108e+03
2.637975e-04 1.146486e+03
2.665338e-04 1.157977e+03
2.692985e-04 1.169582e+03
2.720918e-04 1.181303e+03
2.749141e-04 1.193140e+03
2.777657e-04 1.205095e+03
2.806469e-04 1.217168e+03
2.835580e-04 1.229362e+03
2.864993e-04 1.241676e+03
2.894710e-04 1.254113e+03
2.924736e-04 1.266674e+03
2.955074e-04 1.279359e+03
2.985726e-04 1.292170e+03
3.016696e-04 1.305108e+03
3.047987e-04 1.318175e+03
3.079603e-04 1.331371e+03
3.111547e-04 1.344698e+03
3.143822e-04 1.358157e+03
3.176432e-04 1.371749e+03
3.209380e-04 1.385476e+03
3.242670e-04 1.399339e+03
3.276305e-04 1.413339e+03
3.310289e-04 1.427478e+03
3.344626e-04 1.441756e+03
3.379319e-04 1.456176e+03
3.414371e-04 1.470738e+03
3.449787e-04 1.485444e+03
3.485571e-04 1.500296e+03
3.521726e-04 1.515294e+03
3.558256e-04 1.530440e+03
3.595164e-04 1.545736e+03
3.632456e-04 1.561182e+03
3.670134e-04 1.576781e+03
3.708204e-04 1.592534e+03
3.746668e-04 1.608442e+03
3.785531e-04 1.624506e+03
3.824797e-04 1.640729e+03
3.864470e-04 1.657112e+03
3.904555e-04 1.673655e+03
3.945056e-04 1.690362e+03
3.985977e-04 1.707232e+03
4.027322e-04 1.724269e+03
4.069096e-04 1.741472e+03
4.111304e-04 1.758845e+03
4.153949e-04 1.776388e+03
4.197037e-04 1.794104e+03
4.240572e-04 1.811993e+03
4.284558e-04 1.830057e+03
4.329000e-04 1.848298e+03
4.373904e-04 1.866718e+03
4.419273e-04 1.885318e+03
4.465113e-04 1.904100e+03
4.511428e-04 1.923066e+03
4.558224e-04 1.942217e+03
4.605505e-04 1.961555e+03
4.653276e-04 1.981082e+03
4.701543e-04 2.000799e+03
4.750311e-04 2.020709e+03
4.799584e-04 2.040812e+03
4.849369e-04 2.061112e+03
4.899670e-04 2.081609e+03
4.950493e-04 2.102305e+03
5.001843e-04 2.123203e+03
5.053725e-04 2.144304e+03
5.106146e-04 2.165609e+03
5.159111e-04 2.187122e+03
5.212625e-04 2.208843e+03
5.266694e-04 2.230775e+03
5.321324e-04 2.252919e+03
5.376520e-04 2.275278e+03
5.432289e-04 2.297853e+03
5.488637e-04 2.320646e+03
5.545569e-04 2.343659e+03
5.603091e-04 2.366895e+03
5.661210e-04 2.390355e+03
5.719932e-04 2.414041e+03
5.779263e-04 2.437955e+03
5.839210e-04 2.462100e+03
5.899778e-04 2.486477e+03
5.960975e-04 2.511088e+03
6.022806e-04 2.535936e+03
6.085279e-04 2.561022e+03
6.148400e-04 2.586349e+03
6.212175e-04 2.611919e+03
6.276612e-04 2.637733e+03
6.341718e-04 2.663795e+03
6.407499e-04 2.690106e+03
6.473962e-04 2.716668e+03
6.541114e-04 2.743484e+03
6.608963e-04 2.770556e+03
6.677516e-04 2.797885e+03
6.746780e-04 2.825475e+03
6.816762e-04 2.853328e+03
6.887470e-04 2.881445e+03
6.958912e-04 2.909829e+03
7.031095e-04 2.938483e+03
7.104026e-04 2.967408e+03
7.177714e-04 2.996607e+03
7.252166e-04 3.026082e+03
7.327391e-04 3.055836e+03
7.403396e-04 3.085871e+03
7.480189e-04 3.116189e+03
7.557779e-04 3.146793e+03
7.636173e-04 3.177686e+03
7.715381e-04 3.208868e+03
7.795410e-04 3.240344e+03
7.876270e-04 3.272115e+03
7.957968e-04 3.304184e+03
8.040513e-04 3.336554e+03
8.123915e-04 3.369226e+03
8.208182e-04 3.402204e+03
8.293323e-04 3.435489e+03
8.379347e-04 3.469085e+03
8.466264e-04 3.502994e+03
8.554082e-04 3.537218e+03
8.642811e-04 3.571760e+03
8.732460e-04 3.606622e+03
8.823039e-04 3.641808e+03
8.914558e-04 3.677319e+03
9.007026e-04 3.713159e+03
9.100453e-04 3.749330e+03
9.194849e-04 3.785834e+03
9.290225e-04 3.822674e+03
9.386589e-04 3.859853e+03
9.483954e-04 3.897374e+03
9.582328e-04 3.935239e+03
9.681722e-04 3.973450e+03
9.782148e-04 4.012011e+03
9.883615e-04 4.050924e+03
9.986135e-04 4.090192e+03
1.008972e-03 4.129818e+03
1.019438e-03 4.169804e+03
1.030012e-03 4.210153e+03
1.040696e-03 4.250867e+03
1.051491e-03 4.291950e+03
1.062398e-03 4.333404e+03
1.073417e-03 4.375233e+03
1.084552e-03 4.417438e+03
1.095801e-03 4.460022e+03
1.107168e-03 4.502989e+03
1.118652e-03 4.546340e+03
1.130256e-03 4.590079e+03
1.141979e-03 4.634209e+03
1.153825e-03 4.678732e+03
1.165793e-03 4.723652e+03
1.177886e-03 4.768970e+03
1.190103e-03 4.814689e+03
1.202448e-03 4.860814e+03
1.214921e-03 4.907345e+03
1.227523e-03 4.954286e+03
1.240255e-03 5.001640e+03
1.253120e-03 5.049410e+03
1.266118e-03 5.097599e+03
1.279251e-03 5.146208e+03
1.292521e-03 5.195241e+03
1.305928e-03 5.244700e+03
1.319474e-03 5.294588e+03
1.333160e-03 5.344907e+03
1.346989e-03 5.395659e+03
1.360961e-03 5.446848e+03
1.375077e-03 5.498476e+03
1.389341e-03 5.550547e+03
1.403752e-03 5.603063e+03
1.418313e-03 5.656028e+03
1.433024e-03 5.709444e+03
1.447889e-03 5.763315e+03
1.462907e-03 5.817643e+03
1.478081e-03 5.872430e+03
1.493413e-03 5.927679e+03
1.508904e-03 5.983394e+03
1.524555e-03 6.039575e+03
1.540369e-03 6.096226e+03
1.556347e-03 6.153351e+03
1.572490e-03 6.210950e+03
1.588801e-03 6.269027e+03
1.605281e-03 6.327584e+03
1.621932e-03 6.386625e+03
1.638756e-03 6.446150e+03
1.655755e-03 6.506164e+03
1.672929e-03 6.566668e+03
1.690282e-03 6.627666e+03
1.707815e-03 6.689158e+03
1.725530e-03 6.751148e+03
1.743428e-03 6.813639e+03
1.761512e-03 6.876631e+03
1.779784e-03 6.940129e+03
1.798245e-03 7.004133e+03
1.816897e-03 7.068647e+03
1.835744e-03 7.133673e+03
1.854785e-03 7.199212e+03
1.874024e-03 7.265267e+03
1.893463e-03 7.331840e+03
1.913103e-03 7.398933e+03
1.932947e-03 7.466548e+03
1.952997e-03 7.534687e+03
1.973255e-03 7.603352e+03
1.993723e-03 7.672546e+03
2.014403e-03 7.742269e+03
2.035298e-03 7.812524e+03
2.056410e-03 7.883312e+03
2.077740e-03 7.954635e+03
2.099292e-03 8.026495e+03
2.121067e-03 8.098894e+03
2.143068e-03 8.171833e+03
2.165298e-03 8.245313e+03
2.187758e-03 8.319337e+03
2.210451e-03 8.393904e+03
2.233379e-03 8.469018e+03
2.256545e-03 8.544679e+03
2.279952e-03 8.620887e+03
2.303601e-03 8.697646e+03
2.327496e-03 8.774955e+03
2.351638e-03 8.852815e+03
2.376031e-03 8.931228e+03
2.400677e-03 9.010194e+03
2.425578e-03 9.089715e+03
2.450738e-03 9.169790e+03
2.476159e-03 9.250421e+03
2.501843e-03 9.331609e+03
2.527794e-03 9.413352e+03
2.554014e-03 9.495654e+03
2.580506e-03 9.578512e+03
2.607273e-03 9.661928e+03
2.634317e-03 9.745902e+03
2.661642e-03 9.830434e+03
2.689251e-03 9.915524e+03
2.717146e-03 1.000117e+04
2.745330e-03 1.008738e+04
2.773806e-03 1.017414e+04
2.802578e-03 1.026146e+04
2.831648e-03 1.034934e+04
2.861020e-03 1.043777e+04
2.890697e-03 1.052675e+04
2.920681e-03 1.061630e+04
2.950976e-03 1.070639e+04
2.981586e-03 1.079704e+04
3.012513e-03 1.088824e+04
3.043761e-03 1.097999e+04
3.075333e-03 1.107228e+04
3.107233e-03 1.116513e+04
3.139463e-03 1.125852e+04
3.172028e-03 1.135245e+04
3.204930e-03 1.144693e+04
3.238174e-03 1.154194e+04
3.271762e-03 1.163750e+04
3.305699e-03 1.173359e+04
3.339989e-03 1.183021e+04
3.374633e-03 1.192736e+04
3.409637e-03 1.202504e+04
3.445004e-03 1.212325e+04
3.480738e-03 1.222198e+04
3.516843e-03 1.232122e+04
3.553322e-03 1.242098e+04
3.590180e-03 1.252126e+04
3.627420e-03 1.262204e+04
3.665046e-03 1.272333e+04
3.703062e-03 1.282512e+04
3.741473e-03 1.292740e+04
3.780282e-03 1.303018e+04
3.819494e-03 1.313344e+04
3.859112e-03 1.323719e+04
3.899142e-03 1.334142e+04
3.939586e-03 1.344612e+04
3.980450e-03 1.355128e+04
4.021738e-03 1.365691e+04
4.063455e-03 1.376300e+04
4.105604e-03 1.386954e+04
4.148190e-03 1.397652e+04
4.191218e-03 1.408394e+04
4.234692e-03 1.419180e+04
4.278617e-03 1.430008e+04
4.322998e-03 1.440878e+04
4.367839e-03 1.451789e+04
4.413146e-03 1.462741e+04
4.458922e-03 1.473732e+04
4.505173e-03 1.484762e+04
4.551904e-03 1.495831e+04
4.599119e-03 1.506937e+04
4.646824e-03 1.518078e+04
4.695025e-03 1.529253e+04
4.743725e-03 1.540464e+04
4.792930e-03 1.551710e+04
4.842645e-03 1.562990e+04
4.892877e-03 1.574302e+04
4.943629e-03 1.585643e+04
4.994908e-03 1.597014e+04
5.046719e-03 1.608413e+04
5.099067e-03 1.619841e+04
5.151958e-03 1.631299e+04
5.205397e-03 1.642783e+04
5.259391e-03 1.654291e+04
5.313946e-03 1.665822e+04
5.369066e-03 1.677376e+04
5.424757e-03 1.688950e+04
5.481027e-03 1.700545e+04
5.537880e-03 1.712157e+04
5.595322e-03 1.723788e+04
5.653361e-03 1.735435e+04
5.712002e-03 1.747088e+04
5.771250e-03 1.758739e+04
5.831114e-03 1.770400e+04
5.891598e-03 1.782087e+04
5.952710e-03 1.793793e+04
6.014456e-03 1.805505e+04
6.076842e-03 1.817217e+04
6.139875e-03 1.828929e+04
6.203562e-03 1.840644e+04
6.267910e-03 1.852366e+04
6.332925e-03 1.864092e+04
6.398615e-03 1.875815e+04
6.464985e-03 1.887528e+04
6.532045e-03 1.899227e+04
6.599800e-03 1.910918e+04
6.668258e-03 1.922604e+04
6.737425e-03 1.934284e+04
6.807311e-03 1.945954e+04
6.877921e-03 1.957610e+04
6.949263e-03 1.969248e+04
7.021346e-03 1.980868e+04
7.094176e-03 1.992459e+04
7.167762e-03 2.004015e+04
7.242111e-03 2.015557e+04
7.317231e-03 2.027087e+04
7.393131e-03 2.038590e+04
7.469818e-03 2.050062e+04
7.547300e-03 2.061504e+04
7.625586e-03 2.072893e+04
7.704683e-03 2.084228e+04
7.784602e-03 2.095527e+04
7.865349e-03 2.106792e+04
7.946934e-03 2.118011e+04
8.029365e-03 2.129161e+04
8.112651e-03 2.140262e+04
8.196802e-03 2.151342e+04
8.281824e-03 2.162404e+04
8.367729e-03 2.173386e+04
8.454525e-03 2.184264e+04
8.542222e-03 2.195084e+04
8.630827e-03 2.205839e+04
8.720352e-03 2.216525e+04
8.810806e-03 2.227143e+04
8.902198e-03 2.237629e+04
8.994538e-03 2.248037e+04
9.087835e-03 2.258422e+04
9.182101e-03 2.268726e+04
9.277344e-03 2.278967e+04
9.373575e-03 2.289124e+04
9.470804e-03 2.299128e+04
9.569042e-03 2.308973e+04
9.668299e-03 2.318854e+04
9.768585e-03 2.328578e+04
9.869912e-03 2.338111e+04
9.972289e-03 2.347649e+04
1.007573e-02 2.357026e+04
1.018024e-02 2.366275e+04
1.028584e-02 2.375490e+04
1.039253e-02 2.384538e+04
1.050033e-02 2.393365e+04
1.060925e-02 2.402150e+04
1.071929e-02 2.410814e+04
1.083048e-02 2.419395e+04
1.094282e-02 2.427678e+04
1.105633e-02 2.435918e+04
1.117101e-02 2.444023e+04
1.128689e-02 2.451892e+04
1.140396e-02 2.459667e+04
1.152225e-02 2.467275e+04
1.164177e-02 2.474714e+04
1.176252e-02 2.481960e+04
1.188453e-02 2.489053e+04
1.200781e-02 2.496083e+04
1.213236e-02 2.502806e+04
1.225821e-02 2.509388e+04
1.238536e-02 2.515700e+04
1.251383e-02 2.521834e+04
1.264363e-02 2.527967e+04
1.277478e-02 2.533626e+04
1.290729e-02 2.539245e+04
1.304117e-02 2.544756e+04
1.317644e-02 2.549956e+04
1.331312e-02 2.554918e+04
1.345121e-02 2.559683e+04
1.359074e-02 2.564128e+04
1.373171e-02 2.568454e+04
1.387414e-02 2.572570e+04
1.401806e-02 2.576414e+04
1.416346e-02 2.579908e+04
1.431037e-02 2.583386e+04
1.445881e-02 2.586396e+04
1.460879e-02 2.589385e+04
1.476032e-02 2.591951e+04
1.491342e-02 2.594291e+04
1.506812e-02 2.596395e+04
1.522441e-02 2.598284e+04
1.538233e-02 2.599771e+04
1.554189e-02 2.601182e+04
1.570310e-02 2.602076e+04
1.586598e-02 2.602854e+04
1.603056e-02 2.603280e+04
1.619684e-02 2.603468e+04
1.636484e-02 2.603396e+04
1.653459e-02 2.602943e+04
1.670610e-02 2.602267e+04
1.687939e-02 2.601250e+04
1.705447e-02 2.599979e+04
1.723137e-02 2.598343e+04
1.741011e-02 2.596463e+04
1.759070e-02 2.594302e+04
1.777316e-02 2.591706e+04
1.795751e-02 2.588863e+04
1.814378e-02 2.585700e+04
1.833198e-02 2.582247e+04
1.852214e-02 2.578353e+04
1.871426e-02 2.574281e+04
1.890838e-02 2.569802e+04
1.910451e-02 2.565027e+04
1.930267e-02 2.559873e+04
1.950289e-02 2.554416e+04
1.970519e-02 2.548739e+04
1.990959e-02 2.542591e+04
2.011610e-02 2.536144e+04
2.032476e-02 2.529318e+04
2.053558e-02 2.522226e+04
2.074859e-02 2.514842e+04
2.096381e-02 2.506997e+04
2.118126e-02 2.498886e+04
2.140097e-02 2.490484e+04
2.162296e-02 2.481680e+04
2.184725e-02 2.472598e+04
2.207386e-02 2.463133e+04
2.230283e-02 2.453356e+04
2.253417e-02 2.443271e+04
2.276791e-02 2.432848e+04
2.300407e-02 2.422143e+04
2.324269e-02 2.411124e+04
2.348378e-02 2.399706e+04
2.372737e-02 2.388019e+04
2.397348e-02 2.376041e+04
2.422215e-02 2.363748e+04
2.447340e-02 2.351178e+04
2.472726e-02 2.338293e+04
2.498374e-02 2.325100e+04
2.524289e-02 2.311629e+04
2.550473e-02 2.297892e+04
2.576928e-02 2.283905e+04
2.603658e-02 2.269624e+04
2.630665e-02 2.255061e+04
2.657952e-02 2.240288e+04
2.685522e-02 2.225229e+04
2.713378e-02 2.209952e+04
2.741523e-02 2.194445e+04
2.769960e-02 2.178715e+04
2.798692e-02 2.162764e+04
2.827722e-02 2.146629e+04
2.857053e-02 2.130298e+04
2.886689e-02 2.113775e+04
2.916632e-02 2.097059e+04
2.946885e-02 2.080196e+04
2.977452e-02 2.063205e+04
3.008336e-02 2.046022e+04
3.039541e-02 2.028721e+04
3.071069e-02 2.011323e+04
3.102924e-02 1.993796e+04
3.135110e-02 1.976162e+04
3.167630e-02 1.958478e+04
3.200486e-02 1.940668e+04
3.233684e-02 1.922833e+04
3.267226e-02 1.904952e+04
3.301116e-02 1.887026e+04
3.335358e-02 1.869069e+04
3.369954e-02 1.851118e+04
3.404910e-02 1.833162e+04
3.440228e-02 1.815230e+04
3.475912e-02 1.797323e+04
3.511967e-02 1.779452e+04
3.548396e-02 1.761649e+04
3.585202e-02 1.743909e+04
3.622390e-02 1.726248e+04
3.659964e-02 1.708687e+04
3.697928e-02 1.691228e+04
3.736285e-02 1.673889e+04
3.775041e-02 1.656690e+04
3.814198e-02 1.639640e+04
3.853762e-02 1.622723e+04
3.893736e-02 1.606004e+04
3.934124e-02 1.589425e+04
3.974932e-02 1.573070e+04
4.016162e-02 1.556907e+04
4.057821e-02 1.540935e+04
4.099911e-02 1.525205e+04
4.142438e-02 1.509700e+04
4.185407e-02 1.494412e+04
4.228821e-02 1.479393e+04
4.272685e-02 1.464621e+04
4.317004e-02 1.450106e+04
4.361783e-02 1.435866e+04
4.407027e-02 1.421893e+04
4.452740e-02 1.408191e+04
4.498926e-02 1.394785e+04
4.545592e-02 1.381644e+04
4.592743e-02 1.368803e+04
4.640382e-02 1.356248e+04
4.688515e-02 1.343976e+04
4.737147e-02 1.332000e+04
4.786284e-02 1.320302e+04
4.835931e-02 1.308912e+04
4.886093e-02 1.297782e+04
4.936775e-02 1.286955e+04
4.987982e-02 1.276392e+04
5.039721e-02 1.266089e+04
5.091997e-02 1.256009e+04
5.144815e-02 1.246248e+04
5.198180e-02 1.236682e+04
5.252099e-02 1.227353e+04
5.306578e-02 1.218291e+04
5.361621e-02 1.209386e+04
5.417236e-02 1.200633e+04
5.473427e-02 1.192173e+04
5.530201e-02 1.183837e+04
5.587565e-02 1.175618e+04
5.645523e-02 1.167547e+04
5.704082e-02 1.159586e+04
5.763249e-02 1.151717e+04
5.823029e-02 1.143919e+04
5.883430e-02 1.136167e+04
5.944457e-02 1.128447e+04
6.006117e-02 1.120740e+04
6.068416e-02 1.113014e+04
6.131362e-02 1.105245e+04
6.194961e-02 1.097427e+04
6.259220e-02 1.089542e+04
6.324145e-02 1.081550e+04
6.389743e-02 1.073414e+04
6.456022e-02 1.065118e+04
6.522988e-02 1.056649e+04
6.590649e-02 1.047992e+04
6.659012e-02 1.039130e+04
6.728084e-02 1.030046e+04
6.797872e-02 1.020720e+04
6.868385e-02 1.011133e+04
6.939628e-02 1.001266e+04
7.011611e-02 9.911127e+03
7.084340e-02 9.806678e+03
7.157824e-02 9.699259e+03
7.232070e-02 9.588802e+03
7.307086e-02 9.475236e+03
7.382880e-02 9.358494e+03
7.459461e-02 9.238635e+03
7.536835e-02 9.115808e+03
7.615013e-02 8.990165e+03
7.694001e-02 8.861858e+03
7.773809e-02 8.731042e+03
7.854444e-02 8.597872e+03
7.935916e-02 8.462513e+03
8.018233e-02 8.325208e+03
8.101403e-02 8.186258e+03
8.185437e-02 8.045962e+03
8.270342e-02 7.904635e+03
8.356128e-02 7.762633e+03
8.442803e-02 7.620317e+03
8.530378e-02 7.478051e+03
8.618861e-02 7.336206e+03
8.708262e-02 7.195163e+03
8.798590e-02 7.055302e+03
8.889855e-02 6.917005e+03
8.982067e-02 6.780660e+03
9.075235e-02 6.646655e+03
9.169370e-02 6.515372e+03
9.264481e-02 6.387150e+03
9.360579e-02 6.262307e+03
9.457673e-02 6.141160e+03
9.555775e-02 6.023978e+03
9.654894e-02 5.910984e+03
9.755041e-02 5.802397e+03
9.856227e-02 5.698396e+03
9.958463e-02 5.599090e+03
1.006176e-01 5.504583e+03
1.016613e-01 5.414938e+03
1.027158e-01 5.330140e+03
1.037812e-01 5.250160e+03
1.048577e-01 5.174932e+03
1.059454e-01 5.104307e+03
1.070443e-01 5.038124e+03
1.081546e-01 4.976173e+03
1.092765e-01 4.918157e+03
1.104100e-01 4.863774e+03
1.115552e-01 4.812686e+03
1.127124e-01 4.764522e+03
1.138815e-01 4.718902e+03
1.150628e-01 4.675367e+03
1.162563e-01 4.633414e+03
1.174622e-01 4.592544e+03
1.186806e-01 4.552269e+03
1.199116e-01 4.512108e+03
1.211554e-01 4.471569e+03
1.224121e-01 4.430148e+03
1.236818e-01 4.387359e+03
1.249648e-01 4.342804e+03
1.262610e-01 4.296115e+03
1.275707e-01 4.246956e+03
1.288939e-01 4.195023e+03
1.302309e-01 4.140053e+03
1.315817e-01 4.081926e+03
1.329466e-01 4.020574e+03
1.343256e-01 3.956072e+03
1.357189e-01 3.888604e+03
1.371267e-01 3.818379e+03
1.385491e-01 3.745643e+03
1.399862e-01 3.670692e+03
1.414382e-01 3.593945e+03
1.429053e-01 3.515865e+03
1.443876e-01 3.437005e+03
1.458853e-01 3.357946e+03
1.473986e-01 3.279222e+03
1.489275e-01 3.201348e+03
1.504723e-01 3.124873e+03
1.520331e-01 3.050368e+03
1.536101e-01 2.978334e+03
1.552034e-01 2.909216e+03
1.568133e-01 2.843376e+03
1.584399e-01 2.781104e+03
1.600833e-01 2.722619e+03
1.617438e-01 2.668077e+03
1.634215e-01 2.617519e+03
1.651166e-01 2.570907e+03
1.668293e-01 2.528112e+03
1.685598e-01 2.488945e+03
1.703082e-01 2.453109e+03
1.720748e-01 2.420242e+03
1.738597e-01 2.389890e+03
1.756631e-01 2.361560e+03
1.774852e-01 2.334719e+03
1.793262e-01 2.308917e+03
1.811863e-01 2.283755e+03
1.830657e-01 2.258617e+03
1.849645e-01 2.232840e+03
1.868831e-01 2.205894e+03
1.888216e-01 2.177349e+03
1.907802e-01 2.146881e+03
1.927591e-01 2.114275e+03
1.947585e-01 2.079427e+03
1.967787e-01 2.042385e+03
1.988198e-01 2.003262e+03
2.008821e-01 1.962263e+03
2.029658e-01 1.919792e+03
2.050711e-01 1.876327e+03
2.071983e-01 1.832366e+03
2.093475e-01 1.788343e+03
2.115190e-01 1.744747e+03
2.137130e-01 1.702095e+03
2.159298e-01 1.660794e+03
2.181695e-01 1.621239e+03
2.204326e-01 1.583756e+03
2.227190e-01 1.548503e+03
2.250292e-01 1.515673e+03
2.273634e-01 1.485345e+03
2.297218e-01 1.457426e+03
2.321046e-01 1.431824e+03
2.345122e-01 1.408314e+03
2.369447e-01 1.386571e+03
2.394024e-01 1.366227e+03
2.418857e-01 1.346822e+03
2.443947e-01 1.327909e+03
2.469297e-01 1.309071e+03
2.494910e-01 1.289911e+03
2.520789e-01 1.270083e+03
2.546937e-01 1.249401e+03
2.573355e-01 1.227652e+03
2.600048e-01 1.204811e+03
2.627018e-01 1.180955e+03
2.654267e-01 1.156144e+03
2.681799e-01 1.130672e+03
2.709616e-01 1.104800e+03
2.737722e-01 1.078864e+03
2.766120e-01 1.053248e+03
2.794812e-01 1.028287e+03
2.823802e-01 1.004318e+03
2.853092e-01 9.815848e+02
2.882686e-01 9.601955e+02
2.912588e-01 9.402492e+02
2.942799e-01 9.216805e+02
2.973324e-01 9.043556e+02
3.004165e-01 8.880635e+02
3.035327e-01 8.726144e+02
3.066811e-01 8.577514e+02
3.098622e-01 8.432200e+02
3.130763e-01 8.287367e+02
3.163238e-01 8.140985e+02
3.196049e-01 7.991508e+02
3.229201e-01 7.837368e+02
3.262696e-01 7.678618e+02
3.296539e-01 7.516615e+02
3.330733e-01 7.352496e+02
3.365282e-01 7.187707e+02
3.400189e-01 7.024726e+02
3.435458e-01 6.865222e+02
3.471093e-01 6.710395e+02
3.507098e-01 6.561832e+02
3.543476e-01 6.420490e+02
3.580231e-01 6.286687e+02
3.617368e-01 6.159894e+02
3.654890e-01 6.039324e+02
3.692801e-01 5.923200e+02
3.731105e-01 5.810046e+02
3.769807e-01 5.698400e+02
3.808910e-01 5.587190e+02
3.848418e-01 5.475733e+02
3.888337e-01 5.363653e+02
3.928669e-01 5.251004e+02
3.969420e-01 5.137863e+02
4.010594e-01 5.025166e+02
4.052195e-01 4.913800e+02
4.094227e-01 4.804860e+02
4.136695e-01 4.699036e+02
4.179604e-01 4.596778e+02
4.222958e-01 4.498166e+02
4.266761e-01 4.403083e+02
4.311019e-01 4.311213e+02
4.355736e-01 4.222310e+02
4.400916e-01 4.135761e+02
4.446566e-01 4.050687e+02
4.492689e-01 3.966521e+02
4.539290e-01 3.882876e+02
4.586375e-01 3.799733e+02
4.633948e-01 3.717282e+02
4.682014e-01 3.635753e+02
4.730579e-01 3.555432e+02
4.779648e-01 3.476734e+02
4.829226e-01 3.400154e+02
4.879318e-01 3.326006e+02
4.929930e-01 3.254260e+02
4.981067e-01 3.184558e+02
5.032734e-01 3.116518e+02
5.084937e-01 3.049877e+02
5.137681e-01 2.984531e+02
5.190973e-01 2.919909e+02
5.244817e-01 2.856125e+02
5.299220e-01 2.793195e+02
5.354188e-01 2.731299e+02
5.409725e-01 2.670821e+02
5.465838e-01 2.611724e+02
5.522534e-01 2.553997e+02
5.579817e-01 2.497716e+02
5.637695e-01 2.442850e+02
5.696173e-01 2.389314e+02
5.755258e-01 2.336843e+02
5.814956e-01 2.285310e+02
5.875272e-01 2.234770e+02
5.936215e-01 2.185188e+02
5.997789e-01 2.136466e+02
6.060003e-01 2.088649e+02
6.122861e-01 2.041903e+02
6.186372e-01 1.996308e+02
6.250541e-01 1.951743e+02
6.315376e-01 1.908092e+02
6.380884e-01 1.865476e+02
6.447071e-01 1.823804e+02
6.513944e-01 1.782917e+02
6.581511e-01 1.742807e+02
6.649779e-01 1.703562e+02
6.718756e-01 1.665159e+02
6.788447e-01 1.627522e+02
6.858862e-01 1.590711e+02
6.930007e-01 1.554784e+02
7.001889e-01 1.519637e+02
7.074518e-01 1.485201e+02
7.147900e-01 1.451541e+02
7.222043e-01 1.418617e+02
7.296955e-01 1.386332e+02
7.372644e-01 1.354743e+02
7.449118e-01 1.323885e+02
7.526386e-01 1.293693e+02
7.604455e-01 1.264152e+02
7.683333e-01 1.235248e+02
7.763030e-01 1.206971e+02
7.843554e-01 1.179308e+02
7.924913e-01 1.152249e+02
8.007115e-01 1.125781e+02
8.090171e-01 1.099893e+02
8.174088e-01 1.074572e+02
8.258875e-01 1.049809e+02
8.344542e-01 1.025591e+02
8.431097e-01 1.001909e+02
8.518551e-01 9.787514e+01
8.606911e-01 9.561072e+01
8.696188e-01 9.339656e+01
8.786391e-01 9.123158e+01
8.877529e-01 8.911469e+01
8.969613e-01 8.704481e+01
9.062652e-01 8.502084e+01
9.156657e-01 8.304175e+01
9.251636e-01 8.110664e+01
9.347600e-01 7.921468e+01
9.444560e-01 7.736504e+01
9.542526e-01 7.555689e+01
9.641507e-01 7.378938e+01
9.741516e-01 7.206170e+01
9.842562e-01 7.037299e+01
9.944656e-01 6.872243e+01
1.004781e+00 6.710919e+01
1.015203e+00 6.553243e+01
1.025734e+00 6.399131e+01
1.036373e+00 6.248500e+01
1.047123e+00 6.101268e+01
1.057985e+00 5.957349e+01
1.068959e+00 5.816664e+01
1.080047e+00 5.679144e+01
1.091250e+00 5.544732e+01
1.102569e+00 5.413370e+01
1.114006e+00 5.285000e+01
1.125561e+00 5.159565e+01
1.137236e+00 5.037006e+01
1.149032e+00 4.917265e+01
1.160951e+00 4.800285e+01
1.172993e+00 4.686008e+01
1.185160e+00 4.574375e+01
1.197453e+00 4.465330e+01
1.209874e+00 4.358813e+01
1.222424e+00 4.254768e+01
1.235104e+00 4.153135e+01
1.247915e+00 4.053858e+01
1.260859e+00 3.956879e+01
1.273938e+00 3.862139e+01
1.287152e+00 3.769581e+01
1.300503e+00 3.679146e+01
1.313993e+00 3.590778e+01
1.327623e+00 3.504430e+01
1.341394e+00 3.420065e+01
1.355307e+00 3.337647e+01
1.369366e+00 3.257138e+01
1.383570e+00 3.178503e+01
1.397921e+00 3.101704e+01
1.412421e+00 3.026706e+01
1.427072e+00 2.953471e+01
1.441874e+00 2.881962e+01
1.456831e+00 2.812144e+01
1.471942e+00 2.743980e+01
1.487210e+00 2.677433e+01
1.502636e+00 2.612466e+01
1.518223e+00 2.549043e+01
1.533971e+00 2.487127e+01
1.549882e+00 2.426682e+01
1.565959e+00 2.367671e+01
1.582202e+00 2.310057e+01
1.598614e+00 2.253805e+01
1.615195e+00 2.198876e+01
1.631949e+00 2.145235e+01
1.648877e+00 2.092846e+01
1.665980e+00 2.041676e+01
1.683261e+00 1.991705e+01
1.700721e+00 1.942908e+01
1.718362e+00 1.895264e+01
1.736186e+00 1.848750e+01
1.754195e+00 1.803344e+01
1.772391e+00 1.759023e+01
1.790775e+00 1.715765e+01
1.809351e+00 1.673548e+01
1.828118e+00 1.632348e+01
1.847081e+00 1.592144e+01
1.866240e+00 1.552913e+01
1.885598e+00 1.514632e+01
1.905157e+00 1.477279e+01
1.924918e+00 1.440833e+01
1.944885e+00 1.405269e+01
1.965059e+00 1.370566e+01
1.985442e+00 1.336702e+01
2.006036e+00 1.303653e+01
2.026844e+00 1.271398e+01
2.047868e+00 1.239914e+01
2.069110e+00 1.209178e+01
2.090572e+00 1.179171e+01
2.112257e+00 1.149876e+01
2.134167e+00 1.121282e+01
2.156304e+00 1.093374e+01
2.178671e+00 1.066140e+01
2.201269e+00 1.039565e+01
2.224102e+00 1.013636e+01
2.247172e+00 9.883395e+00
2.270482e+00 9.636627e+00
2.294033e+00 9.395918e+00
2.317828e+00 9.161133e+00
2.341870e+00 8.932139e+00
2.366162e+00 8.708801e+00
2.390705e+00 8.490984e+00
2.415503e+00 8.278555e+00
2.440558e+00 8.071379e+00
2.465874e+00 7.869321e+00
2.491451e+00 7.672248e+00
2.517294e+00 7.480024e+00
2.543406e+00 7.292516e+00
2.569787e+00 7.109590e+00
2.596443e+00 6.931110e+00
2.623375e+00 6.756947e+00
2.650587e+00 6.587000e+00
2.678080e+00 6.421187e+00
2.705859e+00 6.259424e+00
2.733926e+00 6.101626e+00
2.762285e+00 5.947711e+00
2.790937e+00 5.797594e+00
2.819887e+00 5.651192e+00
2.849136e+00 5.508422e+00
2.878690e+00 5.369198e+00
2.908549e+00 5.233439e+00
2.938719e+00 5.101059e+00
2.969201e+00 4.971976e+00
3.000000e+00 4.846106e+00
